Interaction name: 5unh

Affinity: 9.460000038146973
Predicted class: 1
Predicted probability: 0.8739360570907593
Sum of phi edges: 0.7284825526550416

Interaction statistics:

Number of total edges connecting protein pseudo-atoms: 11
Number of total edges connecting ligand pseudo-atoms: 135
Number of total edges connecting protein and ligand pseudo-atoms: 69

Pertinent positive set edge index: tensor([[45, 46, 16, 19,  9,  9, 14, 47, 13, 57, 20, 58, 38, 14, 15, 24, 23, 58,
         49, 44, 14, 58, 14,  3, 14, 51, 20, 59, 55, 58, 51, 28, 47, 55, 46, 45,
         39, 30, 58, 28,  8, 24, 47, 13, 11, 49, 12, 58, 47, 58, 55, 18, 51, 11,
          9, 42, 10, 26, 16, 18, 49, 51,  4, 44, 20, 39, 45, 49, 58, 52, 11,  4,
         55, 12, 27, 55, 42, 21, 38, 54, 45, 19, 16, 26, 33, 47, 44, 15, 54, 44,
         28, 27, 39, 18, 19, 12, 15, 36, 11],
        [21,  8, 57, 48, 41, 43, 25, 11, 53, 32, 52, 31,  2, 45, 56, 13, 52, 11,
         59, 24, 56, 29, 55, 39, 44, 18, 58, 42, 29, 26, 30, 49, 24, 16, 10, 12,
          3, 56, 38, 46, 50, 12, 22, 24, 54, 10, 24, 15, 28, 22, 15, 49, 20, 23,
         42,  9, 46, 45, 15, 55, 28, 19, 19, 26, 27,  0, 26, 19, 20, 23,  0, 39,
         18, 45, 54, 14, 59, 25,  5, 27, 14, 10, 55, 44, 11, 20, 14, 55, 11, 12,
         55, 52,  4, 30, 49, 44, 16, 20, 47]], device='cuda:0')

FID- using pertinent positive set: 0.24389207363128662

Number of pertinent positive edges connecting protein pseudo-atoms: 3 (27.3%)
% w.r.t. total number of pertinent positive edges: 4.1%)
Number of pertinent positive edges connecting ligand pseudo-atoms: 13 (9.6%)
% w.r.t. total number of pertinent positive edges: 17.6%)
Number of pertinent positive edges connecting protein and ligand pseudo-atoms: 58 (84.1%)
% w.r.t. total number of pertinent positive edges: 78.4%)

Minimal top k set edge index: tensor([[45, 46, 16, 19,  9,  9, 14, 47, 13, 57, 20, 58, 38, 14, 15, 24, 23, 58,
         49, 44, 14, 58, 14,  3, 14, 51, 20, 59, 55, 58, 51, 28, 47, 55, 46, 45,
         39, 30, 58, 28,  8, 24, 47, 13, 11, 49, 12, 58, 47, 58, 55, 18, 51, 11,
          9, 42, 10, 26, 16, 18, 49, 51,  4, 44, 20, 39, 45, 49, 58, 52, 11,  4,
         55, 12, 27, 55, 42, 21, 38, 54, 45, 19, 16, 26, 33, 47, 44, 15, 54, 44,
         28, 27, 39, 18, 19, 12, 15, 36, 11,  8, 56, 59, 24, 20,  2, 50, 43, 51,
         37, 29, 20,  0, 56, 25, 55, 19, 49, 53, 37, 37, 11, 30, 23, 24,  2, 54,
         56, 16, 10, 52, 14, 40, 16, 18, 29, 47, 30, 14, 15, 15, 17, 27, 32, 26,
         23],
        [21,  8, 57, 48, 41, 43, 25, 11, 53, 32, 52, 31,  2, 45, 56, 13, 52, 11,
         59, 24, 56, 29, 55, 39, 44, 18, 58, 42, 29, 26, 30, 49, 24, 16, 10, 12,
          3, 56, 38, 46, 50, 12, 22, 24, 54, 10, 24, 15, 28, 22, 15, 49, 20, 23,
         42,  9, 46, 45, 15, 55, 28, 19, 19, 26, 27,  0, 26, 19, 20, 23,  0, 39,
         18, 45, 54, 14, 59, 25,  5, 27, 14, 10, 55, 44, 11, 20, 14, 55, 11, 12,
         55, 52,  4, 30, 49, 44, 16, 20, 47, 59, 15,  8, 47, 47, 35, 43, 50, 23,
         16, 16, 51, 39, 14, 21, 28, 51, 18, 13, 30,  2, 58, 34, 51, 44, 38, 25,
         46, 29, 19, 27, 47, 58, 37, 51, 55, 14, 29,  3, 58, 30,  1, 20, 57, 58,
         11]], device='cuda:0')

FID+ using minimal top-k set: 0.3839833736419678

Number of minimal top-k edges connecting protein pseudo-atoms: 6 (54.5%)
% w.r.t. total number of minimal top-k edges: 6.7%)
Number of minimal top-k edges connecting ligand pseudo-atoms: 21 (15.6%)
% w.r.t. total number of minimal top-k edges: 23.6%)
Number of minimal top-k edges connecting protein and ligand pseudo-atoms: 62 (89.9%)
% w.r.t. total number of minimal top-k edges: 69.7%)

Trustworthiness of the explanation: 0.5093151266074412

Number of relevant edges connecting protein pseudo-atoms: 4 (36.4%)
% w.r.t. total number of relevant edges: 5.3%)
Number of relevant edges connecting ligand pseudo-atoms: 12 (8.9%)
% w.r.t. total number of relevant edges: 16.0%)
Number of relevant edges connecting protein and ligand pseudo-atoms: 59 (85.5%)
% w.r.t. total number of relevant edges: 78.7%)

Shapley values for edges: 

(0,5): 0.00022486887872219085
(0,6): 0.00010582149028778077
(0,7): 0.0003161748498678207
(0,11): -0.001953325495123863
(0,38): -0.00034277908504009246
(0,39): 0.002701742872595787
(0,40): -0.00421226903796196
(1,2): 0.0007169347628951072
(1,16): 0.00011525966227054596
(1,17): 0.0003429718315601349
(1,30): -0.0038627997785806657
(2,1): -0.0004521334171295166
(2,29): -0.0019085680693387986
(2,35): 0.0031439319252967836
(2,37): -0.004641094282269478
(2,38): 0.002155359163880348
(3,10): -0.0005934427678585052
(3,14): -0.002186532989144325
(3,15): -7.499948143959046e-05
(3,18): 0.00013106845319271087
(3,21): -0.004582668170332909
(3,39): 0.008551892787218095
(4,8): -0.0023189708590507507
(4,15): -0.0039975356683135035
(4,18): 0.0009394656121730805
(4,19): 0.0052380838990211485
(4,28): 0.0011356303840875626
(4,29): -0.0015607707947492598
(4,37): -0.0006123415380716324
(4,39): 0.004843585379421711
(5,0): -0.0001540302112698555
(5,6): 0.0010516345500946045
(5,7): -5.1463544368743894e-05
(5,11): 2.839498221874237e-05
(5,12): -0.0001898282766342163
(5,25): -0.008410772196948529
(5,38): -0.0037719861418008802
(5,39): -0.0001080361008644104
(5,40): -0.015882201083004473
(6,0): -0.0001252361387014389
(6,5): 0.00020310334861278534
(6,7): 6.343118846416473e-05
(6,11): -0.0016129887849092484
(6,38): -8.735202252864838e-05
(6,39): 1.600787043571472e-05
(6,40): -0.0008664712309837342
(7,0): -0.00037211403250694277
(7,5): -0.00011904008686542512
(7,6): -0.00014573000371456146
(7,11): 0.00011984877288341522
(7,12): -0.00043846994638442995
(7,20): 0.00014173850417137146
(7,24): -0.00016444571316242217
(7,25): -0.0038503090292215346
(8,4): -0.0008737810701131821
(8,9): 5.436103790998459e-05
(8,19): -0.0009419533610343933
(8,46): 0.00013502776622772216
(8,50): 0.006878990679979324
(8,59): 0.0034159218519926073
(9,8): 0.00026034504175186156
(9,19): 8.783169090747833e-05
(9,41): 0.01734963245689869
(9,42): 0.005814323201775551
(9,43): 0.017314966134727
(10,3): -0.00037459172308444976
(10,14): -9.091265499591828e-05
(10,19): 0.0019600052013993264
(10,20): 1.0758936405181884e-05
(10,21): -0.00020926520228385924
(10,23): 0.0003287003189325333
(10,24): -8.656583726406097e-05
(10,33): 0.00013170316815376283
(10,46): 0.005626770555973053
(10,49): 0.0009271295368671417
(11,0): 0.004981128424406052
(11,5): -1.8664747476577758e-05
(11,6): 0.001144607737660408
(11,7): -0.0001113022118806839
(11,12): 0.0001189684122800827
(11,13): -6.467267870903015e-05
(11,20): 3.396801650524139e-05
(11,23): 0.005884268432855606
(11,24): 5.007907748222351e-06
(11,25): 1.0795146226882934e-06
(11,26): 0.0004897701740264892
(11,27): 7.767081260681152e-06
(11,33): -0.0015298549085855484
(11,36): 0.0004901992157101631
(11,47): 0.003435837998986244
(11,54): 0.00667883113026619
(11,58): 0.0023086059093475344
(12,5): -0.00016600484028458595
(12,7): -0.00336711585521698
(12,11): -1.627594232559204e-05
(12,13): -0.00022794090211391448
(12,24): 0.006427737772464752
(12,25): 9.614843875169755e-05
(12,26): -0.0005341377854347229
(12,27): -4.6109408140182495e-06
(12,36): 0.00018424764275550842
(12,44): 0.003501054123044014
(12,45): 0.0046661562472581864
(13,11): -4.602663218975067e-05
(13,12): 2.7081742882728576e-05
(13,24): 0.0068619479984045025
(13,25): 2.799473702907562e-05
(13,26): -0.0002739996463060379
(13,27): 4.981786012649536e-05
(13,36): -0.00038472533226013183
(13,53): 0.014810381233692169
(14,3): 0.0014280010387301444
(14,10): -0.00023957900702953339
(14,20): -6.917424499988556e-05
(14,21): -0.0005249189212918282
(14,23): -1.968473196029663e-05
(14,24): -2.0153596997261046e-05
(14,25): 0.0154876858741045
(14,33): 0.00016297206282615663
(14,44): 0.008375987336039543
(14,45): 0.011716925501823426
(14,47): 0.0018294402956962586
(14,55): 0.00885889433324337
(14,56): 0.009123861491680145
(15,3): 0.00035633303225040435
(15,4): -0.0010132222622632981
(15,16): 0.00348778922110796
(15,18): -0.0008859694749116897
(15,28): -0.0006566181778907776
(15,29): 0.00018886722624301912
(15,30): 0.0013262481987476348
(15,37): 9.932354092597961e-05
(15,55): 0.0037554646283388137
(15,56): 0.011186870280653238
(15,58): 0.0013600348681211472
(16,1): -0.0009295547753572464
(16,15): 0.005564520731568336
(16,17): -0.0004285687580704689
(16,22): 0.00014724031090736388
(16,29): 0.0019654595106840134
(16,30): -0.0006613675504922867
(16,31): -0.0010549066215753556
(16,32): -0.0005819684267044067
(16,34): 8.374452590942383e-06
(16,37): 0.0016672684997320174
(16,55): 0.004249915629625321
(16,57): 0.024568654485046863
(17,1): 0.0013149195909500121
(17,16): 2.1700263023376464e-05
(17,22): 7.663719356060028e-05
(17,30): 0.00018586866557598113
(17,31): -0.00036555945873260496
(17,32): 1.363225281238556e-05
(17,34): -0.0006854663416743279
(18,3): -0.00010512247681617736
(18,4): -0.00021175578236579896
(18,15): 0.00017672143876552583
(18,28): -0.0004879920929670334
(18,29): -0.00010359100997447968
(18,30): 0.00354578323662281
(18,37): 0.0006558283418416976
(18,49): 0.005984078422188759
(18,51): 0.0015998491644859314
(18,55): 0.005438380762934685
(19,4): -0.00012466222047805787
(19,8): -0.00010866336524486541
(19,9): -0.000374252088367939
(19,10): 0.004261860847473145
(19,48): 0.019543868973851204
(19,49): 0.003507755026221275
(19,51): 0.002390776425600052
(20,7): -0.0004257921874523163
(20,10): -0.0001245279610157013
(20,11): 0.0003164248913526535
(20,14): -5.101695656776428e-05
(20,21): -0.00011332973837852478
(20,23): -8.412756025791168e-05
(20,24): 6.997302174568177e-05
(20,25): 0.00010110564529895783
(20,27): 0.005173478871583938
(20,33): 0.00029064945876598356
(20,36): -0.0010997368395328521
(20,47): 0.0031647710502147675
(20,51): 0.0028740058839321135
(20,52): 0.014409179091453552
(20,58): 0.008171661570668221
(21,3): -0.0022534764558076858
(21,10): -6.271883845329284e-05
(21,14): 8.11643898487091e-06
(21,20): 2.1039396524429322e-05
(21,23): -0.00013038791716098785
(21,24): 0.0002260318398475647
(21,25): 0.004351518973708153
(21,33): -0.00021262511610984803
(21,45): -0.00019676093012094498
(22,16): -6.070576608181e-05
(22,17): -0.0006066648289561272
(22,30): 0.00020701691508293152
(22,31): 0.00014947913587093353
(22,32): -0.0008750270307064056
(22,34): 0.0010115601122379302
(22,47): 0.0008434218168258667
(22,58): -0.0009714438021183014
(23,10): 0.0007133857905864716
(23,11): 0.0011585745587944984
(23,14): -4.172325134277344e-09
(23,20): 9.319610893726349e-05
(23,21): -0.0001180153340101242
(23,24): -3.84494662284851e-06
(23,25): -1.5950128436088562e-05
(23,27): 0.0007705782353878021
(23,36): 0.0008468658477067948
(23,51): 0.0022554013133049013
(23,52): 0.010629054978489877
(24,7): -0.0010345079004764556
(24,10): 5.0679072737693785e-05
(24,11): -0.000139421746134758
(24,12): 0.006874048188328743
(24,13): 0.010800315737724305
(24,14): 2.568848431110382e-05
(24,20): -5.936324596405029e-06
(24,21): 0.00027618929743766785
(24,23): -2.5177896022796632e-05
(24,25): 0.0002598340809345245
(24,27): -8.892409503459931e-05
(24,33): -0.00010229811072349548
(24,36): -0.0004580634832382202
(24,44): 0.002177782356739044
(24,47): 0.0032988736033439637
(25,5): -0.004909086711704731
(25,7): -0.0006748244911432266
(25,11): 0.0001105661690235138
(25,12): -0.00015367813408374788
(25,13): -0.00039710499346256255
(25,14): -0.0011388538032770157
(25,20): -7.455796003341675e-06
(25,21): 0.002468377724289894
(25,23): -0.00020221345126628876
(25,24): -4.531592130661011e-06
(25,26): 0.0005446305871009827
(25,27): 3.378733992576599e-05
(25,33): 0.00041322976350784303
(25,36): -0.0008601874858140946
(25,54): 0.0010914473980665207
(26,11): -0.00017714716494083405
(26,12): -0.0002838900685310364
(26,13): -0.00011754736304283142
(26,25): -1.6692206263542174e-05
(26,27): -7.804818451404572e-05
(26,36): 1.0994970798492432e-05
(26,44): 0.004219182655215263
(26,45): 0.0056005710363388065
(26,58): 0.0012178516760468483
(27,11): -2.250075340270996e-08
(27,12): 6.8645179271698e-06
(27,13): -8.480586111545562e-06
(27,20): 0.0012903299927711487
(27,23): 0.0002477449178695679
(27,24): 9.274713695049286e-05
(27,25): -3.8042142987251284e-05
(27,26): 0.0003429695963859558
(27,33): 0.00011726416647434235
(27,52): 0.0035861001536250116
(27,54): 0.0045859417691826825
(28,4): -4.9350783228874207e-05
(28,15): -5.3713321685791014e-05
(28,18): -0.0011890999972820281
(28,29): 0.00041683964431285856
(28,37): -0.0016821270436048507
(28,46): 0.006915352120995521
(28,47): 0.00010451994836330414
(28,49): 0.0075358949601650235
(28,55): 0.0036500699445605276
(29,2): -0.0019396235421299934
(29,4): -0.0001299787312746048
(29,15): 0.00030894435942173
(29,16): 0.0028909435868263245
(29,18): -4.291258752346039e-05
(29,28): -0.0001421206444501877
(29,30): -0.0003827456384897232
(29,55): 0.0015798621624708176
(29,58): 0.0010976612567901612
(30,1): -0.0011704319715499878
(30,15): -1.8794462084770204e-05
(30,16): 3.677204251289368e-05
(30,17): -0.0010230077803134918
(30,18): 0.0002729756385087967
(30,22): -0.0003067922592163086
(30,29): 0.0014314335584640504
(30,31): -0.00016945362091064453
(30,32): -0.0009819693863391877
(30,34): 0.002274184674024582
(30,37): -0.0004917566478252411
(30,51): 0.0011528295278549195
(30,56): 0.007134455293416977
(31,16): -8.07502493262291e-05
(31,17): -0.0006596444547176361
(31,22): 0.00010207787156105041
(31,30): -3.5490840673446655e-05
(31,32): 0.00042340904474258423
(31,34): -0.0012750057876110077
(31,58): -0.001405801847577095
(32,16): 2.8068795800209045e-05
(32,17): 0.00018340416252613068
(32,22): -0.00014864161610603333
(32,30): 1.2215673923492431e-05
(32,31): -1.683652400970459e-05
(32,57): 0.0012375253438949585
(33,10): 0.00034051626920700073
(33,11): 0.004217856451869011
(33,14): -4.533678293228149e-06
(33,20): -0.00034168869256973267
(33,21): 0.0006497656553983689
(33,24): 0.00015936918556690215
(33,25): -6.921336054801941e-05
(33,27): 0.00038807809352874755
(33,36): -2.880007028579712e-05
(34,16): -4.316482692956924e-05
(34,17): 0.0004658500850200653
(34,22): 0.00040136586874723435
(34,30): -7.136896252632141e-05
(34,31): 0.000655103325843811
(35,2): -0.0021456560492515565
(36,11): -0.0004879143834114075
(36,12): -7.33444094657898e-05
(36,13): 7.251203060150146e-05
(36,20): 0.003436685875058174
(36,23): 1.1794492602348327e-05
(36,24): -0.0002536126971244812
(36,25): -7.981099188327789e-05
(36,26): 0.0005704569816589356
(36,33): 0.0002021384984254837
(37,2): 0.0023171605914831164
(37,4): 0.0009274481981992722
(37,15): -3.781862556934357e-05
(37,16): 0.0028989101946353913
(37,18): -0.0005079200863838196
(37,28): -0.00016194894909858702
(37,30): 0.002323315292596817
(38,0): 5.972482264041901e-05
(38,2): 0.011805357709527016
(38,5): 0.004346103444695473
(38,6): -0.0007655948400497436
(38,40): 0.0004442337527871132
(38,58): -0.0028811217844486236
(39,0): 0.005159581750631332
(39,3): 0.007138240858912468
(39,4): 0.0035636931285262107
(39,5): -0.0007764456793665885
(39,6): -0.006396018788218498
(39,52): -0.007059444487094879
(40,0): -0.003649803027510643
(40,5): -0.009019432067871093
(40,6): -0.0011000735312700271
(40,38): 6.23360276222229e-06
(40,58): 0.001814984828233719
(41,9): 5.858935415744781e-05
(42,9): 0.005789260976016521
(42,49): -0.0005887714028358459
(42,59): 0.004352406039834023
(43,9): -0.0016366927325725555
(43,50): 0.00301579125225544
(44,12): 0.0036658691614866257
(44,14): 0.0037746334820985793
(44,24): 0.010081072822213172
(44,26): 0.005222438126802445
(45,12): 0.00715169258415699
(45,14): 0.0042652469128370285
(45,21): 0.03656393937766552
(45,26): 0.005147303491830826
(46,8): 0.0260383265838027
(46,10): 0.007170759588479996
(46,28): -0.0006159517541527748
(46,56): 0.00011489689350128174
(47,11): 0.0152460702881217
(47,14): 0.0015445160120725631
(47,20): 0.003918010145425797
(47,22): 0.006867104321718216
(47,24): 0.007195821851491928
(47,28): 0.00608686663210392
(47,48): -0.0007037806510925293
(48,19): -0.0034465046599507334
(48,47): 0.00013783730566501617
(49,10): 0.006512544378638268
(49,18): 0.0023770160228013992
(49,19): 0.005121052116155624
(49,28): 0.005430406555533409
(49,42): 0.0003797628358006477
(49,59): 0.010352409258484841
(50,8): 0.0007619466632604599
(50,43): 0.0031035925447940827
(51,18): 0.008238621652126313
(51,19): 0.005403832793235779
(51,20): 0.005922245718538761
(51,23): 0.0030039262026548387
(51,30): 0.007649671733379364
(51,54): -0.000721157044172287
(52,20): 0.00020254403352737427
(52,23): 0.005052900016307831
(52,27): 0.0019013001024723052
(52,39): -0.0018209151923656464
(53,13): 0.002324947044253349
(54,11): 0.0037532306462526323
(54,25): 0.0021162449941039083
(54,27): 0.004284229539334774
(54,51): 2.2257119417190553e-05
(55,14): 0.004551931694149971
(55,15): 0.006003348156809807
(55,16): 0.007186412662267685
(55,18): 0.004778179302811623
(55,28): 0.002414436563849449
(55,29): 0.007955793663859368
(56,14): 0.0026365138590335848
(56,15): 0.0034043367207050325
(56,30): 0.0004679301381111145
(56,46): 0.0020261166989803316
(57,16): -0.004437544047832489
(57,32): 0.014728416129946709
(58,11): 0.010392019972205162
(58,15): 0.006131302565336227
(58,20): 0.005111918374896049
(58,22): 0.0060238616913557055
(58,26): 0.007797893136739731
(58,29): 0.008882957994937896
(58,31): 0.012254988700151443
(58,38): 0.007036231011152267
(58,40): -0.001330166831612587
(59,8): 0.003322474956512451
(59,42): 0.007975598350167274
(59,49): 0.0004669279605150223
