Explaining class 0 for compound: CC(C)C(=O)NC1CCc2ccc(CCN3CCN(c4nsc5ccccc45)CC3)cc21
Shapley values for edges:
(0,1): 0.0007292798235324365
(1,0): -0.0036932974352439814
(1,2): -0.009997433173145527
(1,3): 0.017858873699632953
(2,1): 0.001828741630402894
(3,1): -0.03190898296631778
(3,4): 0.09703616173410332
(3,5): 0.01470086474317692
(4,3): -0.02532392501095778
(5,3): 0.012899217703453843
(5,6): -0.04255871800175665
(6,5): 0.13523867832109424
(6,7): 0.008551095912734414
(6,31): -0.02386821570757266
(7,6): 0.044163755697934626
(7,8): 0.007046983969361023
(8,7): -0.000637061302612207
(8,9): 0.007311566219299873
(9,8): 0.005659109020276717
(9,10): 0.0018034956625794085
(9,31): -0.0010108861967199055
(10,9): -0.0177977526272296
(10,11): -0.0029805852503569
(11,10): 0.0012586732026144084
(11,12): -0.012011999930109372
(12,11): -0.00011497659809528926
(12,13): 0.02264871424852893
(12,30): 0.016236928412691247
(13,12): 0.01399566890041626
(13,14): 0.04654388185182446
(14,13): 0.03796842463036089
(14,15): 0.03344861022640633
(15,14): 0.07065266957128996
(15,16): 0.08871504101444223
(15,29): 0.17784498584909536
(16,15): 0.10634412041723523
(16,17): 0.028823766878418935
(17,16): 0.011814508481044482
(17,18): -0.00153979352780585
(18,17): 0.10631675282056731
(18,19): -0.0004814261395823584
(18,28): 0.04654500607824689
(19,18): -0.02447998663065428
(19,20): 0.017899370775349782
(19,27): -0.01392615995183393
(20,19): -0.04894277553315419
(20,21): 0.033092836599265096
(21,20): 0.01675291242258378
(21,22): -0.02061472617650492
(22,21): 0.024339999518230866
(22,23): -0.006155258546412345
(22,27): 0.000784758227631307
(23,22): 0.0026328571454098154
(23,24): -0.0008345805628355836
(24,23): -0.001536591879948676
(24,25): 0.0026898004202211105
(25,24): -0.0008857805996578588
(25,26): 8.14289513757395e-05
(26,25): -0.002706501449739954
(26,27): -0.0039239253526054995
(27,19): 0.0005863573030983134
(27,22): 0.0063603196207373406
(27,26): -0.00420511550436083
(28,18): -0.02129154725817891
(28,29): -0.0023799604491208416
(29,15): 0.05931648267691965
(29,28): 0.014105841660482987
(30,12): -0.019502770459408167
(30,31): -0.019657208972038574
(31,6): 0.005433081762697184
(31,9): 0.022040229536608547
(31,30): 0.01051362920297164

Sum of Shapley values: 1.0156475393503883

Minimal top k set edge index:
[[15, 6, 16, 18, 3, 15], [29, 5, 15, 17, 4, 16]]

FID+: 0.9106949716806412

Pertinent positive set edge index:
[[15, 6, 16, 18, 3, 15, 15, 29], [29, 5, 15, 17, 4, 16, 14, 15]]

FID-: 0.00011742115020751953

