Test set index: 78

Target Class: 0

Target compound: TARGET

Sum of Shapley Values: 1.0287458666749512

Shapley values:
0.025924087276576892
-0.015345280540597422
0.007529180935213751
-0.0012053286677239504
0.03009875725415739
-0.0011115126789236734
-0.01589978464917617
0.02205741860719369
-0.016999095354222005
0.014936141605910258
0.04193599148668382
0.003900231964322749
0.003484982694154973
0.003822359458314541
0.0007697280445986484
0.0025529056673444573
0.0018055548916163658
0.03414620931442908
0.016637741578237185
-0.010687907915913519
0.028121839820909895
-0.00979427381636811
0.039478058115153085
0.019142454722216068
0.0366105255252927
0.051146873545461144
0.35747698626141916
-0.0009537230550640096
-0.12186284273736676
0.3099139149576088
-0.06288626087529071
0.05275133025589577
0.05828169779635151
0.029439064123086216
-0.0261360882582388
0.01599445790225878
-0.01615059428555385
-0.0045725904087651715
-0.013559635251612493
0.024983004930550723
0.04402249732407612
0.021793857899677763
0.0372239103130973
-0.0627834039115839
-0.011995558820199039
0.006481636137205251
0.009086055696320927
-0.001574233352352831
0.002570788862390542
-0.003948360338230908
0.00043284998249174434
-0.002953809989846084
0.0002354098761835745
2.8750077000795694e-05
-0.0012919691405733672
-0.004900112926774085
0.0004839380700937129
0.014430800042341436
-0.004798402032815406
0.0014552683878998865
0.01041477711247864
-0.003785842811949972
0.004139742191602892
0.011295667866808997
-0.008018793373196486
0.004775420778946635
-0.007401982370255945
0.0006890088111050782
-0.004679674177465936
-0.0006899668771685485
0.03900185742727079
0.02322915970023084
