Sum of Shapley Values: 0.9932740400259942

0.0183948052383699
-0.0060184195120848724
0.008898619978197134
-0.0024827324461915595
0.050529603776744786
-0.008655411369309427
-0.003200769722375745
0.023765333059689038
-0.015507070896114004
0.005521557114606602
0.05133159308410533
0.004133738072902573
0.0030641971575897224
0.0027159329062067623
0.002717861670014036
0.006530070619864813
0.0015835251513513704
0.038041901665095586
0.0097197453437864
-0.018381481685371178
0.034355906249668014
0.0013396505411127388
0.06132615418727199
0.03318959756195134
0.0850965933152339
0.04775103048472374
0.2908922937605206
-0.011402353354199339
-0.04434871100130219
0.2073876161378491
-0.047590763019659664
0.06421539534856559
0.0382383837699236
0.0023002667804406652
-0.036958037044899424
0.01799927244145437
0.002049260259685083
0.0011920472237525461
-0.02129137143554928
0.0010757668142921818
0.024445635843530066
0.00911831302942445
0.027453008851814672
-0.042739437176140316
-0.011642780678360932
0.00475938506994949
0.004143845771586008
-0.0017621802920549576
0.0029443746431218644
-0.006549426150070448
0.00046897377180712805
-0.0018931435242746614
-0.0003954834782247775
0.00023677534469123345
-0.00302151437158798
0.01002213567168013
0.0017688528753474757
-0.0004967010506908903
-0.011752692114598826
-0.0010310573124057939
0.03232193556915514
-0.0008765340047558528
0.007387648268138984
0.0035090003828239552
-0.015349701439145833
0.0070239154889752695
-0.010900797726560756
-0.004290740402423768
0.0024490918385232895
-0.0013290607575780428
0.034175151255028145
0.03555664860135762
