Interaction name: 5t35

Affinity: 7.179999828338623
Predicted class: 1
Predicted probability: 0.9651848673820496
Sum of phi edges: 0.8087806006427855

Interaction statistics:

Number of total edges connecting protein pseudo-atoms: 14
Number of total edges connecting ligand pseudo-atoms: 149
Number of total edges connecting protein and ligand pseudo-atoms: 129

Pertinent positive set edge index: tensor([[62, 72, 78, 65, 66, 59, 36, 58, 31, 41, 21, 34, 72, 81, 76, 80, 81, 27,
         29, 32, 16, 44, 81, 62, 79, 58, 78, 31, 45, 16, 67, 23, 61, 79, 63, 16,
         17, 36, 25, 71, 80, 66, 59, 59, 71, 79, 69, 80, 65, 24, 72, 45, 80, 29,
         17, 19, 47, 69, 56, 24, 27, 17, 27, 80, 60, 26, 50, 25, 47, 24, 17, 65,
         27, 62, 27, 22, 70, 34, 66, 72, 34, 26, 80, 34, 37, 27, 34, 56, 72, 29,
         80, 44, 24,  7, 29, 27,  8, 57, 48, 33, 75, 22, 34, 27, 74, 48, 27, 65,
         35, 51, 16, 27, 80, 59, 29, 71, 72, 72, 44, 30,  0, 44],
        [23, 43, 46, 23, 42, 42, 77, 39, 68, 61, 75, 74, 45, 51, 47, 43, 55,  3,
         81, 69, 60, 61, 21, 21, 36, 44, 36, 69, 82, 57, 26, 64, 41, 45, 29, 58,
         18, 76, 37, 31, 25, 28, 20, 40, 35, 26, 47, 20, 29, 63, 44, 75, 34, 63,
         56, 57, 76, 31, 29, 67, 70, 60, 79, 32, 40,  7, 62, 63, 69, 71, 59, 20,
         37, 29, 73, 70, 31, 78, 38, 33, 79, 28, 37, 45, 25, 67, 32, 18, 30, 56,
         19, 62, 73, 28, 62, 62, 51, 60, 27, 73, 46, 81, 66, 38, 35, 25, 22, 24,
         74,  2, 56, 78, 33, 39,  8, 33, 32, 16, 13, 67, 16, 72]],
       device='cuda:0')

FID- using pertinent positive set: 0.434481680393219

Number of pertinent positive edges connecting protein pseudo-atoms: 4 (28.6%)
% w.r.t. total number of pertinent positive edges: 3.6%)
Number of pertinent positive edges connecting ligand pseudo-atoms: 15 (10.1%)
% w.r.t. total number of pertinent positive edges: 13.5%)
Number of pertinent positive edges connecting protein and ligand pseudo-atoms: 92 (71.3%)
% w.r.t. total number of pertinent positive edges: 82.9%)

Minimal top k set edge index: tensor([[62, 72, 78, 65, 66, 59, 36, 58, 31, 41, 21, 34, 72, 81, 76, 80, 81, 27,
         29, 32, 16, 44, 81, 62, 79, 58, 78, 31, 45, 16, 67, 23, 61, 79, 63, 16,
         17, 36, 25, 71, 80, 66, 59, 59, 71, 79, 69, 80, 65, 24, 72, 45, 80, 29,
         17, 19, 47, 69, 56, 24, 27, 17, 27, 80, 60, 26, 50, 25, 47, 24, 17, 65,
         27, 62, 27, 22, 70, 34, 66, 72, 34, 26, 80, 34, 37, 27, 34, 56, 72, 29,
         80, 44, 24,  7, 29, 27,  8, 57, 48, 33, 75, 22, 34, 27, 74, 48, 27, 65,
         35, 51, 16, 27, 80, 59, 29, 71, 72, 72, 44, 30,  0, 44, 39, 22, 44, 72,
         27, 63,  6, 81, 21, 20, 42, 17, 38, 34, 19, 67, 34, 33, 78, 67, 63,  4,
         66, 18, 36, 21, 33, 65, 72, 71, 32, 46, 27, 71, 70, 62, 34, 58, 17, 16,
         34, 66, 65,  3, 17, 81, 80, 32, 72, 29, 51, 28,  7,  9, 22, 70, 45,  5,
          2, 44, 22,  6, 36, 60, 28, 37, 59, 24, 27, 17, 30,  5, 34, 30, 73, 24,
         15, 14, 27, 67, 27,  1, 36, 32, 81, 11, 27,  6, 18, 64, 70,  0, 66, 14,
         29, 81, 21, 55, 57, 62, 72,  4, 66, 45, 34, 71, 57,  8, 30, 78, 12, 51,
         24, 30,  8, 65,  3, 58, 57, 14, 20, 65, 13,  6, 50, 31, 15,  3, 38, 69,
         26, 45, 29, 50,  2, 42, 56, 24, 27, 35, 12, 77, 79, 75, 33, 10,  5, 70,
         28, 43, 38,  8, 77, 48,  9, 16, 52, 40, 47, 37, 18, 25,  5, 38, 48, 39,
         49, 36,  7, 13, 31,  7, 46, 41, 31, 22,  5, 46, 20, 82, 14, 45, 30, 38,
         25, 71,  1, 39, 56, 16, 71, 45, 14,  3, 37,  8, 22, 26, 14, 35, 41, 33,
          7, 43, 37, 46, 48, 49, 40, 40, 51, 23, 38, 46, 41, 42,  3,  1,  1, 17,
         40,  9, 43, 10, 36, 74, 35, 30, 64, 37, 60, 24,  5,  7, 12, 28, 33, 26,
         35, 22, 49, 20, 48,  4, 82, 21, 41, 23, 45, 41, 14, 36, 32,  6, 61, 73,
         32, 33, 40, 24, 42, 53, 46, 22, 46, 47, 45, 32, 43, 29, 47, 54, 38, 15,
         49, 21, 39, 34, 27, 41, 11, 43, 42, 28],
        [23, 43, 46, 23, 42, 42, 77, 39, 68, 61, 75, 74, 45, 51, 47, 43, 55,  3,
         81, 69, 60, 61, 21, 21, 36, 44, 36, 69, 82, 57, 26, 64, 41, 45, 29, 58,
         18, 76, 37, 31, 25, 28, 20, 40, 35, 26, 47, 20, 29, 63, 44, 75, 34, 63,
         56, 57, 76, 31, 29, 67, 70, 60, 79, 32, 40,  7, 62, 63, 69, 71, 59, 20,
         37, 29, 73, 70, 31, 78, 38, 33, 79, 28, 37, 45, 25, 67, 32, 18, 30, 56,
         19, 62, 73, 28, 62, 62, 51, 60, 27, 73, 46, 81, 66, 38, 35, 25, 22, 24,
         74,  2, 56, 78, 33, 39,  8, 33, 32, 16, 13, 67, 16, 72, 59, 67, 58, 24,
         81, 25, 25, 44, 81, 59, 59, 57, 28, 80, 63, 30, 71, 80, 21, 27, 19, 24,
         72, 56, 78, 78, 71, 22, 27, 34, 70, 75, 72, 30, 36, 44, 65, 16, 58, 17,
         38, 33, 34, 20, 16, 29, 24, 71, 22,  6, 80, 38,  6, 30, 23, 27,  9, 25,
         51, 81, 65, 26, 70, 57, 26, 80, 17, 80, 65, 40, 65, 26, 73, 72, 33, 26,
          8, 24, 25, 22, 29, 51, 79, 31, 22, 31,  5, 28, 49, 23, 22, 17, 30,  5,
         65, 27, 62, 80, 19, 27, 66,  5, 34, 48, 81, 32, 17, 30, 71, 27, 43,  3,
         65, 66,  7, 33, 51, 17, 16,  4, 21, 30, 19,  7,  3, 71,  7, 22, 46, 32,
         79, 37, 27,  7, 19, 49, 16, 72, 14, 48, 49, 36, 27, 45, 66, 11,  4, 75,
          6, 40, 66, 15, 73, 46, 35,  0,  7, 42, 48, 46, 40,  6,  6, 35, 35, 49,
         42, 48, 29, 44, 11, 52, 37, 42, 32, 21, 14, 38, 14, 71, 22, 34, 10,  9,
         80, 24, 43, 18, 17, 18, 37, 38, 21, 14, 38,  9, 27, 24, 20,  9, 40, 32,
         15, 41, 36, 45, 45, 18, 43, 39,  8, 21, 45, 47, 12, 43,  1, 12,  3, 39,
         49, 38, 18, 53, 37, 72, 47, 15, 63, 45, 61,  5, 24, 27, 54, 27, 34, 27,
         34,  3, 39, 22, 36, 14, 45, 22, 39, 22, 46, 18,  3, 47, 80, 27, 60, 34,
         33, 72, 18, 14, 39, 10, 36, 14, 35, 38, 47, 72, 42,  7, 46, 12, 37, 29,
         12, 14, 16, 33,  7, 43, 10, 39, 18,  8]], device='cuda:0')

FID+ using minimal top-k set: 0.5078080594539642

Number of minimal top-k edges connecting protein pseudo-atoms: 8 (57.1%)
% w.r.t. total number of minimal top-k edges: 4.0%)
Number of minimal top-k edges connecting ligand pseudo-atoms: 76 (51.0%)
% w.r.t. total number of minimal top-k edges: 37.6%)
Number of minimal top-k edges connecting protein and ligand pseudo-atoms: 118 (91.5%)
% w.r.t. total number of minimal top-k edges: 58.4%)

Trustworthiness of the explanation: 0.5351117163755713

Number of relevant edges connecting protein pseudo-atoms: 4 (28.6%)
% w.r.t. total number of relevant edges: 3.1%)
Number of relevant edges connecting ligand pseudo-atoms: 17 (11.4%)
% w.r.t. total number of relevant edges: 13.4%)
Number of relevant edges connecting protein and ligand pseudo-atoms: 106 (82.2%)
% w.r.t. total number of relevant edges: 83.5%)

Shapley values for edges: 

(0,16): 0.003543700948357582
(0,17): 0.0010714419931173325
(0,39): -0.000790155753493309
(1,3): 2.9714778065681458e-05
(1,12): 3.1970292329788205e-05
(1,43): 0.00016879670321941375
(1,44): -0.0009725060686469078
(1,50): -0.0011747154220938683
(1,51): 0.001247703731060028
(2,19): 0.0005359820276498794
(2,44): -0.0004912828654050827
(2,51): 0.0018539075180888176
(3,1): 4.404749721288681e-05
(3,12): -0.002598881870508194
(3,14): 0.00012671710923314094
(3,20): 0.002120833918452263
(3,22): 0.0006164561212062835
(3,27): -0.002197338417172432
(3,50): -0.003496333882212639
(3,51): 0.0007790074869990349
(4,5): 0.0010136423259973525
(4,14): -1.4297962188720703e-05
(4,21): -0.0009169197082519532
(4,24): 0.0027498505637049676
(5,4): 0.0004575204849243164
(5,6): 0.000312453955411911
(5,14): 0.00022237103432416915
(5,21): -0.000831989049911499
(5,24): 5.610287189483643e-08
(5,25): 0.0018691865354776383
(5,26): 0.0014264794811606407
(5,27): -0.0005230189859867096
(5,51): -0.0006937257945537567
(6,5): -0.00020716413855552672
(6,7): 0.0006751728802919388
(6,25): 0.0032588204741477965
(6,26): 0.0017034664750099182
(6,27): -4.259832203388214e-05
(6,28): 0.001164058819413185
(6,29): -0.0033834726363420487
(7,6): 0.0019408899545669555
(7,8): -0.0031831537932157515
(7,15): 8.120276033878327e-05
(7,26): -0.006168201081454754
(7,27): 5.736947059631348e-09
(7,28): 0.004327907674014569
(7,29): 0.0002765171229839325
(7,50): -0.0014499131217598916
(7,52): 0.0002553153783082962
(8,7): 0.0008510188758373261
(8,9): 0.00011786524206399917
(8,15): 0.00041786141693592074
(8,28): -0.002390388697385788
(8,29): -0.001502056196331978
(8,30): 0.0009336989372968673
(8,51): 0.004297056123614311
(9,8): -0.0005801673978567123
(9,10): -0.0022707581520080566
(9,30): 0.0019300975650548935
(9,35): 0.0003686215821653604
(9,38): 2.3026466369628906e-05
(9,45): -0.004497669748961926
(9,53): -0.00472056083381176
(10,9): -0.00034049734473228454
(10,11): 0.0004628581926226616
(10,30): -0.0023290085047483443
(10,31): -0.0015514419600367547
(10,53): 1.165740191936493e-05
(11,10): -0.000120333731174469
(11,31): 0.0011774863675236703
(11,53): -0.000278991311788559
(12,1): -0.00019133713096380233
(12,3): -0.0015615618601441384
(12,41): -0.0003707382082939148
(12,42): -0.0009453112632036209
(12,43): 0.0009122464433312416
(12,44): -0.00034610357135534287
(12,49): 0.000505416989326477
(12,54): 3.874301910400391e-09
(13,19): 0.0006759617477655411
(13,44): 0.0002617954462766647
(14,3): -3.1549707055091856e-05
(14,4): 0.0007238835096359253
(14,5): 0.0010483231395483016
(14,20): 0.00010030098259449005
(14,21): 0.00012992728501558303
(14,22): 0.00020334728062152864
(14,23): -0.0006562187522649765
(14,24): 0.0013613650947809218
(14,25): -0.00022220782935619354
(14,26): -0.0008777382597327233
(14,27): -0.0012157467752695083
(15,7): 0.0006307050585746765
(15,8): 0.00136370450258255
(15,28): -0.00015162989497184752
(15,29): -8.45620036125183e-05
(15,30): -0.0014777903258800507
(16,0): 0.00035967666655778885
(16,17): 0.00225522443652153
(16,18): 0.0001547422632575035
(16,39): -0.0003438034653663635
(16,56): 0.003706129267811775
(16,57): 0.008158890530467033
(16,58): 0.007757495418190956
(16,60): 0.008589673079550266
(16,72): -0.0005208836495876313
(17,0): -0.0002923642098903656
(17,16): 0.0021146673709154127
(17,18): 0.0076137719675898555
(17,39): 2.5024861097335817e-05
(17,40): 0.0015145734697580336
(17,56): 0.006299238298088312
(17,57): 0.0032168079912662504
(17,58): 0.0022684106230735778
(17,59): 0.0052795235440135
(17,60): 0.005805500000715256
(18,16): -0.000748429000377655
(18,17): -0.001230452060699463
(18,39): -0.00031602203845977785
(18,40): 0.0003241311013698578
(18,41): -0.0005452174693346024
(18,42): -0.00039521373808383943
(18,43): -0.0008956151455640792
(18,49): 0.001145019717514515
(18,56): 0.002676725760102272
(19,2): -0.0015947236865758896
(19,13): -0.0034482543915510177
(19,44): -0.0007750997692346573
(19,57): 0.006203332021832466
(19,63): 0.0030942278541624545
(19,80): -0.0009294366091489792
(20,3): -0.0007313236594200135
(20,14): 0.00021622661501169204
(20,21): 0.000706934705376625
(20,22): -1.0361894965171814e-05
(20,23): -0.0019940438121557238
(20,59): 0.003234755955636501
(20,65): -0.004733183495700359
(20,80): -0.001616617888212204
(21,4): -0.0015201103687286378
(21,5): -0.0008692687749862671
(21,14): -9.238608181476593e-05
(21,20): -0.001009865701198578
(21,22): -1.6737878322601318e-05
(21,23): -0.00038133446127176286
(21,62): 0.0010291383415460586
(21,75): 0.009908118918538093
(21,78): 0.00267490454018116
(21,81): 0.0032410124316811562
(22,3): -5.762875080108643e-06
(22,14): -6.0706399381160736e-05
(22,20): -0.0023579023033380507
(22,21): 0.00022541467100381852
(22,23): 0.001902342364192009
(22,27): 0.00011031590402126313
(22,65): 0.0017453624680638313
(22,67): 0.003533044531941414
(22,70): 0.005030012167990208
(22,72): -0.0009315048158168793
(22,81): 0.004204004220664501
(23,14): -0.0023949309810996056
(23,20): -0.0002474235743284225
(23,21): 5.255118012428284e-05
(23,22): -1.967877149581909e-05
(23,62): -0.0027317828685045242
(23,64): 0.008072441220283508
(23,65): -0.0041779598966240885
(24,4): -0.0011286258324980736
(24,5): 1.6781687736511231e-06
(24,14): -5.400169640779495e-05
(24,25): -0.0012306149303913116
(24,26): 0.0013741694018244743
(24,63): 0.006626913584768772
(24,65): 0.00089212317019701
(24,67): 0.00600468285381794
(24,71): 0.005299782268702984
(24,72): 0.000519738681614399
(24,73): 0.00433766670525074
(24,80): 0.0015530820935964584
(25,5): -0.0017800740897655487
(25,6): 0.0003133387863636017
(25,14): -0.0006024151295423507
(25,24): -0.00044056035578250887
(25,26): -0.002017443887889385
(25,27): -0.0004300087690353394
(25,37): 0.007542776651680469
(25,48): -0.0011041467264294625
(25,63): 0.005373083874583244
(25,80): 0.0001868700608611107
(26,5): -0.00014818187803030013
(26,6): -0.00044405415654182436
(26,7): 0.005545112267136574
(26,14): -0.0004758857935667038
(26,24): 0.0001005735993385315
(26,25): -0.0015757462382316588
(26,27): -9.685754776000977e-10
(26,28): 0.004687304571270943
(26,67): -0.0028631067276000976
(26,79): 0.0005859217792749405
(27,3): 0.008835044987499714
(27,5): 0.0011705627292394637
(27,6): -0.0026613457500934603
(27,7): -0.00011056862771511078
(27,14): 0.0005145316570997238
(27,22): 0.004037643820047379
(27,25): 0.001332915760576725
(27,26): -0.0003613835573196411
(27,28): -0.0010735183954238892
(27,29): 0.001275952160358429
(27,37): 0.005219004601240158
(27,38): 0.004104436933994293
(27,48): -0.0002239074930548668
(27,62): 0.004298793226480484
(27,65): 0.0015458032861351966
(27,67): 0.004615877941250801
(27,70): 0.005827795565128326
(27,72): 0.002491130977869034
(27,73): 0.005131255090236664
(27,78): 0.0036833381652832033
(27,79): 0.005768794901669026
(27,81): 0.003424818739295006
(28,6): 0.0004360087215900421
(28,7): -0.000772491954267025
(28,8): -0.00013318106532096862
(28,15): -0.0004069329425692558
(28,26): 0.0016541289910674095
(28,27): -5.21540641784668e-10
(28,29): -0.0011797222495079042
(28,38): 0.0019481218606233596
(28,66): -0.002751865014433861
(29,6): 0.0020305579900741577
(29,7): -7.467165589332581e-05
(29,8): 0.0036375387012958526
(29,15): -0.00039522409439086915
(29,27): 0.0005718077719211579
(29,28): -0.00156287781894207
(29,56): 0.004442332088947296
(29,62): 0.0043095056340098385
(29,63): 0.006320434957742691
(29,65): 0.00104492899030447
(29,81): 0.008806076720356942
(30,8): -0.00020373344421386718
(30,9): -0.0003055094927549362
(30,10): 0.00019528508186340333
(30,15): 4.172474145889282e-06
(30,65): 0.001450820229947567
(30,66): 0.0008755479380488395
(30,67): 0.0035521189868450167
(30,71): 0.000930333249270916
(30,72): 0.00140927292406559
(31,10): -0.001409776248037815
(31,11): 0.00025892801582813265
(31,32): 0.00023268662393093108
(31,68): 0.010659787878394127
(31,69): 0.008367894291877747
(31,70): -0.00021008666604757309
(31,71): 0.0006400465965270997
(32,31): 0.0012269270792603492
(32,33): -4.578303545713425e-05
(32,34): -0.00033816851675510406
(32,69): 0.008743771873414517
(32,70): 0.002561321556568146
(32,71): 0.0020477650314569473
(32,72): -7.08121806383133e-05
(32,80): -3.6353617906570436e-05
(33,32): 9.200550615787506e-05
(33,34): -7.450580596923829e-10
(33,65): -0.0013544674217700959
(33,66): 0.0004666777700185776
(33,71): 0.0026546481251716616
(33,72): -4.717417061328888e-05
(33,73): 0.004236670210957527
(33,80): 0.0029319511726498605
(34,32): 0.004585985094308853
(34,33): -0.00010801929980516433
(34,35): -0.0003188208118081093
(34,38): 0.002249479964375496
(34,45): 0.004681506901979446
(34,65): 0.002315189018845558
(34,66): 0.004134019799530506
(34,71): 0.002942008525133133
(34,73): 0.0014252331852912903
(34,74): 0.00960880436003208
(34,78): 0.00489912860095501
(34,79): 0.004716613069176674
(34,80): 0.00315216563642025
(34,81): 0.0009644316881895065
(35,9): 9.653113782405854e-05
(35,34): -3.3649057149887085e-06
(35,37): -0.00015078719705343245
(35,38): -0.0002728945389389992
(35,45): -0.00039810538291931155
(35,46): -0.00019170336425304414
(35,47): 5.528926849365235e-06
(35,48): 0.0005054733902215958
(35,71): -0.0014150925725698472
(35,74): 0.00392913494259119
(36,37): 1.050453633069992e-05
(36,46): -0.00026180975139141084
(36,47): -3.381766378879547e-05
(36,48): 0.0002770344913005829
(36,70): 0.0016960812360048295
(36,76): 0.007602947428822517
(36,77): 0.010763278789818287
(36,78): 0.0026750492304563524
(36,79): 0.0012357015907764435
(37,25): 0.004680861234664917
(37,27): -0.0009699737653136254
(37,35): -0.00024278197437524796
(37,36): 8.015453815460205e-05
(37,38): 0.0001204812154173851
(37,45): 2.1912343800067903e-06
(37,46): 0.00032490067183971405
(37,47): -0.000766422525048256
(37,71): -0.0011112039908766746
(37,80): 0.0016381564736366273
(38,9): 0.00019154876470565797
(38,27): -0.00025580227375030515
(38,28): 0.0032122603058815005
(38,34): -0.00040518954396247866
(38,35): 0.0002996382862329483
(38,37): -7.973022758960723e-05
(38,45): 5.162656307220459e-05
(38,46): 0.0006119401752948761
(38,47): -0.0001575019955635071
(38,48): -0.001357327178120613
(38,66): 0.00043055873364210127
(39,0): -0.0025892461463809012
(39,16): -0.00010734859853982925
(39,17): -0.0006199969351291657
(39,18): 0.0001650230959057808
(39,40): -0.0008922068774700164
(39,41): -0.0006148514524102211
(39,42): -0.00027877911925315856
(39,43): -0.0003577927127480507
(39,49): 0.00029114753007888797
(39,58): -0.000675220787525177
(39,59): 0.0035367649793624878
(40,17): -0.0009121447801589966
(40,18): -4.902169108390808e-05
(40,39): 6.517566740512848e-05
(40,41): -0.00028552569448947907
(40,42): 0.0003298089653253555
(40,43): 6.61536306142807e-05
(40,49): 2.423100173473358e-05
(40,59): -0.0006231196969747544
(40,60): -0.00039134591817855833
(41,12): 4.7825686633586886e-05
(41,18): -2.635367214679718e-05
(41,39): -1.801665872335434e-05
(41,40): 9.353341534733773e-05
(41,42): 0.00024111561477184297
(41,43): -0.00011679235845804214
(41,61): 0.010025822520256043
(42,12): -0.005117075741291046
(42,18): -0.00012932665646076203
(42,39): -5.785450339317322e-05
(42,40): -0.0004237013310194016
(42,41): -0.00026973895728588104
(42,43): 4.4437013566493986e-05
(42,49): 0.000520155131816864
(42,59): 0.0032177549973130227
(42,66): -0.0029035765677690507
(43,1): -0.0032688073068857194
(43,12): -0.00015007570385932922
(43,18): 1.3806484639644623e-05
(43,39): -0.0001228737086057663
(43,40): 0.00043322019279003145
(43,41): 8.065663278102874e-05
(43,42): -7.244940847158433e-05
(43,49): -0.0004493089020252228
(43,72): -0.0037439340353012085
(43,80): -0.0044720833376049995
(44,1): -0.0003386150300502777
(44,2): -0.0010593399405479432
(44,12): -0.0006424486637115479
(44,13): 0.00357138454914093
(44,19): -0.0008345033228397369
(44,58): 0.0034673384577035902
(44,61): 0.008496314492076636
(44,62): 0.004342100918293
(44,72): 0.0035397788509726525
(44,81): 0.0018447628617286682
(45,9): 0.0018791453540325164
(45,34): 0.0002010645344853401
(45,35): -0.00018619582056999206
(45,37): 0.0005764950439333915
(45,38): 0.00013935301452875138
(45,46): -2.508789300918579e-05
(45,47): -6.652772426605225e-05
(45,48): 0.0009778870642185211
(45,72): -0.0034797093272209167
(45,75): 0.006355212777853012
(45,79): -0.000987793654203415
(45,82): 0.00830862794071436
(46,35): -6.422989070415497e-05
(46,36): -5.8206692337989806e-05
(46,37): 0.0002487892657518387
(46,38): 0.00022143542766571046
(46,45): 7.66586884856224e-05
(46,47): 4.8733577132225036e-05
(46,48): -0.0003424027562141418
(46,75): 0.0025251566618680952
(46,78): -0.0002901832014322281
(47,35): -0.0009406831115484238
(47,36): -0.0002528968080878258
(47,37): -0.0002879982441663742
(47,38): -6.492927670478821e-05
(47,45): -0.0008506035804748535
(47,46): -7.584478706121445e-05
(47,48): 0.00032544944435358047
(47,69): 0.005350858569145202
(47,76): 0.0061607898026704785
(48,25): 0.004045656770467758
(48,27): 0.004252427518367768
(48,35): 0.000295095257461071
(48,36): -1.3473108410835266e-05
(48,38): -0.0006003641709685326
(48,45): 7.496405392885208e-05
(48,46): 0.000408904105424881
(48,47): -0.0004196760058403015
(49,12): -9.002730250358582e-05
(49,18): 7.073894143104553e-05
(49,39): -9.95095819234848e-06
(49,40): -0.00026699781417846677
(49,42): 0.0002814481407403946
(49,43): -0.00015865206718444823
(50,1): -0.0003440245985984802
(50,3): 0.0006403202563524246
(50,7): 0.0005652408301830291
(50,62): 0.005378738865256309
(51,1): -0.00156883392482996
(51,2): 0.0037446656823158266
(51,3): 0.0008968055993318558
(51,5): -0.00043318800628185274
(51,8): 6.481330841779708e-05
(51,80): 0.0019625891745090485
(51,81): -0.0022023414447903634
(52,7): 0.00034360043704509733
(53,9): -0.005398900955915451
(53,10): -5.8027133345603946e-05
(53,11): -0.0009471022337675095
(54,12): -7.913142442703247e-05
(54,80): -0.00059135302901268
(55,80): 0.0010279453545808791
(55,81): -0.0011968666315078735
(56,16): 0.0005199361965060234
(56,17): 0.00015903905034065247
(56,18): 0.004522852785885334
(56,29): 0.006045968048274517
(57,16): 0.0007285084575414658
(57,17): 0.0009433592110872269
(57,19): 0.0010215108841657638
(57,60): 0.004284169375896454
(58,16): 0.002277166694402695
(58,17): 0.0007626397162675858
(58,39): 0.010673309452831745
(58,44): 0.008417770117521286
(59,17): 0.0016046981513500214
(59,20): 0.007161189466714859
(59,39): 0.0036619464308023453
(59,40): 0.0070983005687594415
(59,42): 0.011757429502904416
(60,16): -0.003212237432599068
(60,17): -0.0007547612488269806
(60,40): 0.005581124313175678
(60,57): 0.0016847870498895646
(60,61): 1.755058765411377e-06
(61,41): 0.008068805374205113
(61,44): -0.0036827295273542406
(61,60): -4.443280398845673e-05
(62,21): 0.008446706905961037
(62,23): 0.013885873556137084
(62,27): 0.0010194247961044312
(62,29): 0.005163877755403518
(62,44): 0.0023458931595087052
(62,50): -0.005285329297184944
(63,19): 0.002882607653737068
(63,24): -0.0008902429044246674
(63,25): 0.0033936383202672004
(63,29): 0.007837860584259034
(63,64): -0.00022328339517116547
(64,23): 0.0011328589171171188
(64,63): 2.754479646682739e-06
(65,20): 0.005228400304913521
(65,22): 0.0026350361481308937
(65,23): 0.012255335748195649
(65,24): 0.00394956786185503
(65,27): -0.0010686983168125153
(65,29): 0.006686331517994404
(65,30): 0.0006984375044703484
(65,33): 0.0008315111696720123
(65,34): 0.002152347005903721
(66,28): 0.007250967510044575
(66,30): 0.0010592716187238693
(66,33): 0.0022120680660009384
(66,34): 0.0009899742901325226
(66,38): 0.004882879331707954
(66,42): 0.01203677900135517
(66,72): 0.0027489472925662996
(67,22): 0.0012904216349124908
(67,24): -0.00048271793872117996
(67,26): 0.00810518093407154
(67,27): 0.002920060083270073
(67,30): 0.002982681840658188
(68,31): -0.00083037618547678
(69,31): 0.006107416972517967
(69,32): 0.0006063955277204513
(69,47): 0.007050387784838677
(70,22): 0.0011132659390568733
(70,27): 0.0018931965529918671
(70,31): 0.004930036887526512
(70,32): -0.0004048711061477661
(70,36): 0.00236154668033123
(70,75): 0.00045574557036161424
(71,24): 0.0001724359393119812
(71,30): 0.0023943988978862765
(71,31): 0.007454627119004726
(71,32): 0.0009447686374187469
(71,33): 0.0036336781084537507
(71,34): 0.00260017953813076
(71,35): 0.007093172073364257
(71,37): 0.00014105413109064102
(71,82): -0.0018057522177696227
(72,16): 0.0035867441445589067
(72,22): 0.002033052667975426
(72,24): 0.0034657443314790727
(72,27): 0.0026319969072937967
(72,30): 0.004449657015502453
(72,32): 0.003625006601214409
(72,33): 0.004834667854011059
(72,43): 0.013416038528084755
(72,44): 0.006523362249135971
(72,45): 0.009558204337954521
(72,66): 0.0010170109570026397
(72,74): -0.0003900897689163685
(73,24): -0.0009282486140727997
(73,27): -0.002691855151206255
(73,33): 0.001394893005490303
(73,34): -4.519030451774597e-05
(73,77): -0.0001499117538332939
(74,34): -0.0005895765870809555
(74,35): 0.004101312607526779
(74,72): 1.0186247527599334e-05
(75,21): -0.004234702475368977
(75,45): 0.00047081999480724334
(75,46): 0.0042259455472230915
(75,70): -0.00034029318019747736
(76,36): -0.0007239677011966706
(76,47): 0.00922468300908804
(77,36): 0.0004885753989219665
(77,73): 0.0004168885201215744
(78,21): 0.0029246065020561217
(78,27): 0.0009187602251768112
(78,34): -0.0017671859264373779
(78,36): 0.008382560312747955
(78,46): 0.012820871751755477
(79,26): 0.007088594064116478
(79,27): 0.0004761900007724762
(79,34): -0.0009937681257724761
(79,36): 0.008421595506370068
(79,45): 0.007859291732311249
(80,19): 0.004346514418721199
(80,20): 0.006804861649870872
(80,24): 0.002055128440260887
(80,25): 0.007415298111736774
(80,32): 0.005590499714016915
(80,33): 0.003665636479854584
(80,34): 0.0063485315442085265
(80,37): 0.004682608358561993
(80,43): 0.008888546004891395
(80,51): -0.0009296759590506553
(80,54): -0.0003902427107095718
(80,55): -0.007828160263597965
(81,21): 0.008493392281234264
(81,22): 0.0011826955154538154
(81,27): 0.0010313118249177932
(81,29): 0.002063081935048103
(81,34): -0.0005247341282665729
(81,44): 0.003249904736876488
(81,51): 0.009243292398750783
(81,55): 0.008839553855359554
(82,45): -1.5956684947013856e-05
(82,71): 0.0002146385982632637
