Interaction name: 5kr2

Affinity: 8.479999542236328
Predicted class: 1
Predicted probability: 0.8700709342956543
Sum of phi edges: 0.7275231162831184

Interaction statistics:

Number of total edges connecting protein pseudo-atoms: 12
Number of total edges connecting ligand pseudo-atoms: 135
Number of total edges connecting protein and ligand pseudo-atoms: 95

Pertinent positive set edge index: tensor([[49, 46,  2, 59, 42, 17, 46, 59, 61, 13, 45, 27, 54, 45, 38, 40, 54, 14,
         59, 26, 18, 18, 62, 25, 37, 27, 10, 26, 59, 47, 34, 45, 52, 17, 28, 59,
         46, 62, 50, 30, 52, 34, 62, 14, 62, 18, 38, 62,  5, 16, 27, 18, 32, 40,
         22, 18, 62, 57, 35, 27, 18, 45, 52, 26, 48, 53, 28, 46, 48, 17, 14, 39,
         48, 49, 59, 41, 61, 22, 52, 54, 60, 48, 48, 18, 62, 51, 18, 18, 59, 17,
         46, 40, 46, 57, 17, 17, 27, 26, 18, 20, 53, 22, 36, 19, 45, 19, 13, 51,
         36, 46, 54],
        [33, 34, 40, 29, 10, 47, 29, 15, 23, 37, 31, 55, 25, 30, 58,  1, 21, 32,
         31, 51, 54, 45, 13, 49, 57, 61, 42, 61, 13, 30, 13, 15, 19, 60, 55, 19,
         16, 22, 22, 47, 28, 60, 16, 16, 35, 60, 60, 36, 40, 14, 54, 48, 56,  0,
         24, 50, 24, 14, 61, 46, 20, 20, 22, 50, 20, 51, 51, 17, 17,  0, 57,  5,
         13, 25, 22,  5, 35, 62, 26, 17, 38, 36, 26, 59, 38, 28,  2, 46, 36, 54,
         27,  5, 35, 37,  9, 45, 53, 53,  5, 48, 28, 53, 59, 34, 17,  2, 48, 53,
         46, 36, 18]], device='cuda:0')

FID- using pertinent positive set: 0.23537898063659668

Number of pertinent positive edges connecting protein pseudo-atoms: 1 (8.3%)
% w.r.t. total number of pertinent positive edges: 1.1%)
Number of pertinent positive edges connecting ligand pseudo-atoms: 10 (7.4%)
% w.r.t. total number of pertinent positive edges: 11.4%)
Number of pertinent positive edges connecting protein and ligand pseudo-atoms: 77 (81.1%)
% w.r.t. total number of pertinent positive edges: 87.5%)

Minimal top k set edge index: tensor([[49, 46,  2, 59, 42, 17, 46, 59, 61, 13, 45, 27, 54, 45, 38, 40, 54, 14,
         59, 26, 18, 18, 62, 25, 37, 27, 10, 26, 59, 47, 34, 45, 52, 17, 28, 59,
         46, 62, 50, 30, 52, 34, 62, 14, 62, 18, 38, 62,  5, 16, 27, 18, 32, 40,
         22, 18, 62, 57, 35, 27, 18, 45, 52, 26, 48, 53, 28, 46, 48, 17, 14, 39,
         48, 49, 59, 41, 61, 22, 52, 54, 60, 48, 48, 18, 62, 51, 18, 18, 59, 17,
         46, 40, 46, 57, 17, 17, 27, 26, 18, 20, 53, 22, 36, 19, 45, 19, 13, 51,
         36, 46, 54, 34, 53, 60, 52, 16, 33, 48, 54, 50, 50, 59, 37, 38, 13, 17,
         54, 27, 13, 59, 32, 22, 46,  7, 20, 38, 40, 54, 36, 22, 28, 20, 13,  6,
         48, 60, 36, 26, 41, 20, 19, 45, 19, 38,  7, 60,  1, 36,  1, 52, 53,  1,
         34, 45, 53, 13, 60, 26, 17, 18,  1, 41, 34, 56, 11, 11, 38, 16,  9, 19,
         39, 23,  3, 20, 55, 15, 10, 22, 10, 40,  4, 16, 19,  7,  4, 21, 11, 31,
         50, 44, 20, 36, 19, 51, 22, 30, 35, 15, 34, 23, 29,  9, 15,  9, 29, 29,
          0,  8,  0,  5, 14, 24, 36, 22, 23, 34,  3, 23, 31, 33, 30, 10, 22,  5,
         14, 32, 22, 47, 25, 31, 43, 27, 40, 50, 25,  9,  4,  6, 36, 58, 52, 26,
         14, 21, 25, 23, 58, 54, 44, 13, 26, 21,  5, 35, 34, 22, 34, 22, 62, 13,
         48, 28],
        [33, 34, 40, 29, 10, 47, 29, 15, 23, 37, 31, 55, 25, 30, 58,  1, 21, 32,
         31, 51, 54, 45, 13, 49, 57, 61, 42, 61, 13, 30, 13, 15, 19, 60, 55, 19,
         16, 22, 22, 47, 28, 60, 16, 16, 35, 60, 60, 36, 40, 14, 54, 48, 56,  0,
         24, 50, 24, 14, 61, 46, 20, 20, 22, 50, 20, 51, 51, 17, 17,  0, 57,  5,
         13, 25, 22,  5, 35, 62, 26, 17, 38, 36, 26, 59, 38, 28,  2, 46, 36, 54,
         27,  5, 35, 37,  9, 45, 53, 53,  5, 48, 28, 53, 59, 34, 17,  2, 48, 53,
         46, 36, 18,  1, 22, 34, 36, 46, 49, 27, 50, 54, 26, 34, 13, 19,  6, 48,
         20, 52, 34, 18, 14, 50, 18,  6,  2, 62,  2, 38, 62, 52, 53, 18, 59, 13,
         18, 18, 48, 48,  4, 54,  8, 38, 52, 45, 42, 17, 31, 52, 30, 18, 27, 16,
         19, 18, 26, 62, 57, 52, 46, 52, 13,  2, 59, 45, 28, 26, 54, 31,  8, 38,
          2, 61,  7, 45, 28, 45, 11, 35,  8,  3, 43, 62,  5,  3,  9, 38, 27, 16,
         18,  9, 38, 10,  4, 26, 59,  1, 23, 31, 30, 33,  9, 20, 32, 29, 34, 20,
          1, 19, 39, 11,  1, 23, 23, 33, 35,  6, 40, 24, 45, 36, 34, 33, 23, 10,
         37, 31, 36, 62, 12, 37,  4, 28, 39, 58, 22, 19, 19,  0, 35, 50, 27, 11,
         31, 29, 36, 36, 38, 27, 59,  0,  5, 20, 12, 22, 38, 25, 20, 12, 47,  1,
         49, 11]], device='cuda:0')

FID+ using minimal top-k set: 0.3938576579093933

Number of minimal top-k edges connecting protein pseudo-atoms: 6 (50.0%)
% w.r.t. total number of minimal top-k edges: 3.9%)
Number of minimal top-k edges connecting ligand pseudo-atoms: 57 (42.2%)
% w.r.t. total number of minimal top-k edges: 37.3%)
Number of minimal top-k edges connecting protein and ligand pseudo-atoms: 90 (94.7%)
% w.r.t. total number of minimal top-k edges: 58.8%)

Trustworthiness of the explanation: 0.5199091701604934

Number of relevant edges connecting protein pseudo-atoms: 2 (16.7%)
% w.r.t. total number of relevant edges: 2.2%)
Number of relevant edges connecting ligand pseudo-atoms: 9 (6.7%)
% w.r.t. total number of relevant edges: 9.9%)
Number of relevant edges connecting protein and ligand pseudo-atoms: 80 (84.2%)
% w.r.t. total number of relevant edges: 87.9%)

Shapley values for edges: 

(0,1): 0.00025734789669513703
(0,3): -0.00388987697660923
(0,6): -7.519975304603576e-05
(0,13): -0.0014761172235012055
(0,17): -0.006070191115140915
(0,39): 0.00024364225566387177
(0,40): -0.0007108862698078155
(1,0): -0.0005286726355552674
(1,6): -0.00028143875300884247
(1,13): 0.0011331728100776673
(1,14): -0.0001029536873102188
(1,15): -0.002028387188911438
(1,16): 0.001397806629538536
(1,30): 0.0014852575957775116
(1,31): 0.0015049667656421661
(1,34): -0.005118494257330895
(1,37): -0.002891066074371338
(1,40): -0.004738541692495346
(2,6): 8.694082498550416e-06
(2,9): 3.4788697957992555e-05
(2,17): -0.0002707824856042862
(2,18): -0.00289399653673172
(2,19): -0.0036671188473701476
(2,20): -0.000620066300034523
(2,21): -0.005619008764624595
(2,39): -0.004069089032709599
(2,40): 0.016604635939002035
(2,41): -0.006590705886483192
(3,0): -0.0018805986642837524
(3,6): -0.004219834432005882
(3,7): 0.0009084583073854447
(3,17): -6.668269634246826e-09
(3,40): 0.00021113716065883635
(4,9): 0.0005053865164518356
(4,10): -0.01280160754919052
(4,12): -0.005426024720072746
(4,18): -1.4901161193847657e-10
(4,19): 0.00011318601667881012
(4,41): -1.940343528985977e-05
(4,43): 0.000600278228521347
(5,10): 0.00015457406640052797
(5,11): 0.00023638062179088593
(5,12): 6.426535546779632e-05
(5,18): -0.0017540863156318665
(5,19): -0.0031050026416778566
(5,22): -0.0012373442947864533
(5,26): -0.0005076051503419876
(5,27): -7.988810539245606e-06
(5,39): -0.0016320399194955826
(5,40): 0.006503632143139839
(5,41): -0.0023644894361495973
(6,0): 0.00010755054652690888
(6,1): -6.350055336952209e-06
(6,2): 2.1679699420928956e-06
(6,3): -0.010555370226502419
(6,7): -0.0006825880706310272
(6,9): 1.4515668153762817e-05
(6,13): 0.0017879901081323624
(6,17): -0.00011299535632133484
(6,29): -0.00019650012254714965
(6,34): -0.003810838162899017
(6,42): -0.00046517010778188703
(7,3): 0.0005095016211271286
(7,6): 0.002019425183534622
(7,17): -4.704102873802185e-05
(7,42): 0.0015237505733966827
(8,9): -1.2043043971061707e-05
(8,10): -0.00041254192590713503
(8,12): -0.0051743720471858975
(8,18): -4.718005657196045e-06
(8,19): 0.00024799957871437074
(9,2): -1.1282265186309814e-05
(9,4): 2.7023851871490478e-05
(9,6): -0.00020062036812305451
(9,8): 0.0010007577389478683
(9,17): -0.0025648430734872816
(9,18): 2.0383000373840334e-05
(9,19): 0.00011369064450263977
(9,20): 0.00027637794613838196
(9,21): -0.002773006558418274
(9,29): 0.0002727007120847702
(9,44): -0.00010942868888378144
(10,4): -0.0033035606145858766
(10,5): -1.1704117059707642e-06
(10,8): 0.0006175209581851959
(10,11): 0.0006475386768579483
(10,18): 3.294482827186584e-05
(10,22): -1.6394108533859254e-05
(10,25): -0.00010963905602693557
(10,33): 0.00017364531755447387
(10,36): -0.00013990331441164017
(10,42): 0.009696661159396172
(11,5): 3.207176923751831e-06
(11,10): -0.0007418622076511383
(11,12): -0.0039660950377583505
(11,22): -0.00013777554035186766
(11,26): 0.0010496137291193008
(11,27): 0.00044185347855091095
(11,28): 0.0010893025994300842
(12,4): -0.006020710989832878
(12,5): 1.463167369365692e-05
(12,8): -0.002477856054902077
(12,11): -0.0036962278932332992
(12,18): -0.0006553032994270325
(12,22): 7.906779646873474e-06
(12,25): -2.4257227778434753e-05
(12,33): 1.8493831157684325e-05
(12,36): -0.00033961459994316103
(13,0): 7.372952997684478e-05
(13,1): 5.193740129470825e-05
(13,6): 0.0022938258200883867
(13,14): -0.00011087216436862946
(13,31): -0.0014224547892808914
(13,34): 0.0021925171464681624
(13,37): 0.01331295520067215
(13,48): 0.002822366952896118
(13,59): 0.0017903659492731095
(13,62): 0.0012601573020219804
(14,1): 0.00023135900497436523
(14,13): -0.00017555087804794312
(14,16): 0.007449671626091003
(14,31): 9.609475731849671e-05
(14,32): 0.011561249271035195
(14,37): 0.0001524703949689865
(14,57): 0.005027917250990868
(15,1): -0.00041284359991550446
(15,16): -7.034949958324433e-06
(15,31): 0.00031371764838695527
(15,32): 0.00027523353695869447
(15,37): -2.5518350303173064e-05
(15,45): 0.0006804189085960388
(15,59): -0.0037222547084093094
(16,1): -0.00032285936176776884
(16,14): 0.006470481231808663
(16,15): -0.000278707891702652
(16,31): 0.0010047414153814315
(16,32): 1.0871663689613343e-05
(16,37): -0.00015641331672668456
(16,46): 0.002530198022723198
(16,62): 0.0005391219258308411
(17,0): 0.005082676112651825
(17,2): -1.1920928955078125e-09
(17,3): -0.0004179110378026962
(17,6): 2.923533320426941e-06
(17,7): -0.00010165914893150329
(17,9): 0.0036274100840091705
(17,45): 0.0035889040678739547
(17,46): 0.0011839194595813752
(17,47): 0.014923177510499954
(17,48): 0.002274083197116852
(17,54): 0.0038941462337970735
(17,60): 0.008796821087598801
(18,2): 0.004005578830838203
(18,4): -0.000794714242219925
(18,5): 0.0033950105309486387
(18,8): -0.0015305912494659425
(18,9): -7.347255945205688e-05
(18,10): -0.00018805846571922301
(18,12): -0.00019641287624835968
(18,19): -0.00020387120544910432
(18,20): 0.00562836155295372
(18,45): 0.010518624782562255
(18,46): 0.003911411836743355
(18,48): 0.0064012413099408146
(18,50): 0.006010340005159378
(18,52): 0.001146787256002426
(18,54): 0.010737339854240418
(18,59): 0.004083903953433037
(18,60): 0.006834658607840538
(19,2): 0.002872113734483719
(19,4): 0.00035377632826566696
(19,5): 0.0005300035327672958
(19,8): 0.0015780725330114364
(19,9): -0.0002065066248178482
(19,18): -4.691183567047119e-05
(19,20): -0.00015928149223327638
(19,21): -0.00032471925020217897
(19,29): 2.487368881702423e-05
(19,34): 0.0030791665613651275
(19,38): 0.0009879458695650101
(19,52): 0.0015478383004665374
(19,59): -0.0009547929465770721
(20,2): 0.0020178335160017016
(20,9): 1.2880563735961914e-05
(20,18): 0.0018380702286958693
(20,19): -0.0008425843715667724
(20,21): -0.0006209446489810944
(20,29): -0.0003898175060749054
(20,30): -0.00012337185442447661
(20,34): -5.973182618618011e-05
(20,38): 0.0003602459281682968
(20,45): 0.0008487092703580856
(20,48): 0.0033522432297468183
(20,54): 0.0015927307307720185
(21,2): -0.006594695970416069
(21,9): -0.00562931478023529
(21,19): -0.0005134151130914688
(21,20): 6.627224385738373e-05
(21,29): 9.173661470413208e-05
(21,30): -0.0005036040022969246
(21,34): -0.00024989329278469086
(21,38): 0.00047573469579219817
(21,54): -0.0019388523697853087
(22,5): -0.0007385635375976563
(22,10): 1.2799501419067383e-05
(22,11): -0.0015233830362558366
(22,12): 5.3351446986198426e-05
(22,23): 0.00016839884221553803
(22,24): 0.006198930591344833
(22,25): 5.777902901172638e-05
(22,33): 0.0002212265133857727
(22,35): 0.000630669891834259
(22,36): 0.0001468050107359886
(22,50): 0.0021064817160367966
(22,52): 0.0019332678616046906
(22,53): 0.0032399730756878854
(22,59): 0.0003485434502363205
(22,62): 0.004718720391392708
(23,22): -1.4901161193847657e-09
(23,24): 0.0001918412744998932
(23,25): -4.356503486633301e-06
(23,33): 0.0003042175620794296
(23,35): 0.00022088274359703065
(23,36): 8.834302425384522e-05
(23,61): 0.0009474053978919983
(24,22): -0.0011720987409353256
(24,23): 0.00022589191794395447
(24,25): -0.00041695863008499144
(24,33): -0.0004700879752635956
(24,35): -0.00010684333741664887
(24,36): 2.3984163999557497e-06
(24,62): -0.0015851844102144242
(25,10): -3.440454602241516e-05
(25,12): 0.00013483673334121704
(25,22): 0.00011512294411659241
(25,23): -0.00026797458529472353
(25,24): -0.0002965950220823288
(25,33): -6.438612937927246e-05
(25,35): -0.00029433369636535647
(25,36): 8.862018585205078e-05
(25,49): 0.010017027035355569
(25,54): -0.003495630770921707
(26,5): 7.258251309394837e-05
(26,11): 9.700626134872436e-05
(26,27): -0.0003851308673620224
(26,28): -0.0009073185175657272
(26,48): 0.0016381183266639709
(26,50): 0.005202048942446708
(26,51): 0.011085348650813103
(26,52): 0.001190987229347229
(26,53): 0.003448248729109764
(26,61): 0.009586740359663963
(27,5): -1.5258193016052247e-05
(27,11): -0.00021008506417274475
(27,26): -0.00019976094365119933
(27,28): 0.0001243792474269867
(27,46): 0.0057078484445810315
(27,48): -2.1916180849075317e-05
(27,52): 0.0021967695653438567
(27,53): 0.0035623639076948167
(27,54): 0.006424163207411766
(27,55): 0.012813029512763023
(27,61): 0.009700571298599242
(28,11): 4.6553313732147215e-05
(28,26): -0.00042486801743507385
(28,27): -1.1515617370605469e-06
(28,51): 0.005162511467933655
(28,52): -0.0009403484314680099
(28,53): 0.0018645147979259491
(28,55): 0.00866365909576416
(29,6): -0.000463029220700264
(29,9): 0.00029702674597501753
(29,19): -0.0011702431738376618
(29,20): 0.0002576465904712677
(29,21): -0.00035722844302654266
(29,30): -0.00023364759981632234
(29,34): 0.0002611342072486877
(29,38): -8.467368781566619e-05
(29,46): -0.0100843508541584
(29,59): -0.0007735981419682503
(30,1): 0.00033002123236656187
(30,20): 1.5428364276885988e-05
(30,21): -0.00016381278634071351
(30,29): -0.00021325662732124328
(30,34): 0.00017447516322135925
(30,38): -0.00025733746588230133
(30,45): -0.0005797349661588669
(30,47): 0.007636108994483947
(31,1): -5.1236599683761594e-05
(31,13): 3.239564597606659e-05
(31,14): -0.0010281754285097122
(31,15): -0.0004069781303405762
(31,16): 0.0004085016250610352
(31,32): -1.737251877784729e-05
(31,37): 0.00013172030448913575
(31,45): 0.00018817149102687836
(31,59): -0.004346414506435394
(32,14): 0.0021546072512865066
(32,15): -0.00018479607999324798
(32,16): -6.381243467330933e-05
(32,31): 0.00015048161149024963
(32,37): -7.704377174377441e-05
(32,56): 0.006320094168186188
(33,10): -4.3519958853721616e-05
(33,12): 7.651522755622864e-06
(33,22): 2.0446479320526125e-05
(33,23): -3.1621083617210386e-05
(33,24): -0.00014081567525863647
(33,25): -0.0005190656334161758
(33,35): 4.079490900039673e-06
(33,36): 0.0001881285011768341
(33,49): 0.0024959358945488928
(34,1): 0.0026707257330417632
(34,6): 0.00022027716040611266
(34,13): 0.00955495961010456
(34,19): 0.0013593791425228119
(34,20): 5.500651895999909e-05
(34,21): -0.00013663001358509062
(34,29): -0.0006857369095087052
(34,30): 0.000311577245593071
(34,38): 5.964301526546478e-05
(34,46): -0.001864105463027954
(34,59): 0.00111411415040493
(34,60): 0.007536813989281655
(35,22): 6.219692528247833e-05
(35,23): 0.00032143428921699524
(35,24): 3.285162150859833e-05
(35,25): -0.00014284878969192505
(35,33): -2.3715049028396607e-05
(35,36): -4.76837158203125e-09
(35,46): -0.0038940589129924773
(35,61): 0.005716640427708626
(35,62): -0.0012860530242323875
(36,10): 0.0003543893992900848
(36,12): -0.00013161301612854003
(36,22): -8.255615830421448e-05
(36,23): 0.00022183291614055633
(36,24): -0.0003473906219005585
(36,25): -4.529323428869247e-05
(36,33): -0.0003900494799017906
(36,35): 0.00010471723973751068
(36,46): 0.002784753814339638
(36,48): 0.0016977454721927643
(36,52): 0.0015033786743879319
(36,59): 0.003215731047093868
(36,62): 0.001935521811246872
(37,1): -0.001989063322544098
(37,13): 0.002379494085907936
(37,14): -0.00026590704917907717
(37,15): -0.0004623504728078842
(37,16): -8.205220103263855e-05
(37,31): -0.0001635599136352539
(37,32): -0.00016002021729946136
(37,57): 0.009939708188176155
(38,19): 0.0023015471547842025
(38,20): 4.230864346027374e-05
(38,21): 1.8541738390922547e-05
(38,29): -3.0732899904251096e-05
(38,30): -0.00013561226427555084
(38,34): 8.606985211372376e-06
(38,45): 0.0015244609117507934
(38,54): 0.0010181773453950883
(38,58): 0.011930447816848756
(38,60): 0.006765985265374184
(38,62): 0.0020131611078977583
(39,0): -0.00025464922189712526
(39,2): 0.0009529398381710052
(39,5): 0.004974836334586143
(39,40): -0.00039154976606369017
(39,46): -0.003551466092467308
(40,0): 0.006250278279185295
(40,1): 0.01189925879240036
(40,2): 0.0019942221790552137
(40,3): 0.0006044622510671616
(40,5): 0.0038878073915839194
(40,39): 0.00012153469026088715
(41,2): 0.0011199008673429488
(41,4): 0.0016369087249040605
(41,5): 0.0047865212708711625
(41,52): -0.0022916693985462187
(42,6): 1.3169646263122558e-06
(42,7): -0.00046472832560539245
(42,10): 0.015335652381181716
(43,4): 0.00012500874698162078
(44,9): 0.0003727780282497406
(44,46): -0.0020407067984342577
(44,59): 7.694162428379059e-05
(45,15): 0.009154836498200893
(45,17): 0.0030210369825363157
(45,18): 0.0012703140079975128
(45,20): 0.005563229769468308
(45,30): 0.012089218199253082
(45,31): 0.013296778798103332
(45,38): 0.0015764842182397843
(45,56): -0.0017150507122278213
(46,16): 0.008355411589145661
(46,17): 0.005133299008011818
(46,18): 0.0020360098034143447
(46,27): 0.003891371712088585
(46,29): 0.014301811680197715
(46,34): 0.020302267000079154
(46,35): 0.003866280168294907
(46,36): 0.0026936857402324677
(46,39): 2.189040184020996e-05
(46,44): -0.0010395607352256776
(47,17): -0.0001651192456483841
(47,30): 0.009560073614120484
(47,62): 0.00013747066259384155
(48,13): 0.004968635402619838
(48,17): 0.005106595009565353
(48,18): 0.0017616531997919082
(48,20): 0.005172740519046783
(48,26): 0.0041664627194404604
(48,27): 0.0024678198993206024
(48,36): 0.004326181709766388
(48,49): 4.8427954316139224e-05
(49,25): 0.004842916429042816
(49,33): 0.02560119405388832
(49,48): 6.05165958404541e-06
(50,18): 0.0003955169767141342
(50,22): 0.007768816798925399
(50,26): 0.002404722981154919
(50,54): 0.0024566388875246047
(50,58): 0.00011779740452766418
(51,26): 0.0003497859090566635
(51,28): 0.004011927023530006
(51,53): 0.0028110378235578536
(52,18): 0.001434030383825302
(52,19): 0.009063369780778884
(52,22): 0.0054908465594053265
(52,26): 0.004671649858355522
(52,27): 0.0001000453531742096
(52,28): 0.007618688642978668
(52,36): 0.0025729025527834893
(52,41): -0.00013042494654655457
(53,22): 0.0026599165052175523
(53,26): 0.001264994442462921
(53,27): 0.0014098750799894334
(53,28): 0.0033166690170764925
(53,51): 0.005169332250952721
(54,17): 0.004613362401723862
(54,18): 0.002679763063788414
(54,20): 0.002248627580702305
(54,21): 0.011733653470873833
(54,25): 0.012374289110302925
(54,27): 8.78532975912094e-05
(54,38): 0.001979702264070511
(54,50): 0.002466515824198723
(55,27): -0.0030853592604398726
(55,28): 0.0007993430644273758
(56,32): -0.0002057495713233948
(56,45): 0.0010949281603097915
(57,14): 0.005870876833796501
(57,37): 0.003630533218383789
(57,60): -0.00047267533838748934
(58,38): 8.820012211799622e-05
(58,50): 0.00010014012455940247
(59,13): 0.00958320938050747
(59,15): 0.013892659321427345
(59,18): 0.0021847058832645417
(59,19): 0.008625903204083442
(59,22): 0.004804427661001682
(59,29): 0.01621784768998623
(59,31): 0.01148288581520319
(59,34): 0.002391967922449112
(59,36): 0.003902183249592781
(59,44): -0.00038646496832370756
(60,17): 0.0015107966959476472
(60,18): 0.0017515015602111816
(60,34): 0.0026169275492429734
(60,38): 0.004531342536211014
(60,57): 0.0012188395112752914
(61,23): 0.013483316972851753
(61,26): -0.0016103635728359222
(61,27): -0.0012836240977048873
(61,35): 0.004762240499258041
(62,13): 0.010468159019947052
(62,16): 0.007453290075063706
(62,22): 0.007924110367894173
(62,24): 0.005905435979366302
(62,35): 0.007266045361757278
(62,36): 0.006549405679106712
(62,38): 0.004037371724843979
(62,47): 5.2038952708244325e-05
