Interaction name: 5qcn

Affinity: 8.220000267028809
Predicted class: 1
Predicted probability: 0.8468017578125
Sum of phi edges: 0.17197590827941894

Interaction statistics:

Number of total edges connecting protein pseudo-atoms: 3
Number of total edges connecting ligand pseudo-atoms: 131
Number of total edges connecting protein and ligand pseudo-atoms: 27

Pertinent positive set edge index: tensor([[22],
        [31]], device='cuda:0')

FID- using pertinent positive set: 0.32357561588287354

Number of pertinent positive edges connecting protein pseudo-atoms: 0 (0.0%)
% w.r.t. total number of pertinent positive edges: 0.0%)
Number of pertinent positive edges connecting ligand pseudo-atoms: 1 (0.8%)
% w.r.t. total number of pertinent positive edges: 100.0%)
Number of pertinent positive edges connecting protein and ligand pseudo-atoms: 0 (0.0%)
% w.r.t. total number of pertinent positive edges: 0.0%)

Minimal top k set edge index: tensor([[22, 37,  6, 37, 23, 40, 31,  5, 21, 36,  2, 39, 33,  1, 14, 40,  6, 42,
         34, 20,  2, 45, 44, 48, 15, 10, 17, 20, 16, 13, 35, 45, 16,  2, 33, 15,
         13, 35, 20,  5, 32, 31, 13,  5, 30,  5,  2, 38, 38, 10, 47,  8, 16, 33,
         19, 27, 30,  1, 27,  6, 32, 32, 17,  9, 11, 32, 19,  7, 23, 28, 35,  0,
         31, 23, 39, 38, 48, 42, 37, 26, 30, 10, 15, 13,  0, 25, 26, 15, 33, 31,
          7, 19, 13, 15, 36, 28, 43, 33,  6, 23, 27, 11, 42, 35, 13, 20, 42, 34,
         18, 28,  1, 21, 14, 21, 33, 18, 13, 45, 28, 32, 23, 30,  6,  9, 29, 24,
         46, 29, 23, 17, 28, 34, 17, 30, 45, 32, 13, 44, 47, 29, 33, 39, 39, 30,
         17, 12, 29,  5, 30, 33, 25, 47, 16, 35, 15, 33, 16,  9, 19, 25, 26,  0,
         18, 19,  4, 11, 36,  3,  4, 17, 18, 24, 17, 28, 20, 24, 24, 26,  7, 37,
         14, 26, 14, 17, 36, 14, 21, 26, 27, 25, 25, 24, 25, 48, 42, 47, 30, 14,
         27, 12, 23, 37, 22, 13, 32, 29, 25, 30, 13, 19, 36, 13, 14, 14,  4, 15,
         17, 27, 27, 20, 38, 27, 14, 45, 47,  2, 32, 10, 23, 19, 23, 46, 22, 35,
         37,  1, 26, 24, 47,  4, 28,  2, 22, 38, 36, 12,  8, 37, 14, 28, 41, 19,
         41, 15, 14, 47,  9, 34, 17,  8, 36, 16,  0, 12,  7, 32, 29, 11, 19,  6,
         36, 14, 18, 17, 33,  8, 10, 11,  3, 14, 35, 17, 38, 31, 21, 11, 10, 10,
         34,  7, 14,  9, 15, 10,  5, 12,  4, 36,  8, 20,  4,  3,  6, 12, 38, 22,
          9, 35, 31,  8,  5, 36, 10,  5,  7, 37,  6,  4,  7, 37,  8, 10],
        [31,  6,  5,  5, 14,  5, 34,  6, 31, 33, 26,  3, 12, 28, 22,  6, 11, 14,
         31, 33, 29, 32, 35, 13, 19, 20, 36, 36, 23, 14, 14, 35, 38, 28, 36, 14,
         47, 45, 17, 40, 33, 22, 19, 37, 38, 12, 35, 23, 10, 17, 34,  9, 13, 10,
         21, 29, 19,  2, 28, 40,  4, 36, 11,  7, 17, 17, 23,  9,  7, 26, 22, 28,
          8, 38,  4, 13, 33, 17, 20, 29,  7, 33, 23, 15,  2, 28, 18, 47, 17, 21,
         23, 13,  4, 42, 11, 29, 18, 32, 41, 16, 26, 37, 30,  8, 30, 42, 15,  9,
         26, 27,  0, 34, 42, 14,  6, 24, 48, 27, 25, 45, 15, 42, 37,  8, 28, 29,
         27, 27, 13, 48, 24, 21, 37, 15, 25, 37, 10, 47, 32, 26, 48, 47,  7, 23,
         33, 17, 25, 41, 13, 11, 18, 15, 19, 44, 30, 20, 30, 31, 15, 29, 24,  1,
         25, 30, 14, 33, 17, 39, 23, 42, 27, 25, 32,  1, 32, 26, 27, 27, 39, 32,
         30, 28, 21, 20,  5, 38,  8, 25, 46, 27, 45, 28, 26, 17, 20, 36, 16, 23,
         25, 33, 30, 10,  9, 23, 20, 24, 24, 14, 38, 14, 20, 16,  4, 15,  3, 13,
         10, 18, 24, 37, 16, 45, 35, 46, 39,  0, 47, 32, 19,  7,  4, 45, 14,  0,
         12, 35,  2, 18, 44, 39,  2,  1,  8, 30,  6, 11, 35, 11, 13,  0,  5, 16,
          6, 16, 19, 13, 14,  8,  5, 31, 32, 15, 35, 37, 14, 10,  2, 12, 38, 36,
         12,  9, 43, 12,  5, 34, 13, 36,  4,  8,  2,  6, 14,  9, 19,  6, 37, 15,
         47, 31,  7, 34, 10,  4, 36, 36, 10, 37, 14, 10, 13, 10, 33,  5, 19, 35,
         22,  1,  7, 22, 33, 47,  3, 17, 30, 36, 17, 32, 19, 17, 21, 38]],
       device='cuda:0')

FID+ using minimal top-k set: 0

Number of minimal top-k edges connecting protein pseudo-atoms: 2 (66.7%)
% w.r.t. total number of minimal top-k edges: 1.8%)
Number of minimal top-k edges connecting ligand pseudo-atoms: 86 (65.6%)
% w.r.t. total number of minimal top-k edges: 76.8%)
Number of minimal top-k edges connecting protein and ligand pseudo-atoms: 24 (88.9%)
% w.r.t. total number of minimal top-k edges: 21.4%)

Trustworthiness of the explanation: 0.0

Number of relevant edges connecting protein pseudo-atoms: 0 (0.0%)
% w.r.t. total number of relevant edges: 0.0%)
Number of relevant edges connecting ligand pseudo-atoms: 69 (52.7%)
% w.r.t. total number of relevant edges: 77.5%)
Number of relevant edges connecting protein and ligand pseudo-atoms: 20 (74.1%)
% w.r.t. total number of relevant edges: 22.5%)

Shapley values for edges: 

(0,1): 0.0006539005041122436
(0,2): 0.0026074850559234617
(0,28): 0.002813030481338501
(0,35): -0.0020446169376373293
(1,0): 0.0015705549716949463
(1,2): 0.0033740454912185667
(1,28): 0.007452296018600464
(1,35): -0.0008265316486358642
(2,0): -0.0004528301954269409
(2,1): -0.001074678897857666
(2,26): 0.00894904613494873
(2,28): 0.0049061024188995364
(2,29): 0.00602336585521698
(2,35): 0.003836477994918823
(3,4): -0.0031141567230224608
(3,10): -0.005036263465881347
(3,39): 0.0005894619226455689
(4,3): -0.000147363543510437
(4,10): -0.004347975850105285
(4,13): -0.004835674166679382
(4,14): 0.0006149041652679443
(4,23): 0.0005617183446884155
(4,32): -0.012380799651145935
(4,39): -0.000995205044746399
(5,6): 0.009940664768218994
(5,12): 0.003923940062522888
(5,17): -0.009565929770469666
(5,33): -0.0075555086135864254
(5,36): -0.0038809847831726076
(5,37): 0.0039599335193634035
(5,40): 0.004102475047111511
(5,41): 0.0008659344911575317
(6,5): 0.01153722107410431
(6,11): 0.006819369196891785
(6,17): -0.012138115763664246
(6,33): -0.005163241624832154
(6,36): -0.0026831996440887453
(6,37): 0.0012161225080490113
(6,40): 0.0033226948976516723
(6,41): 0.0019846510887145995
(7,9): 0.0030826210975646974
(7,14): -0.002263360619544983
(7,19): -0.013845678567886353
(7,23): 0.0022230428457260133
(7,30): -0.009928843379020691
(7,31): -0.003554083704948425
(7,39): 0.00035003602504730225
(8,9): 0.0036433261632919313
(8,14): -0.004505575299263
(8,21): -0.017143930196762084
(8,22): -0.007105089426040649
(8,31): -0.0020065039396286012
(8,34): -0.0029444873332977297
(8,35): -0.0011669498682022094
(9,7): 0.0032242798805236818
(9,8): 0.0012055468559265137
(9,14): -0.0018288499116897582
(9,22): -0.006224809885025024
(9,31): 0.0007004177570343017
(9,34): -0.0036527013778686526
(10,3): -0.008625196814537049
(10,4): -0.003727290630340576
(10,13): -0.003030983805656433
(10,15): -0.0035041898488998415
(10,17): 0.0037528467178344726
(10,20): 0.005520986318588257
(10,32): -0.0005532604455947876
(10,33): 0.002668634653091431
(10,37): -0.0034980148077011107
(10,38): -0.019365514516830443
(11,6): -0.003466978073120117
(11,12): -0.0026460552215576173
(11,17): 0.003165770173072815
(11,33): 0.0005990582704544068
(11,36): -0.0030367332696914673
(11,37): 0.0018562185764312744
(12,5): -0.0054709696769714355
(12,11): -0.0011485713720321656
(12,17): 0.0009338980913162231
(12,33): 3.5939216613769533e-05
(12,36): -0.0042208337783813474
(12,37): -0.002149396538734436
(13,4): 0.0021706783771514894
(13,10): 0.0010274302959442138
(13,14): 0.005132049918174743
(13,15): 0.0026241689920425415
(13,16): -0.00010664165019989014
(13,19): 0.003977053165435791
(13,23): -1.7250180244445802e-05
(13,30): 0.0017309749126434325
(13,38): -6.419479846954346e-05
(13,47): 0.004211295247077942
(13,48): 0.0013843870162963867
(14,4): -0.00011558830738067627
(14,7): -0.003626038432121277
(14,8): -0.0031330573558807375
(14,9): -0.0027315813302993775
(14,13): -0.0013413006067276001
(14,15): -0.00013959825038909913
(14,19): -0.0017176300287246704
(14,21): 0.00031121790409088134
(14,22): 0.007359738349914551
(14,23): 6.613314151763916e-05
(14,30): 0.0003225928544998169
(14,35): -0.0003899949789047241
(14,38): 0.0002707028388977051
(14,42): 0.0015169620513916016
(15,10): -0.0037133216857910155
(15,13): -0.0002221006155014038
(15,14): 0.004410522580146789
(15,16): -0.0017173707485198975
(15,19): 0.005587561726570129
(15,23): 0.0026646584272384645
(15,30): 0.0007635021209716797
(15,42): 0.0021280109882354735
(15,47): 0.002417669892311096
(16,13): 0.0036030274629592894
(16,15): -0.00204430878162384
(16,19): 0.0008176660537719726
(16,23): 0.005279659032821655
(16,30): 0.0007145202159881592
(16,38): 0.0049947166442871095
(17,5): -0.001980183720588684
(17,6): -0.003285212516784668
(17,10): -0.00024867773056030273
(17,11): 0.0032426565885543823
(17,12): -0.002892380356788635
(17,20): 0.00029173433780670165
(17,32): 0.0004956859350204468
(17,33): 0.0009487682580947876
(17,36): 0.0054275977611541746
(17,37): 0.0010724496841430665
(17,42): 0.0005188465118408203
(17,48): 0.0011134284734725952
(18,24): 0.0014155596494674683
(18,25): 0.0006492406129837037
(18,26): 0.0016452264785766601
(18,27): 0.0005084842443466187
(18,43): -0.0027437800168991088
(19,7): -0.0006005656719207763
(19,13): 0.0022212344408035277
(19,14): -7.176756858825683e-05
(19,15): 0.0006822770833969116
(19,16): -0.0015377497673034668
(19,21): 0.0035099291801452635
(19,23): 0.0031135571002960205
(19,30): 0.0006174826622009277
(19,38): -0.0026691901683807374
(20,10): -0.004641906619071961
(20,17): 0.004186851382255555
(20,32): 0.00045161664485931396
(20,33): 0.0063977217674255375
(20,36): 0.005302436351776123
(20,37): -0.00032962024211883543
(20,42): 0.001702534556388855
(21,8): 0.00025807619094848634
(21,14): 0.0014737534523010254
(21,19): -0.003450034856796265
(21,31): 0.009311553835868836
(21,34): 0.0015389078855514526
(22,8): -0.0010788649320602416
(22,9): -1.1215806007385253e-05
(22,14): -0.0007779121398925782
(22,31): 0.01279561996459961
(22,35): -0.0058229869604110715
(23,4): -0.0006261342763900757
(23,7): 0.0030214691162109373
(23,13): 0.0011339616775512696
(23,14): 0.010445075035095215
(23,15): 0.0012984740734100341
(23,16): 0.001948578953742981
(23,19): -0.0005912142992019653
(23,30): 3.2269954681396485e-06
(23,38): 0.002752860188484192
(24,18): -0.0009275668859481811
(24,25): 0.0004996132850646973
(24,26): 0.0004387712478637695
(24,27): 0.0004295796155929565
(24,28): 0.00019518554210662842
(24,29): 0.0011621445417404174
(25,18): 0.0008403444290161132
(25,24): -4.440784454345703e-05
(25,26): 0.0001826280355453491
(25,27): 0.00020833969116210938
(25,28): 0.002520158290863037
(25,29): 0.0006809717416763305
(25,45): 0.00019685208797454835
(26,2): -0.0008338487148284912
(26,18): 0.002422947883605957
(26,24): 0.0006571006774902344
(26,25): 0.00025071442127227783
(26,27): 0.0003698033094406128
(26,28): 0.0003117227554321289
(26,29): 0.0026900047063827515
(27,18): -0.0002621752023696899
(27,24): -0.00030877649784088134
(27,25): 3.74680757522583e-05
(27,26): 0.0019029611349105835
(27,28): 0.0033712583780288697
(27,29): 0.0034294092655181886
(27,45): -0.0003547269105911255
(27,46): 0.0002236199378967285
(28,0): -0.0014737188816070558
(28,1): 0.0004695606231689453
(28,2): -0.001069108247756958
(28,24): 0.0010883200168609619
(28,25): 0.0013331639766693115
(28,26): 0.0029411160945892333
(28,27): 0.0016373330354690551
(28,29): 0.002086389660835266
(29,2): -0.0023513942956924438
(29,24): -4.3075680732727054e-05
(29,25): 0.0009086370468139648
(29,26): 0.0009921902418136596
(29,27): 0.0011418724060058593
(29,28): 0.0011745333671569825
(30,7): 0.002686535120010376
(30,13): 0.0008477693796157836
(30,14): -5.461215972900391e-05
(30,15): 0.0010509967803955078
(30,16): 0.000101279616355896
(30,19): 0.0034106409549713133
(30,23): 0.0009544932842254639
(30,38): 0.003947447538375854
(30,42): 0.0012478119134902955
(31,7): -0.007020292282104493
(31,8): 0.0028027427196502686
(31,9): -0.0034439456462860107
(31,21): 0.0022623521089553834
(31,22): 0.004000946283340454
(31,34): 0.00997479259967804
(32,4): 0.0033160459995269773
(32,10): -0.0023333799839019777
(32,17): 0.003154515027999878
(32,20): -3.858506679534912e-05
(32,33): 0.004079312086105347
(32,36): 0.0032782167196273803
(32,37): 0.001034001111984253
(32,45): 0.0013312864303588866
(32,47): -0.00046301186084747316
(33,5): -0.002900169491767883
(33,6): 0.00146759033203125
(33,10): 0.003544435501098633
(33,11): 0.0008452844619750977
(33,12): 0.008497775793075561
(33,17): 0.0023485517501831057
(33,20): 0.0007313287258148193
(33,32): 0.0020481491088867186
(33,36): 0.004684016704559326
(33,48): 0.0009671610593795777
(34,8): -0.0019782280921936037
(34,9): 0.0016682207584381103
(34,21): 0.001085216999053955
(34,31): 0.006401436328887939
(34,47): -0.0035507291555404662
(35,0): -0.0008056879043579102
(35,1): -0.006567013859748841
(35,2): -0.003164035677909851
(35,8): 0.0017488127946853637
(35,14): 0.005128560662269592
(35,22): 0.0029338061809539794
(35,44): 0.0007810181379318237
(35,45): 0.004207282066345215
(36,5): 0.00028380513191223145
(36,6): -0.0011277848482131958
(36,11): 0.0021076852083206175
(36,12): -0.002706403136253357
(36,17): 0.0005911099910736084
(36,20): -0.00010137617588043213
(36,32): -0.0020410120487213135
(36,33): 0.009257373213768006
(36,37): -0.004458621740341186
(36,47): -0.007728148698806763
(37,5): 0.010930485725402832
(37,6): 0.012291149497032165
(37,10): -4.445314407348633e-06
(37,11): -0.0012861007452011108
(37,12): -0.0008260214328765869
(37,17): -0.016034979820251465
(37,20): 0.002704361081123352
(37,32): 0.0003326416015625
(37,36): -0.010119211673736573
(38,10): 0.003808543682098389
(38,13): 0.0027218037843704224
(38,14): -0.0033404707908630373
(38,16): -0.00033288955688476563
(38,19): -0.005802325010299683
(38,23): 0.0038125139474868776
(38,30): -0.0010872197151184082
(39,3): 0.008870034217834473
(39,4): 0.0027398222684860227
(39,7): 0.0009626650810241699
(39,47): 0.000962975025177002
(40,5): 0.010134257078170776
(40,6): 0.0069803595542907715
(41,5): -0.001521521806716919
(41,6): -0.0015728354454040527
(42,14): 0.006542614698410034
(42,15): 0.001698194146156311
(42,17): 0.0027128410339355468
(42,20): 0.00014938116073608397
(42,30): 0.0018542951345443725
(43,18): 0.002073207497596741
(44,35): 0.0060085928440094
(44,47): 0.0010171085596084595
(45,25): 0.0010507059097290038
(45,27): 0.0013696300983428956
(45,32): 0.006018834114074707
(45,35): 0.005090570449829102
(45,46): -0.00041986286640167237
(46,27): 0.0011600524187088013
(46,45): -0.000774080753326416
(47,13): -0.0017632269859313965
(47,15): 0.0008258408308029175
(47,32): 0.0010093253850936889
(47,34): 0.0037359118461608885
(47,36): 0.0001027524471282959
(47,39): -0.0004229182004928589
(47,44): -0.0009697389602661133
(48,13): 0.005985445976257324
(48,17): 0.00015623748302459717
(48,33): 0.0027134257555007936
