Interaction name: 5jjs

Predicted class: 1
Predicted probability: 0.8206587433815002
Sum of phi edges: 0.61521581556648

Interaction statistics:

Number of total edges connecting protein pseudo-atoms: 13
Number of total edges connecting ligand pseudo-atoms: 112
Number of total edges connecting protein and ligand pseudo-atoms: 65

Pertinent positive set edge index: tensor([[50, 50, 38, 22, 46, 44, 23, 44, 22, 43, 20,  9, 15, 11, 38,  9, 18, 21,
         34, 20, 31, 45,  1, 20, 18, 29, 18, 41, 38, 38, 19, 21, 19, 21, 50, 42,
          5, 29, 27, 38, 28, 21, 43, 10, 21, 20, 17, 30, 15, 20,  0, 29, 15, 42,
         19, 15, 11, 19,  5, 27, 31, 28, 21, 44, 44, 44, 38, 44, 51, 38, 42, 36,
         19, 43, 17, 24,  2, 18, 40, 22, 30, 43, 12, 20, 45, 21, 21,  4, 36, 47,
         20,  0, 35, 43,  1, 20, 45, 24,  9],
        [10, 24, 14, 48, 27, 11, 49, 16, 51, 11, 40, 35, 26, 37, 12, 12, 39, 47,
          5, 22,  2, 23, 30, 27, 40,  4, 41, 26,  9, 21, 45, 40, 46, 38, 27, 17,
         33,  5, 46, 20, 17, 42, 23, 36, 45, 45, 39,  4, 41, 42, 31, 20, 42, 15,
         50,  0, 43, 43, 34,  5,  1, 21, 46,  9, 15, 20, 18, 34, 47, 19, 21, 37,
         38, 21, 42, 50, 13, 42, 18,  8,  1, 19,  9, 43, 19, 43,  8, 30, 35, 51,
         38, 12, 36, 20, 31, 17, 21,  0, 44]], device='cuda:0')

FID- using pertinent positive set: 0.059613823890686035

Number of pertinent positive edges connecting protein pseudo-atoms: 4 (30.8%)
% w.r.t. total number of pertinent positive edges: 5.4%)
Number of pertinent positive edges connecting ligand pseudo-atoms: 15 (13.4%)
% w.r.t. total number of pertinent positive edges: 20.3%)
Number of pertinent positive edges connecting protein and ligand pseudo-atoms: 55 (84.6%)
% w.r.t. total number of pertinent positive edges: 74.3%)

Minimal top k set edge index: tensor([[50, 50, 38, 22, 46, 44, 23, 44, 22, 43, 20,  9, 15, 11, 38,  9, 18, 21,
         34, 20, 31, 45,  1, 20, 18, 29, 18, 41, 38, 38, 19, 21, 19, 21, 50, 42,
          5, 29, 27, 38, 28, 21, 43, 10, 21, 20, 17, 30, 15, 20,  0, 29, 15, 42,
         19, 15, 11, 19,  5, 27, 31, 28, 21, 44, 44, 44, 38, 44, 51, 38, 42, 36,
         19, 43, 17, 24,  2, 18, 40, 22, 30, 43, 12, 20, 45, 21, 21,  4, 36, 47,
         20,  0, 35, 43,  1, 20, 45, 24,  9,  6, 42, 18,  9, 20, 38, 50, 40, 15,
         19, 49, 27,  2, 41, 21, 40,  8,  0, 44, 42,  1,  0, 19, 48, 32, 27, 10,
         26,  4,  0, 34, 23, 26, 20, 20, 41,  0, 30, 46,  3, 29, 14, 45,  0,  4,
         44, 27,  4, 15, 34,  8,  5, 48, 14, 25, 22, 13,  4,  5, 16,  7, 24, 25,
         29,  1, 16, 22, 18, 26, 17, 12, 13,  7, 27, 19,  3, 11, 10,  7, 20, 16,
         14, 27,  7,  2, 26,  3, 15, 27, 14, 28, 16, 28,  5],
        [10, 24, 14, 48, 27, 11, 49, 16, 51, 11, 40, 35, 26, 37, 12, 12, 39, 47,
          5, 22,  2, 23, 30, 27, 40,  4, 41, 26,  9, 21, 45, 40, 46, 38, 27, 17,
         33,  5, 46, 20, 17, 42, 23, 36, 45, 45, 39,  4, 41, 42, 31, 20, 42, 15,
         50,  0, 43, 43, 34,  5,  1, 21, 46,  9, 15, 20, 18, 34, 47, 19, 21, 37,
         38, 21, 42, 50, 13, 42, 18,  8,  1, 19,  9, 43, 19, 43,  8, 30, 35, 51,
         38, 12, 36, 20, 31, 17, 21,  0, 44, 22, 20, 38, 15, 44, 15, 30, 20,  9,
         44, 23, 50, 31, 15,  6, 21, 23,  9, 19, 18, 13, 25, 18, 49,  6,  4, 50,
         41, 15, 11, 44, 45,  4, 29,  5, 18, 10, 34, 19, 26, 28, 29, 32, 24, 16,
         18, 28,  3, 38, 50, 21, 17, 46, 17, 12,  6, 25, 14, 16, 19,  2, 10, 13,
          3,  2, 17, 21, 19,  3, 27,  0, 24, 27, 14, 28, 14, 10, 25, 34, 28, 14,
         27, 19,  3,  1,  7,  1, 14,  7,  3, 20, 29, 29, 20]], device='cuda:0')

FID+ using minimal top-k set: 0.37816494703292847

Number of minimal top-k edges connecting protein pseudo-atoms: 8 (61.5%)
% w.r.t. total number of minimal top-k edges: 6.8%)
Number of minimal top-k edges connecting ligand pseudo-atoms: 49 (43.8%)
% w.r.t. total number of minimal top-k edges: 41.9%)
Number of minimal top-k edges connecting protein and ligand pseudo-atoms: 60 (92.3%)
% w.r.t. total number of minimal top-k edges: 51.3%)

Trustworthiness of the explanation: 0.5394119078695946

Number of relevant edges connecting protein pseudo-atoms: 3 (23.1%)
% w.r.t. total number of relevant edges: 4.5%)
Number of relevant edges connecting ligand pseudo-atoms: 10 (8.9%)
% w.r.t. total number of relevant edges: 14.9%)
Number of relevant edges connecting protein and ligand pseudo-atoms: 54 (83.1%)
% w.r.t. total number of relevant edges: 80.6%)

Shapley values for edges: 

(0,9): 0.0011464798450469972
(0,10): 0.0005407735705375671
(0,11): 0.0007211007922887802
(0,12): 0.0018432425707578658
(0,15): -0.005613074898719788
(0,24): 0.000434781089425087
(0,25): 0.001059635430574417
(0,31): 0.0059522011131048205
(1,2): 0.00017167285084724427
(1,3): -3.4792274236679076e-05
(1,7): -5.0802379846572875e-05
(1,13): 0.0010687250643968583
(1,24): -4.2800605297088626e-05
(1,30): 0.009540893733501435
(1,31): 0.001748543381690979
(2,1): 4.281878471374512e-05
(2,7): -3.975540399551392e-05
(2,11): -0.0009016648679971695
(2,13): 0.002527305260300636
(2,24): -5.2727535367012026e-05
(2,30): -0.0010052090138196945
(2,31): 0.001213143989443779
(3,1): 3.521926701068878e-05
(3,4): -1.3539940118789672e-06
(3,7): -1.6391277313232422e-09
(3,11): -0.0006941386312246323
(3,14): 0.00010638304054737091
(3,24): -0.00027508564293384554
(3,26): 0.0005139633268117905
(3,27): -0.0005818381905555725
(3,29): -0.0012412147223949432
(3,31): 2.2351741790771484e-09
(4,3): 0.00037632629275321963
(4,7): -0.0026867152750492096
(4,14): 0.0002033931016921997
(4,15): 0.0007237600535154342
(4,16): 0.00041873335838317873
(4,17): -0.004329000264406204
(4,26): -0.0001263125240802765
(4,27): -0.000683327466249466
(4,29): -0.002938607037067413
(4,30): 0.0019268348067998887
(4,31): -0.0023477935045957566
(5,14): -0.0002684609591960907
(5,16): 0.00019459210336208343
(5,17): 0.00029512241482734683
(5,18): 2.682209014892578e-09
(5,19): -2.7984753251075746e-05
(5,20): 1.2695267796516419e-05
(5,27): -0.0007642336934804917
(5,29): -0.0019163703918457032
(5,33): 0.007140943929553032
(5,34): 0.004482515379786492
(6,21): -0.002992198541760445
(6,22): 0.001641872003674507
(6,23): -0.0017914600670337678
(6,32): -0.00018156468868255616
(6,33): -0.0013063659518957138
(6,34): -0.0013232316449284553
(7,1): 4.962086677551269e-07
(7,2): 0.0001858777552843094
(7,3): 5.1624178886413575e-05
(7,4): -0.00011462047696113587
(7,11): -0.0006367339938879013
(7,14): -0.0014959858357906342
(7,24): -0.00011813201010227203
(7,26): -0.0007496690750122071
(7,27): 0.00012502387166023253
(7,29): -8.493252098560334e-05
(7,34): 8.051231503486634e-05
(8,21): 0.0002955085039138794
(8,22): -3.6540627479553222e-06
(8,23): 0.0011632409691810608
(9,0): -0.0005618437379598618
(9,10): -0.0002334393560886383
(9,11): -0.0001523921638727188
(9,12): 0.012269521355628967
(9,15): 0.0015325341373682022
(9,35): 0.013095213919878007
(9,38): -0.002271049916744232
(9,44): 0.0016523998975753783
(10,0): -0.00036497727036476134
(10,9): -1.7931312322616576e-05
(10,11): -1.341104507446289e-09
(10,12): -0.0007462955266237259
(10,13): -6.897956132888794e-05
(10,24): -0.00013747669756412507
(10,25): 8.213259279727936e-05
(10,36): 0.006837854981422424
(10,50): 0.0008979441225528717
(11,0): -2.3697465658187865e-05
(11,2): -0.0005112381279468536
(11,3): -0.0013240920752286911
(11,7): -0.0007324725389480591
(11,9): -0.0005330829322338104
(11,10): 9.226575493812562e-05
(11,12): -0.0003847745805978775
(11,13): -9.457074105739593e-05
(11,24): -2.3072957992553712e-05
(11,25): -0.0007376351952552795
(11,37): 0.012891156449913978
(11,43): 0.005218533016741276
(11,44): -0.0013348773121833802
(12,0): 0.00015115723013877868
(12,9): 0.0023740602284669874
(12,10): 3.1825900077819826e-06
(12,11): -0.00021017417311668395
(12,13): -0.0009024462103843689
(12,24): 1.2418106198310852e-05
(12,25): 8.037984371185302e-06
(12,38): -0.0035702870041131973
(13,1): -0.006851440817117691
(13,2): -0.00871575877070427
(13,10): -0.0016647257655858993
(13,11): -0.00021391168236732484
(13,12): -0.00041084729135036467
(13,24): 0.00014709152281284333
(13,25): 0.00021484754979610442
(14,3): 2.755492925643921e-05
(14,4): -0.0006332936882972718
(14,5): -0.003220995590090752
(14,7): -0.0016262049227952957
(14,15): -0.00022271305322647095
(14,16): -2.0809248089790343e-05
(14,17): 0.00028573323041200635
(14,19): -0.00038478605449199677
(14,26): -0.00018870554864406586
(14,27): 6.698355078697204e-05
(14,29): 0.0004491877555847168
(14,38): -0.0024967931210994722
(15,0): 0.005231274962425232
(15,4): -0.00024623773992061616
(15,9): 0.0013783401995897293
(15,14): 2.9866695404052733e-05
(15,16): -7.491238415241241e-05
(15,26): 0.012962691560387611
(15,38): 0.0003563937544822693
(15,41): 0.00642354354262352
(15,42): 0.005716942995786667
(15,44): -0.0006575517356395722
(16,4): -1.2051761150360107e-05
(16,5): -0.00026635363698005674
(16,14): 6.817467510700226e-05
(16,15): -0.002011936604976654
(16,17): 0.00016221359372138976
(16,18): -0.00027233853936195376
(16,19): 0.0001863066852092743
(16,26): -0.0001536431908607483
(16,27): -0.00056032694876194
(16,29): 1.5175789594650268e-05
(16,44): -0.0009630882740020752
(17,4): -0.000864555686712265
(17,5): -0.0006302057206630707
(17,14): -5.7644546031951905e-05
(17,16): -0.0003225360065698624
(17,18): -0.0007588039338588715
(17,19): -1.1343657970428467e-05
(17,20): 1.0889321565628051e-05
(17,26): -0.000272628515958786
(17,27): 0.0001529844105243683
(17,28): -0.0014351332932710647
(17,29): -6.159059703350067e-05
(17,39): 0.006588169857859611
(17,42): 0.002671324461698532
(18,5): -8.158743381500244e-05
(18,16): -0.00020847834646701814
(18,17): -0.0004490899294614792
(18,19): 0.00015482455492019654
(18,38): 0.001588957980275154
(18,39): 0.011920316219329834
(18,40): 0.009170420095324516
(18,41): 0.008663802221417428
(18,42): 0.00252382330596447
(18,44): -0.00015304669737815858
(19,5): -0.0010880733281373978
(19,14): 7.454007863998413e-06
(19,16): -0.00030897796154022217
(19,17): -6.863631308078765e-05
(19,18): 0.0010377153754234313
(19,20): -5.848556756973267e-06
(19,26): -0.0011255934089422226
(19,27): -6.445206701755524e-05
(19,28): 0.00011555373668670655
(19,29): -0.000731290802359581
(19,38): 0.00290563702583313
(19,43): 0.004715226367115974
(19,44): 0.001333109885454178
(19,45): 0.007390379346907139
(19,46): 0.00737607017159462
(19,50): 0.005379823669791221
(20,5): 0.0005514095723628998
(20,17): 0.0017088425904512405
(20,19): -0.00012570053339004518
(20,21): 1.4901161193847657e-09
(20,22): 0.010337290912866592
(20,27): 0.009505972638726235
(20,28): 6.947599351406097e-05
(20,29): 0.0005909086018800736
(20,38): 0.0018510229885578156
(20,40): 0.013967474699020386
(20,42): 0.006050824224948883
(20,43): 0.002328057736158371
(20,44): 0.0014952664077281953
(20,45): 0.0065898697078227994
(21,6): 0.001196553185582161
(21,8): 0.0021034499257802965
(21,20): 4.6059489250183106e-07
(21,22): -9.040504693984985e-05
(21,23): -0.0007532741129398346
(21,28): -0.00041618086397647857
(21,38): 0.007349483668804169
(21,40): 0.007376303598284721
(21,42): 0.006899467259645462
(21,43): 0.002164168804883957
(21,45): 0.006772561371326447
(21,46): 0.0042582016438245775
(21,47): 0.01125138558447361
(22,6): 0.00021508090198040007
(22,8): 0.0024795823544263838
(22,20): -0.00022477827966213226
(22,21): 0.00015621259808540344
(22,23): -0.0005186250805854797
(22,48): 0.021320439130067825
(22,51): 0.014689666852355003
(23,6): -0.00044350728392601014
(23,8): -0.002175931632518768
(23,21): -2.8571784496307374e-05
(23,22): -0.0009970147162675857
(23,43): -0.0015313701331615447
(23,45): 0.0006666610389947891
(23,49): 0.015124132558703422
(24,0): 0.001665789932012558
(24,1): -0.00020718522369861603
(24,2): -1.1033564805984498e-05
(24,3): -0.0008463739603757858
(24,7): -3.689803183078766e-05
(24,10): 0.0001783210039138794
(24,11): -0.0004704190790653229
(24,12): -0.00028236255049705504
(24,13): -0.00016048617660999298
(24,25): -0.00010083779692649841
(24,50): 0.002647591084241867
(25,0): -0.0048351256549358365
(25,10): -2.6018694043159485e-05
(25,11): -9.653694927692413e-05
(25,12): 0.00028197571635246276
(25,13): 0.00017527274787425994
(25,24): -2.154521644115448e-05
(26,3): 0.0001541157066822052
(26,4): 0.0006570920348167419
(26,7): 4.028588533401489e-05
(26,14): -3.0168667435646058e-05
(26,15): -0.001061245948076248
(26,16): -9.501256048679352e-05
(26,17): -0.0015273243188858032
(26,19): -5.9548020362854005e-06
(26,27): -2.445131540298462e-06
(26,29): -0.00010261192917823792
(26,41): 0.0008707418292760849
(27,3): -0.0017712697386741637
(27,4): 0.0009256422519683838
(27,5): 0.004420261159539223
(27,7): 2.821430563926697e-05
(27,14): 0.00011651337146759033
(27,16): -0.0002527059614658356
(27,17): -0.001417178511619568
(27,19): 6.694681942462922e-05
(27,20): -0.0012068736553192138
(27,26): -0.0002638477832078934
(27,28): 0.0004049807786941528
(27,46): 0.00709028571844101
(27,50): 0.0012633913010358811
(28,17): 0.006964444294571877
(28,19): -0.00010884717106819152
(28,20): 1.7958059906959533e-05
(28,21): 0.004271397590637207
(28,27): -5.8259814977645874e-05
(28,29): 1.279205083847046e-05
(29,3): 0.0001742805540561676
(29,4): 0.00877560518682003
(29,5): 0.007101694047451019
(29,7): -6.646767258644104e-05
(29,14): -5.4131001234054567e-05
(29,16): -5.288831889629364e-05
(29,17): -0.00010722406208515168
(29,19): -0.0010907513648271562
(29,20): 0.005903222560882568
(29,26): -0.0008602388203144074
(29,28): 0.00045951128005981444
(30,1): 0.0024540461599826813
(30,2): -0.00043062791228294374
(30,4): 0.00645967498421669
(30,34): 0.000539662092924118
(30,50): -0.0005239902436733246
(31,0): -0.0005629486590623856
(31,1): 0.004332860559225082
(31,2): 0.010214681401848794
(31,3): -4.961341619491577e-05
(31,4): -0.0010504566878080368
(32,6): 0.0009793552011251449
(32,45): -0.00047324486076831817
(33,5): -0.00476803682744503
(33,6): -0.0008351412415504455
(34,5): 0.010832464955747127
(34,6): -0.002178140804171562
(34,7): 6.504729390144348e-06
(34,30): -0.00013142377138137818
(34,44): 0.0006892195343971252
(34,50): 0.0003085503727197647
(35,9): -0.001450018808245659
(35,36): 0.0017820291221141815
(35,37): -0.0008841730654239654
(36,10): -0.0008881726861000061
(36,35): 0.0019095326215028763
(36,37): 0.0030090562254190445
(37,11): -0.0007324978709220886
(37,35): -0.0001928441971540451
(37,36): -0.00015481427311897278
(38,9): 0.007452757433056832
(38,12): 0.012797165662050247
(38,14): 0.02430936396121979
(38,15): 0.001478332430124283
(38,18): 0.004035757631063461
(38,19): 0.003322158083319664
(38,20): 0.006994583904743195
(38,21): 0.007442399710416794
(39,17): -3.46539169549942e-05
(39,18): -0.0012094806134700774
(39,43): -1.886032521724701e-05
(40,18): 0.00250201478600502
(40,20): 0.0014575554430484772
(40,21): 0.0011639531701803207
(41,15): 0.001210021674633026
(41,18): 0.0005482752621173858
(41,26): 0.008463002070784568
(42,15): 0.005697977989912033
(42,17): 0.007249104976654053
(42,18): 0.0010887379199266433
(42,20): 0.0016313167661428452
(42,21): 0.003086061254143715
(43,11): 0.014175992235541343
(43,19): 0.0024094454944133758
(43,20): 0.0017575405538082123
(43,21): 0.0028287111222743988
(43,23): 0.00684018574655056
(43,39): -4.9377977848052976e-05
(44,9): 0.00415535070002079
(44,11): 0.01668571203947067
(44,15): 0.004075039327144623
(44,16): 0.014804339110851288
(44,18): 0.000411422997713089
(44,19): 0.0010909882932901383
(44,20): 0.00405787892639637
(44,34): 0.004024410024285317
(45,19): 0.0022811343520879744
(45,20): -0.00012332238256931304
(45,21): 0.0016825566440820693
(45,23): 0.009870560467243194
(45,32): 0.0004482751339673996
(46,19): 0.0005306027829647064
(46,21): -0.00011232949793338776
(46,27): 0.019449795112013817
(46,48): -9.3068927526474e-05
(46,49): -0.0011188450455665588
(47,21): -0.0012729493528604507
(47,51): 0.0018579313158988953
(48,22): -0.0022666531056165697
(48,46): 0.0002926842123270035
(48,49): 0.0010257697850465774
(49,23): 0.0012781012803316117
(49,46): -0.0004574238508939743
(49,48): -9.890571236610412e-05
(50,10): 0.03128962926566601
(50,19): -0.0007277403771877289
(50,24): 0.026672496125102044
(50,27): 0.007256080582737923
(50,30): 0.0014593783766031266
(50,34): -0.001181463897228241
(51,22): -0.0011718368530273437
(51,47): 0.0034901443123817443
