Test set index: 336

Target Class: 0

Target compound: TARGET

Sum of Shapley Values: 1.069350286829077

Shapley values:
-0.04328353968675868
0.16083442036032686
0.11323975768000746
-0.015572314626831668
-0.021374057028686028
-0.05737196177738198
0.04388036772179289
-0.0015503079905025668
-0.00309603763598834
0.013357821839062011
-0.005236188591086265
0.0019152337102844683
-0.0019322477795029258
0.00015992960665534703
0.005348090148030988
-0.0049275206121791645
0.0005679545843891654
0.004532131039461067
-0.000519690570664938
-2.511645774091823e-05
-0.0007362286032119539
-0.0011544891094963676
0.00027782560534543615
0.009288092420121168
-0.0021437431989228257
-0.0005360775923202427
-0.00678971496681618
-0.0001596413767945154
-0.0033656010241977473
-0.001750858352061388
0.05777553434847769
-0.004004345844966005
-0.004223158671806067
-0.003250875578467086
0.0077744951229323615
0.015484035655880355
0.0061806473659899675
-0.006360745590763916
0.003477014419622111
-0.002488323518175109
-0.010208383576497287
0.0006931825383888825
0.016151680085545274
0.10244359974813079
0.04112891139350809
0.1607788569537933
0.12240898899974635
0.12344864262824519
0.021780268105970287
0.0645285567118619
0.04731348416078601
0.002545762779939659
0.04857981732958883
0.014788991073214486
0.03287600078622526
-0.04529063521684142
0.030089833240367795
0.0027050158510686234
0.0034328642454118353
0.0034281486324690058
-0.00882246915641762
-0.006771123019388976
0.013853292707620058
-0.005373553534585402
0.00365452810148653
0.005569426446812163
-0.030305843134783652
-0.007696982598860685
0.012478280670608877
0.021215920416071753
0.0034280811321166778
0.03225657688441785

Minimal top-k Set:
Set indices on edge ranking: [1, 45, 47, 46]
Set edge index: tensor([[ 1, 20, 20, 20],
        [ 0, 19, 31, 21]], device='cuda:0')
FID+: 0.9983992278575897

Pertinent Positive Set:

Pertinent set edge index: tensor([[ 1, 20, 20, 20,  1, 19, 21, 13, 23, 22,  3, 19, 23, 31, 24, 21],
        [ 0, 19, 31, 21,  2, 18, 22,  1, 22, 21,  1, 20, 30, 30, 25, 20]],
       device='cuda:0')
FID-: 0.0013871192932128906
Minimal top-k Set GNNExplainer:
Set indices on edge ranking: [35, 34, 52, 65, 70, 48, 54, 8, 28, 50, 38, 47, 33, 29, 39, 40, 15, 42, 43]
Set edge index: tensor([[15, 14, 23, 28, 31, 21, 23,  3, 12, 22, 16, 20, 14, 12, 17, 17,  7, 18,
         19],
        [14, 15, 22, 29, 20, 20, 30, 12,  7, 21, 17, 31, 13, 11, 16, 18,  6, 19,
         18]], device='cuda:0')
FID+: 0.9999665053837816

Pertinent Positive Set GNNExplainer:

Pertinent set edge index: tensor([[15, 14, 23, 28, 31, 21, 23,  3, 12, 22, 16, 20, 14, 12, 17, 17,  7, 18,
         19,  5, 30, 26, 27, 28, 18, 15, 21, 20, 11,  8,  6, 22, 16, 19,  4,  5,
         10, 31],
        [14, 15, 22, 29, 20, 20, 30, 12,  7, 21, 17, 31, 13, 11, 16, 18,  6, 19,
         18,  6, 31, 25, 28, 27, 17, 16, 22, 21, 12,  7,  7, 23, 15, 20,  3,  4,
         11, 30]], device='cuda:0')
FID-: 0.42050647735595703