Test set index: 336

Target Class: 0

Target compound: TARGET

Sum of Shapley Values: 1.0524172639917853

Shapley values:
-0.04369804795437375
0.1364686545800376
0.18359130714731692
-0.017352395745867284
-0.05171087943765713
-0.05790206999344079
0.03694118773938562
-0.018553430381692805
-0.0035372777387277666
0.01707368695216985
0.005510746436490735
-0.00628465481658111
0.00042029293298526224
-0.009463842410317795
-0.005293436011552224
0.003964667202019427
-0.00019174765676807537
0.008086464216303284
4.531043725225531e-05
0.0005898859446678983
-0.0024919016874012812
0.006003206153195606
-0.00834015390188128
0.001970252088532316
-0.004097298855167857
-0.00342259147289389
-0.030785697434292558
0.002995133493479898
-0.003537514747389423
-0.0015050075863959477
0.08197639599412476
0.004241725016301672
-0.03699052656752258
0.008658513657183705
0.007466982455370612
0.007992110948580376
0.013393674609524168
-0.0014599650531772568
0.02048499054907211
-0.031832046686050434
0.004802528107912849
-0.01190724115827777
0.015811845676026906
0.030763065309820422
0.027607641446232095
0.07627362529834755
0.25579699382705884
0.13768713647422942
-0.033080173737490205
0.04563330773598204
0.0030229876042642445
0.01578714202853007
0.12990080437955942
-0.031023220660956773
0.0201123381172377
0.011965807458906852
-0.027753593482986595
0.013361597567491118
0.035842706918777195
-0.000227492119272128
0.004355200014151457
0.00047420891543879405
-0.003501179842187412
0.008188688588778064
-0.009606666369874119
0.02370374060600227
-0.01664391057793182
-0.013516575982184576
0.05624625491156848
0.0032038128873382644
0.04354683753027274
0.02616434410417696

Minimal top-k Set:
Set indices on edge ranking: [46, 2, 47, 1, 52]
Set edge index: tensor([[20,  1, 20,  1, 23],
        [21,  2, 31,  0, 22]], device='cuda:0')
FID+: 0.8177628219127655

Pertinent Positive Set:

Pertinent set edge index: tensor([[20,  1, 20,  1],
        [21,  2, 31,  0]], device='cuda:0')
FID-: 0.17602139711380005
Minimal top-k Set GNNExplainer:
Set indices on edge ranking: [35, 61, 15, 34, 24, 70, 8, 59, 50, 48, 47, 54, 64, 65, 52, 1, 28, 33, 42, 69, 63, 29, 38, 39, 43, 62, 49, 41]
Set edge index: tensor([[15, 26,  7, 14, 11, 31,  3, 25, 22, 21, 20, 23, 28, 28, 23,  1, 12, 14,
         18, 30, 27, 12, 16, 17, 19, 27, 21, 18],
        [14, 27,  6, 15, 10, 20, 12, 26, 21, 20, 31, 30, 27, 29, 22,  0,  7, 13,
         19, 31, 28, 11, 17, 16, 18, 26, 22, 17]], device='cuda:0')
FID+: 0.6916893124580383

Pertinent Positive Set GNNExplainer:

Pertinent set edge index: tensor([[15, 26,  7, 14, 11, 31,  3, 25, 22, 21, 20, 23, 28, 28, 23,  1],
        [14, 27,  6, 15, 10, 20, 12, 26, 21, 20, 31, 30, 27, 29, 22,  0]],
       device='cuda:0')
FID-: 0.1348421573638916