Explaining class 0 for compound: CS(=O)(=O)NC1CCC(CCN2CCC(c3coc4ccccc34)CC2)CC1
Shapley values for edges:
(0,1): 0.012801732599359971
(1,0): -0.02760512535816682
(1,2): 0.06116231279659669
(1,3): 0.07239162695093039
(1,4): 0.008826836622908115
(2,1): -0.03177657264112118
(3,1): -0.047680582689219514
(4,1): -0.0013372949873498
(4,5): -0.02843733107721129
(5,4): 0.10777402783413899
(5,6): 0.013692812884842934
(5,27): 0.045457829839054414
(6,5): -0.002151733098841456
(6,7): 0.011936273348154933
(7,6): 0.003362811356931418
(7,8): -0.020556441038358467
(8,7): 0.03472163969806001
(8,9): -0.028434381691528995
(8,26): 0.028451290875350806
(9,8): -0.007218554747530148
(9,10): 0.00909784542096737
(10,9): 0.03929255769020182
(10,11): 0.03885105707061101
(11,10): 0.10445229162204202
(11,12): 0.10200420442572167
(11,25): 0.08686843465394417
(12,11): 0.059960190159604014
(12,13): 0.00578836574850094
(13,12): 0.014124852635547183
(13,14): -0.005734519237042684
(14,13): 0.034398367067178894
(14,15): -0.0019934703961320835
(14,24): 0.017216120764635367
(15,14): 0.048866325339007345
(15,16): 0.0053543790909757515
(15,23): 0.002625484448115267
(16,15): -0.0025024697668084017
(16,17): 0.001190237507636861
(17,16): 0.008522860777142167
(17,18): 0.010571556163708832
(18,17): 0.0206663760026603
(18,19): 0.009760604966340146
(18,23): 0.017315571720705466
(19,18): -0.002418222761630634
(19,20): 0.002449898144925044
(20,19): -0.009262377015899046
(20,21): 0.0005946216540329485
(21,20): -3.806669004393417e-05
(21,22): -0.009183067585307302
(22,21): 0.0001654548670890301
(22,23): -0.0041459156813348635
(23,15): 0.0001560065582636647
(23,18): 0.005766341166408017
(23,22): 0.00020166725747221856
(24,14): 0.0018205108095730096
(24,25): 0.015365339598549552
(25,11): 0.06238330622454684
(25,24): 0.048152038242827995
(26,8): -0.012670122629812318
(26,27): -0.012162505712910936
(27,5): 0.01115732633035111
(27,26): -0.006361802383101563

Sum of Shapley values: 0.9240488317462634

Minimal top k set edge index:
[[5, 11, 11, 11], [4, 10, 12, 25]]

FID+: 0.6279309689998627

Pertinent positive set edge index:
[[5, 11, 11, 11, 1, 25, 1, 12, 15, 25, 5, 10], [4, 10, 12, 25, 3, 11, 2, 11, 14, 24, 27, 9]]

FID-: 0.268754780292511

