Interaction name: 1epq

Affinity: 8.1899995803833
Predicted class: 1
Predicted probability: 0.9671429395675659
Sum of phi edges: 0.2937007772922518

Interaction statistics:

Number of total edges connecting protein pseudo-atoms: 17
Number of total edges connecting ligand pseudo-atoms: 122
Number of total edges connecting protein and ligand pseudo-atoms: 70

Pertinent positive set edge index: tensor([[26],
        [25]], device='cuda:0')

FID- using pertinent positive set: 0.4167913794517517

Number of pertinent positive edges connecting protein pseudo-atoms: 0 (0.0%)
% w.r.t. total number of pertinent positive edges: 0.0%)
Number of pertinent positive edges connecting ligand pseudo-atoms: 1 (0.8%)
% w.r.t. total number of pertinent positive edges: 100.0%)
Number of pertinent positive edges connecting protein and ligand pseudo-atoms: 0 (0.0%)
% w.r.t. total number of pertinent positive edges: 0.0%)

Minimal top k set edge index: tensor([[26, 39,  4, 46,  8,  5,  8, 24, 35, 53,  1,  8, 56,  2, 14,  8,  0, 26,
         11, 55, 59, 19,  1,  1, 17, 59, 52, 41, 14, 32, 42, 51, 18,  8, 55,  5,
         19,  1, 47,  5,  2, 51,  8,  7, 36, 40, 18,  5, 24, 36, 25,  0, 59,  6,
         14, 37, 20, 17,  3, 14, 32, 31, 35, 41, 24, 20, 24,  2, 26, 25, 17,  8,
         10,  4, 18, 15, 51, 60, 49, 38, 36, 50,  7, 14, 15, 51,  8, 31, 53,  5,
         34, 21, 47,  0,  9, 16, 59, 59, 12, 15, 31, 18, 32, 47, 31, 21, 16, 15,
         10, 47, 11, 20, 14, 35, 58, 14, 20, 27, 10, 14, 28, 14, 29, 59, 59, 11,
         34, 14,  9, 20, 13, 31, 15, 28, 11,  8, 11,  3, 54, 11, 27, 30, 15, 13,
         12, 14, 40, 15, 29, 21, 16, 11, 47, 19,  5, 33, 30, 21, 59, 26, 14, 12,
         33, 23, 51, 28, 29, 27, 55, 24, 53, 22,  4, 15, 23, 22, 14, 20, 22, 49,
         51, 28,  5, 51, 59, 33, 14, 31,  1, 53, 53, 19, 16, 13, 18, 21, 21, 13,
         28, 14, 23, 19, 31, 46, 52, 15, 14, 12, 20, 57, 29, 20, 59, 13, 43, 11,
         19, 16, 44, 44, 60, 26, 11, 32, 16, 18, 55, 29, 33, 22, 15, 52,  4,  8,
          3, 46, 32, 27, 20, 22, 23, 19, 16, 57, 32, 10, 27, 28, 24, 29, 33,  8,
         27, 30, 23,  6, 11, 34, 22,  5, 31, 28, 43, 21, 19, 52, 32, 19, 12, 20,
         15, 20, 34,  4, 48,  2, 32, 28, 23, 33, 30, 12, 29, 22, 48, 21, 47, 20,
         50,  4, 12, 18, 27, 54, 13, 31, 58,  0, 23,  7, 20, 21, 37, 11, 50, 21,
         56, 18, 22, 52,  0,  3, 47, 15, 55, 56, 23, 30,  6, 30, 57, 24, 35, 10,
         33, 57, 49, 27, 21,  9,  6, 15, 15, 48,  2,  5, 12, 11, 52, 27, 56, 10,
         17,  4, 59,  2, 49,  4, 26, 30, 19, 31, 60,  3, 30,  5,  6, 10,  4, 30,
         52, 32, 24, 24, 18,  0, 10, 16, 35, 17, 31,  3, 28,  7,  8,  6,  2, 10,
          5, 46, 25, 15,  8,  3, 31, 11,  7, 24,  9,  6,  2,  4, 31, 51, 32,  4,
          6, 16, 16,  5, 30, 34,  7,  9, 25, 42,  2,  9, 41,  7,  3,  7,  6,  9,
         34, 38, 38, 42],
        [25,  8, 41, 16, 19,  9, 20, 25, 51, 15,  2, 39, 31, 25,  9,  7, 28, 24,
         42, 31, 41, 31, 34,  7, 15, 15, 34,  4,  8, 16, 11, 24, 10,  3, 24, 15,
          8,  0, 32, 31, 24, 15,  9, 24,  4,  4, 16, 32,  3,  2, 24, 34, 32, 11,
         31,  5, 19, 16, 10, 59, 31, 55,  5, 59, 52,  3,  2,  7, 59, 26, 18,  4,
          3, 40, 15, 53, 19, 14, 56,  6,  5, 11, 11, 47, 31, 32, 10, 56, 11, 36,
          0, 51, 18, 27, 16, 46, 27, 14, 11, 16, 14, 32, 18, 14, 15, 14, 31, 59,
          9, 20, 29, 47, 22,  2, 59, 53, 48,  0, 18, 21, 11, 15, 28, 23, 26, 27,
         52, 56, 14, 57, 27, 16, 10, 27, 50, 14, 47,  5, 30,  2,  6, 11,  3, 12,
         51, 60, 41, 17, 27, 28,  9, 30, 11, 20, 37, 20, 28, 23, 12, 60, 52, 27,
         58, 21, 12, 30, 30, 29, 22, 26, 47, 33,  8, 51, 20, 20, 20, 59, 19, 21,
         21, 21,  4, 30, 24, 23, 23, 19,  6, 26, 14, 46, 17, 28, 46, 49, 20, 30,
         29, 19, 59, 22, 32, 19, 23, 14,  4, 30, 23, 21, 12, 14, 20, 29, 29, 28,
         51,  4, 22, 13, 26, 53,  7, 51, 15, 17, 30, 13, 19, 23, 32, 20, 31, 15,
         20, 18, 15, 12, 22, 14, 33, 23, 18, 50, 17, 32, 11, 12, 55, 11, 22, 24,
         30, 29, 52,  0,  0,  1, 55, 35,  5, 13, 55, 54, 33, 14, 47, 21, 59,  8,
          5, 52,  2, 35, 20, 36, 59,  0, 14, 50, 54, 29, 43, 44, 49, 33, 53, 33,
         33,  5, 13, 47, 28, 21, 44,  9, 33,  6, 22,  1, 21, 57, 35, 12, 57, 22,
         14, 52, 21, 24,  1, 24, 26, 18, 43, 49, 19, 12, 30, 13, 20, 59,  4, 16,
         21, 49, 48, 59, 19,  8, 28,  9,  8, 56,  1, 18, 28, 53, 18, 13, 48, 31,
         32, 14, 58, 34, 57, 36, 47, 51, 14, 10, 52, 15, 55,  8, 27, 15, 15, 27,
         60,  5, 51,  7,  5, 11,  4, 32, 37, 46,  3,  7,  6,  2,  5,  1, 35,  8,
         16, 17,  7,  4, 31,  8,  8,  6,  6,  8,  5,  7,  6, 10,  4, 35, 10, 16,
          2,  5, 10,  3,  6, 38,  3, 15,  2, 34, 11, 10, 40,  8, 31, 25, 38, 31,
         42, 34, 42, 38]], device='cuda:0')

FID+ using minimal top-k set: 0

Number of minimal top-k edges connecting protein pseudo-atoms: 7 (41.2%)
% w.r.t. total number of minimal top-k edges: 4.6%)
Number of minimal top-k edges connecting ligand pseudo-atoms: 86 (70.5%)
% w.r.t. total number of minimal top-k edges: 56.2%)
Number of minimal top-k edges connecting protein and ligand pseudo-atoms: 60 (85.7%)
% w.r.t. total number of minimal top-k edges: 39.2%)

Trustworthiness of the explanation: 0.0

Number of relevant edges connecting protein pseudo-atoms: 4 (23.5%)
% w.r.t. total number of relevant edges: 4.2%)
Number of relevant edges connecting ligand pseudo-atoms: 54 (44.3%)
% w.r.t. total number of relevant edges: 56.8%)
Number of relevant edges connecting protein and ligand pseudo-atoms: 37 (52.9%)
% w.r.t. total number of relevant edges: 38.9%)

Shapley values for edges: 

(0,1): -0.0001656550168991089
(0,6): -0.00010775804519653321
(0,11): -0.0012354427576065064
(0,27): 0.0017955082654953004
(0,28): 0.006076878905296326
(0,34): 0.0032510584592819213
(1,0): 0.004204520583152771
(1,2): 0.006247940063476562
(1,6): 0.0006310570240020751
(1,7): 0.005322244167327881
(1,34): 0.005436866879463196
(2,1): -0.0005709946155548096
(2,6): -0.0028471755981445313
(2,7): 0.0024995607137680053
(2,11): -0.005495157241821289
(2,24): 0.003895198106765747
(2,25): 0.006120554208755493
(2,34): -0.0007521486282348632
(2,35): -0.0018108785152435303
(2,36): 3.6211609840393065e-05
(3,5): 0.0012698489427566528
(3,7): -0.0015043032169342041
(3,8): -0.00215251088142395
(3,10): 0.002875766158103943
(3,15): -0.0009596502780914307
(3,20): 0.0003411298990249634
(3,24): -0.00017141103744506837
(3,31): -0.006828222274780273
(4,5): -5.622625350952149e-05
(4,8): 0.0007403302192687988
(4,10): -0.0028875088691711426
(4,14): -0.0006913882493972778
(4,15): -0.0010599935054779054
(4,16): -0.003255683183670044
(4,31): 0.00034845530986785887
(4,35): 5.323350429534912e-05
(4,36): -0.0007892495393753052
(4,40): 0.002268251180648804
(4,41): 0.013396331667900085
(5,3): -0.003745061159133911
(5,4): 0.0006700897216796875
(5,8): -0.0009840011596679687
(5,9): 0.01128449559211731
(5,15): 0.004338907599449157
(5,16): -0.0019496744871139527
(5,18): -0.0005744999647140503
(5,31): 0.003903512954711914
(5,32): 0.0034960341453552247
(5,35): 0.00015788674354553223
(5,36): 0.0018881046772003173
(5,37): 0.0009367018938064575
(6,0): 0.00018597245216369628
(6,1): -0.0018074512481689453
(6,2): -0.003546995520591736
(6,7): -0.002768663763999939
(6,11): 0.00324529230594635
(6,27): -0.0009944260120391846
(6,28): -0.0004446089267730713
(6,30): -0.00023600459098815918
(6,38): -0.009476210474967956
(7,1): -0.00011302947998046875
(7,2): -0.00164636492729187
(7,3): -0.004798071384429932
(7,6): -0.00249140202999115
(7,8): -0.006781008839607239
(7,11): 0.001974201798439026
(7,24): 0.003825836181640625
(7,25): -0.00871263563632965
(8,3): 0.00437297523021698
(8,4): 0.002370648980140686
(8,5): -0.0016835522651672363
(8,7): 0.006082314848899841
(8,9): 0.0038557833433151244
(8,10): 0.0019320642948150635
(8,14): 0.0012863302230834961
(8,15): 0.00034526824951171877
(8,19): 0.012387509942054748
(8,20): 0.010544540882110596
(8,24): 0.00024268686771392823
(8,31): -0.002119988799095154
(8,39): 0.006210528016090393
(9,5): -0.0026983189582824706
(9,8): -0.0004226303100585938
(9,10): -0.005667217373847962
(9,14): 0.0013577020168304443
(9,15): -0.0049529516696929935
(9,16): 0.0017610156536102294
(9,31): -0.011328467130661012
(10,3): 0.00228786826133728
(10,4): -0.0012502133846282958
(10,8): -0.0018716400861740112
(10,9): 0.0015500324964523315
(10,15): -0.0009977501630783082
(10,16): -0.0003124856948852539
(10,18): 0.0014295125007629395
(10,31): -0.0006560379266738891
(10,32): 0.00027357518672943115
(11,0): 0.00016819119453430177
(11,2): 0.0012477898597717284
(11,6): -0.002244226336479187
(11,7): 0.0003693222999572754
(11,12): -0.00012975990772247316
(11,27): 0.0013765782117843629
(11,28): 0.00044099807739257814
(11,29): 0.0015181940793991089
(11,30): 0.0009970718622207642
(11,42): 0.005917901396751404
(11,47): 0.0012817823886871339
(11,50): 0.0012904244661331176
(11,53): -0.0005761563777923584
(12,11): 0.0016795527935028077
(12,13): -6.0300827026367185e-05
(12,27): 0.0008266317844390869
(12,28): -0.0005745649337768555
(12,29): 7.319450378417969e-06
(12,30): 0.00048526346683502197
(12,51): 0.001140403151512146
(12,59): 8.91333818435669e-05
(13,12): 0.00114091157913208
(13,27): 0.0013382285833358765
(13,28): 0.0006014686822891235
(13,29): 0.00044983327388763427
(13,30): 0.000578489899635315
(13,44): -7.907509803771973e-05
(14,4): 0.0004855430126190186
(14,8): 0.004878270626068115
(14,9): 0.006083894968032837
(14,15): 0.0014152806997299195
(14,19): 0.0005467879772186279
(14,20): 0.0006896620988845826
(14,21): 0.0014293485879898072
(14,22): 0.001496478319168091
(14,23): 0.0006397366523742676
(14,31): 0.003163580298423767
(14,47): 0.0019675284624099732
(14,52): 0.0008655697107315064
(14,53): 0.001480095386505127
(14,56): 0.0013582628965377807
(14,59): 0.0028305822610855103
(14,60): 0.0011220777034759522
(15,3): 0.0012006306648254395
(15,4): -0.0020661282539367674
(15,5): 7.886886596679688e-05
(15,8): -0.00047896146774291994
(15,9): -0.0004640299081802368
(15,10): 0.0012966614961624145
(15,14): 0.00048721909523010256
(15,16): 0.0016636669635772706
(15,17): 0.0011075776815414429
(15,18): -0.00018468141555786133
(15,31): 0.0019484591484069825
(15,32): 0.00035403430461883545
(15,51): 0.0007158541679382325
(15,53): 0.0021763163805007934
(15,59): 0.0015588176250457763
(16,4): 0.0004138678312301636
(16,5): -0.0036597877740859987
(16,9): 0.0009985774755477904
(16,10): -0.0036666136980056763
(16,15): 0.000366397500038147
(16,17): 0.0006016504764556885
(16,18): 0.00029121100902557373
(16,31): 0.0015681052207946777
(16,32): -0.0012946087121963501
(16,46): 0.0017086082696914672
(17,15): 0.005303221940994263
(17,16): 0.002899909019470215
(17,18): 0.002412412166595459
(17,32): -0.0006885939836502075
(17,46): -0.0013578999042510986
(18,5): -0.0011984902620315553
(18,10): 0.004519392848014832
(18,15): 0.0022037780284881593
(18,16): 0.0036416178941726684
(18,17): 0.0003659254312515259
(18,32): 0.0016344708204269409
(18,46): 0.0005989587306976319
(18,47): -6.293118000030517e-05
(18,52): -0.00014785170555114746
(19,8): 0.004295297861099243
(19,14): -0.0008521080017089844
(19,20): 0.0009642428159713745
(19,21): 9.106218814849853e-05
(19,22): 0.0005237823724746704
(19,23): 0.00029184699058532715
(19,31): 0.005463011264801025
(19,33): 0.00010308623313903809
(19,46): 0.000605161190032959
(19,51): 0.00042761385440826416
(20,3): 0.002517985701560974
(20,8): 8.621692657470703e-05
(20,14): 0.00046439409255981444
(20,19): 0.003073509931564331
(20,21): -0.00011659562587738038
(20,22): 0.0003129053115844727
(20,23): 0.0004785126447677612
(20,33): -5.4070353507995604e-05
(20,47): 0.0015094637870788573
(20,48): 0.0014679813385009765
(20,52): 7.067203521728516e-05
(20,57): 0.0013522589206695556
(20,59): 0.0006856393814086915
(21,14): 0.0015816009044647217
(21,19): -0.0004048407077789307
(21,20): 0.0005817049741744995
(21,22): -0.0001432764530181885
(21,23): 0.0009027308225631714
(21,28): 0.001075657606124878
(21,33): 2.1642446517944337e-06
(21,49): 0.0005936866998672485
(21,51): 0.0018665087223052978
(21,54): 0.0001397043466567993
(21,57): -0.00012029528617858887
(22,14): 0.0003084075450897217
(22,19): 0.0006835323572158814
(22,20): 0.0006955772638320923
(22,21): -0.00015038013458251953
(22,23): 0.00035667598247528075
(22,33): 0.0007453751564025879
(22,44): 4.568696022033692e-06
(22,55): 0.00015942096710205077
(23,14): 2.7853846549987793e-05
(23,19): -0.0002342963218688965
(23,20): 0.0007135087251663208
(23,21): 0.0008090400695800782
(23,22): -0.0001088404655456543
(23,33): 0.0003039991855621338
(23,52): 0.00019980251789093018
(23,59): 0.0005395966768264771
(24,2): 0.0025129097700119017
(24,3): 0.003348209857940674
(24,7): -0.0011852353811264039
(24,8): -0.0025972962379455567
(24,25): 0.010238655209541321
(24,26): 0.0007550138235092163
(24,51): -0.0011645656824111937
(24,52): 0.0025553959608078003
(24,55): 0.00025241374969482423
(24,59): -0.0002968752384185791
(25,2): -0.0053961557149887086
(25,7): -0.0019770735502243043
(25,24): 0.003284492492675781
(25,26): 0.002425178289413452
(26,24): 0.006016857624053955
(26,25): 0.018226475715637208
(26,47): -0.0008455729484558106
(26,53): 0.00037571430206298826
(26,59): 0.0024743521213531493
(26,60): 0.0008687537908554077
(27,0): 0.0014396607875823975
(27,6): 0.0012147873640060425
(27,11): 0.00026161313056945803
(27,12): 0.0003131026029586792
(27,13): -0.0006248563528060913
(27,28): -7.571756839752197e-05
(27,29): 0.0007572358846664428
(27,30): 0.00021169960498809815
(27,59): -0.00038317859172821045
(28,0): 2.832651138305664e-05
(28,6): -0.0016213494539260864
(28,11): 0.0014204162359237672
(28,12): 0.00025726318359375
(28,13): 0.0001544022560119629
(28,21): 0.0006760531663894654
(28,27): 0.0012939965724945068
(28,29): 0.0005753278732299804
(28,30): 0.0007621985673904419
(29,11): 0.00024915218353271484
(29,12): 0.0004752826690673828
(29,13): 0.00036233484745025636
(29,27): 0.0010853171348571776
(29,28): 0.0014085865020751953
(29,30): 0.0007618045806884765
(29,43): 7.210969924926758e-06
(30,6): -0.004244682788848877
(30,11): 0.0012076669931411744
(30,12): -0.00023512542247772217
(30,13): -0.00027085602283477783
(30,27): -0.0010798227787017821
(30,28): 0.0009032970666885376
(30,29): 0.0001999276876449585
(30,51): -0.0008509117364883423
(30,54): 2.2835731506347657e-05
(30,55): -0.0009654057025909424
(31,3): -0.0014460253715515136
(31,4): -0.0030337053537368773
(31,5): 0.00015595555305480957
(31,8): -0.002193170189857483
(31,9): -9.559333324432373e-05
(31,10): -0.0008860975503921509
(31,14): 0.001657853126525879
(31,15): 0.001593085527420044
(31,16): 0.001317892074584961
(31,19): 0.0006329143047332764
(31,32): 0.0005159628391265869
(31,55): 0.0027659422159194945
(31,56): 0.0018972039222717285
(32,5): -0.001122710108757019
(32,10): -0.0030980902910232545
(32,15): 0.0003339880704879761
(32,16): 0.0046354919672012326
(32,17): 0.00027490496635437014
(32,18): 0.001631365418434143
(32,31): 0.0028180146217346193
(32,47): 9.604215621948242e-05
(32,51): 0.00036882340908050537
(32,59): 3.377974033355713e-05
(33,19): 0.00035716652870178224
(33,20): 0.0009071993827819825
(33,21): -0.00032487332820892336
(33,22): 0.0002490317821502686
(33,23): 0.0006428831815719605
(33,50): 2.6096701622009276e-05
(33,58): 0.0008245623111724854
(34,0): 0.0018858641386032104
(34,1): 0.00016759753227233888
(34,2): 6.521105766296386e-05
(34,38): -0.004266012907028199
(34,42): -0.01235434114933014
(34,52): 0.0013743090629577638
(35,2): 0.0014846676588058472
(35,4): -0.00029947876930236817
(35,5): 0.002701539993286133
(35,37): -0.0013451510667800903
(35,51): 0.009060769081115723
(36,2): 0.0033464115858078004
(36,4): 0.0037379199266433715
(36,5): 0.001979331374168396
(37,5): 0.003136471509933472
(37,35): -0.0001282203197479248
(38,6): 0.002045624852180481
(38,34): -0.0124819016456604
(38,42): -0.015580811500549317
(39,8): 0.014915236234664918
(40,4): 0.0037341439723968506
(40,41): 0.001120678186416626
(41,4): 0.005213998556137085
(41,40): -0.0057586091756820675
(41,59): 0.0025730764865875243
(42,11): 0.004603874683380127
(42,34): -0.00544343650341034
(42,38): -0.017024517059326172
(43,29): 0.00044552743434906006
(43,55): 0.00014349162578582763
(44,13): 0.00039707183837890626
(44,22): 0.00040762603282928466
(46,16): 0.01298024594783783
(46,17): -0.0019729673862457276
(46,18): 0.000335615873336792
(46,19): 0.0005011564493179321
(47,11): 0.0009939521551132202
(47,14): 0.0016213810443878173
(47,18): 0.0018037682771682739
(47,20): 0.0015375959873199464
(47,26): -0.00018221855163574218
(47,32): 0.004086010456085205
(47,53): -1.6345977783203126e-05
(48,20): 4.8438310623168943e-05
(48,49): 4.221796989440918e-06
(48,56): -0.0005690675973892212
(49,21): 0.0006801915168762207
(49,48): -0.00038161396980285645
(49,56): 0.0020768404006958007
(49,57): -0.000781850814819336
(50,11): 0.001975558400154114
(50,33): -5.442261695861816e-05
(50,57): -0.00013970017433166505
(51,12): 0.000784040093421936
(51,15): 0.003886181116104126
(51,19): 0.002172022461891174
(51,21): 0.0006783145666122436
(51,24): 0.004542766809463501
(51,30): 0.0006609946489334106
(51,32): 0.0019387459754943847
(51,35): -0.0030826157331466674
(52,14): 0.00010133802890777588
(52,18): -0.0006079232692718506
(52,20): 0.0003519773483276367
(52,23): 0.0004884374141693116
(52,24): -0.0001545548439025879
(52,34): 0.005222669243812561
(52,60): -0.0011040371656417846
(53,11): 0.0018921107053756713
(53,14): 0.0006192463636398315
(53,15): 0.006420578956604004
(53,26): 0.0006305158138275146
(53,47): 0.0007489019632339477
(54,21): -7.577776908874511e-05
(54,30): 0.0012559330463409425
(55,22): 0.0007551425695419312
(55,24): 0.004344490170478821
(55,30): 0.0003632330894470215
(55,31): 0.005819535255432129
(55,43): -0.00022267341613769532
(56,14): -0.00014686405658721923
(56,31): 0.006159310340881348
(56,48): -0.0006383424997329712
(56,49): -0.00023218154907226563
(57,20): -0.00028043508529663086
(57,21): 0.00047790169715881346
(57,49): -0.00035845041275024415
(57,50): 0.00027655065059661865
(58,33): -0.00010199487209320069
(58,59): 0.0014817583560943603
(59,12): 0.0008814305067062378
(59,14): 0.0016892951726913451
(59,15): 0.005235742926597595
(59,20): 0.00046370625495910643
(59,23): 0.0013870668411254882
(59,24): 0.00065546452999115
(59,26): 0.0013817453384399414
(59,27): 0.0017004609107971191
(59,32): 0.0032495200634002686
(59,41): 0.00552093505859375
(59,58): -0.0007314836978912354
(60,14): 0.0021016740798950194
(60,26): 0.0003884047269821167
(60,52): -0.0009063351154327393
