Test set index: 652

Target Class: 0

Target compound: TARGET

Sum of Shapley Values: 0.7965892934158778

Shapley values:
-0.013302585402534532
0.00928211223669905
-0.00277404163137307
-0.013791466159562891
-0.0025088853028645895
0.006167441833852383
0.009759237247932333
0.0012389876274497241
0.0008796228996820486
0.009002182648123096
-0.006650566186555267
-0.008288953997908948
-0.004181744360932989
0.00480148689204043
-0.0244057442314962
-0.009310406835356937
0.052428766042959804
0.005316900502475619
-0.0019644725484114804
0.03440097694487448
-0.031249750385934975
-0.025675751028837096
-0.010343543113536953
0.029445695923227502
-0.01599299382224068
0.014875976572784212
-0.013097882129798108
0.022282257985059613
-0.01644752287059173
0.012132971997256102
0.15761943028675887
-0.037170426528740565
0.0355366520485461
0.08142029110248189
0.06556579329293072
-0.0014760554033023253
-0.002614857392092418
0.04984771620910085
0.019620288887957246
0.0034790323585644958
-0.011562567087317177
-0.0028367259945036947
-0.010848716571915773
0.002442457176280186
0.0024101484365178292
0.024909774469158066
-0.0026856443587137922
-0.017901096980695003
0.01577759915075717
-0.003138147848014654
0.028133682174171035
0.015287326192472283
0.013590979390814297
-0.000946620607886377
0.007058645396095583
0.14297690214088443
-0.012733528121075999
-0.09249642609098696
-0.06215220253834243
-0.03281554619148299
0.06599793953974853
0.06242429122025657
0.021412500038822273
0.009816515351844055
-0.01114094699100833
0.0899339375991542
0.014838845316691501
-0.024385902410245228
0.03576405074192735
0.029407835501944223
0.010711791820765199
0.026770233577491875
0.17655251820186507
-0.06455951684255118
0.010324080228849225
0.005258070254745348
-0.015767927580199764
-0.03309548649912415

Minimal top-k Set:
Set indices on edge ranking: [72, 30, 55, 65, 33, 60, 34, 61]
Set edge index: tensor([[31, 13, 23, 28, 14, 26, 15, 27],
        [32, 14, 25, 29, 30, 25, 14, 20]], device='cuda:0')
FID+: 0.6642069816589355

Pertinent Positive Set:

Pertinent set edge index: tensor([[31],
        [32]], device='cuda:0')
FID-: 0.114773690700531
Minimal top-k Set GNNExplainer:
Set indices on edge ranking: [36, 40, 64, 61, 30, 24, 67, 38, 20, 26, 17, 45, 66, 27, 39, 32, 23, 18, 68, 48, 73, 49, 16, 54, 47, 63, 14, 69, 52, 34, 37, 33, 28, 46, 53, 29, 25, 44, 42, 51, 22, 31, 72, 35, 43, 65, 15]
Set edge index: tensor([[16, 17, 28, 27, 13, 10, 29, 17,  9, 11,  7, 20, 29, 12, 17, 14, 10,  8,
         30, 21, 32, 21,  7, 23, 20, 28,  6, 30, 22, 15, 16, 14, 12, 20, 23, 13,
         11, 19, 18, 22,  9, 14, 31, 15, 19, 28,  6],
        [15, 28, 27, 20, 14, 11, 30, 16,  8, 12,  8, 19, 28, 11, 18, 15,  9,  7,
         14, 20, 31, 22,  6, 24, 27, 17,  7, 29, 23, 14, 17, 30, 13, 21, 22, 12,
         10, 20, 19, 21, 31, 13, 32, 16, 18, 29, 31]], device='cuda:0')
FID+: 0.5384643971920013

Pertinent Positive Set GNNExplainer:

Pertinent set edge index: tensor([[16, 17, 28, 27, 13, 10, 29, 17,  9, 11,  7, 20, 29, 12, 17, 14],
        [15, 28, 27, 20, 14, 11, 30, 16,  8, 12,  8, 19, 28, 11, 18, 15]],
       device='cuda:0')
FID-: 0.24341952800750732