Interaction name: 5i2e

Predicted class: 0
Predicted probability: 0.8912350535392761
Sum of phi edges: -0.046072300672531125

Interaction statistics:

Number of total edges connecting protein pseudo-atoms: 10
Number of total edges connecting ligand pseudo-atoms: 101
Number of total edges connecting protein and ligand pseudo-atoms: 41

Pertinent positive set edge index: tensor([[34],
        [38]], device='cuda:0')

FID- using pertinent positive set: -0.02193129062652588

Number of pertinent positive edges connecting protein pseudo-atoms: 1 (10.0%)
% w.r.t. total number of pertinent positive edges: 100.0%)
Number of pertinent positive edges connecting ligand pseudo-atoms: 0 (0.0%)
% w.r.t. total number of pertinent positive edges: 0.0%)
Number of pertinent positive edges connecting protein and ligand pseudo-atoms: 0 (0.0%)
% w.r.t. total number of pertinent positive edges: 0.0%)

Minimal top k set edge index: tensor([[34,  3,  1, 18, 23, 23, 27, 11, 27, 27,  4,  1, 38, 24, 30,  2, 24, 15,
         15, 15, 12, 15, 23,  2,  6, 21, 15, 14, 40,  9,  5, 27,  7,  2,  0, 25,
         14, 15,  3, 24, 10, 19,  4, 21, 11,  4, 24,  1, 13, 23, 27, 12, 34,  0,
          0,  5,  9, 23, 20, 10,  0, 23, 30, 34, 12,  4,  0, 14,  9, 18, 15,  4,
         30, 17, 18,  3,  9, 12, 11, 12, 18,  2,  2, 18, 32, 29,  3,  9, 18,  3,
          5, 24, 22, 22, 26,  1, 27,  2, 32, 19, 19, 26,  2, 11, 23,  3, 19, 15,
         18,  5,  4,  4, 18,  2,  7, 30,  3,  4, 13, 12, 30,  6, 12, 17, 18, 33,
          5, 22, 19, 19, 11, 15, 17, 27,  7,  4, 16, 32,  7, 15,  1, 18, 29, 12,
          6, 35, 22,  7,  9, 17, 15,  6, 34, 14,  3, 17,  6,  7,  7,  5, 10, 12,
         13, 17, 19,  6, 11, 22,  5, 19, 33,  6, 34,  5,  2, 15, 10, 25,  4,  5,
         11, 22, 38, 10, 19, 21, 18, 10, 22,  7, 32, 22, 17, 25, 28,  4,  9, 33,
         17, 29, 22, 24,  8, 14, 35, 19,  2,  1, 10,  5,  9,  2, 19,  2, 20, 20,
         16, 18,  5, 22,  3, 30,  9, 33, 11, 23, 13, 17, 27,  0,  7, 17,  2,  5,
          5,  5, 31,  3, 21,  9,  5, 24, 34, 14,  6, 13, 16,  6, 26, 16,  5,  0,
         26,  3, 37, 28, 13, 21, 20,  5, 22, 20,  1, 31, 37,  8,  7, 33,  9, 39,
         31, 36, 29, 40, 22, 33,  2, 31, 32, 31, 38, 39, 32, 15,  6, 25,  5, 31,
         28,  9, 36, 28, 31, 33, 31, 33, 31,  6, 28, 33, 31, 28, 28,  9],
        [38, 22,  8,  1, 26, 16, 25, 27,  0,  3, 15, 28, 34, 21,  7, 31, 26, 12,
          4, 10,  5, 18, 20, 33, 15, 20, 17, 24, 23, 15, 14, 11, 30, 11, 27, 27,
         23,  6, 31, 16, 13,  9, 33, 24,  2, 31, 14, 25, 24, 40, 17, 18,  6, 31,
         25, 19, 19, 14, 21, 15, 28, 21,  9, 32,  2, 18, 18,  5, 28, 12, 19, 17,
         29, 27,  3, 17, 14, 15, 22, 11,  0, 19, 27,  4, 34, 30, 19, 34, 22, 12,
         10, 13,  3, 17, 23, 31,  2, 17,  7, 11,  3, 24, 12, 12, 13,  2,  2,  9,
         11,  9, 11,  3, 19,  4, 15,  6, 18, 22, 23, 17,  5, 29, 22, 22, 15, 32,
          6, 18, 15, 22, 19, 22,  4, 18, 33, 19, 23, 33, 10,  7,  0,  2,  6,  3,
         30,  3,  2,  5,  5,  2,  5,  5,  9,  9,  4,  3,  7,  6, 32, 15,  7, 19,
          9, 12,  5, 31,  4,  5, 30, 17, 34, 10, 33, 22, 15,  2,  6,  0,  5,  7,
         18, 15, 32,  5, 18, 23, 27,  9,  4,  9, 38, 19, 19,  1, 35,  2, 10,  7,
         18,  5, 12, 23,  1, 10, 28, 12, 22, 27, 14, 28, 13, 18,  4,  5, 24, 23,
         24, 17,  2, 11, 35, 31,  7,  9, 17, 24, 14, 11,  1,  2, 28, 15,  3, 12,
         31, 34,  6, 27, 16, 33,  4, 20,  5, 13, 33, 10, 20, 28, 20, 21, 29,  1,
         21, 33, 22,  0, 39, 26, 16, 33, 37, 26, 18, 30, 36, 25, 31,  5, 31, 13,
          9, 37,  9, 39, 36,  6,  0,  7,  5,  5, 15, 40,  6, 38, 32,  8, 32,  4,
          9, 30, 22,  6,  0,  2,  1,  4,  2, 34,  7,  3,  3,  1,  5, 29]],
       device='cuda:0')

FID+ using minimal top-k set: 0

Number of minimal top-k edges connecting protein pseudo-atoms: 4 (40.0%)
% w.r.t. total number of minimal top-k edges: 5.3%)
Number of minimal top-k edges connecting ligand pseudo-atoms: 64 (63.4%)
% w.r.t. total number of minimal top-k edges: 85.3%)
Number of minimal top-k edges connecting protein and ligand pseudo-atoms: 7 (17.1%)
% w.r.t. total number of minimal top-k edges: 9.3%)

Trustworthiness of the explanation: 0.0

Number of relevant edges connecting protein pseudo-atoms: 7 (70.0%)
% w.r.t. total number of relevant edges: 6.4%)
Number of relevant edges connecting ligand pseudo-atoms: 91 (90.1%)
% w.r.t. total number of relevant edges: 83.5%)
Number of relevant edges connecting protein and ligand pseudo-atoms: 11 (26.8%)
% w.r.t. total number of relevant edges: 10.1%)

Shapley values for edges: 

(0,1): -0.00039919614791870115
(0,2): -0.00018446743488311767
(0,18): 0.00018391847610473632
(0,25): 0.0002833449840545654
(0,27): 0.0006402337551116943
(0,28): 0.0002508145570755005
(0,31): 0.00028888225555419924
(1,0): 3.7091970443725584e-06
(1,8): 0.0027037161588668824
(1,18): -0.0007933527231216431
(1,25): 0.00033809125423431394
(1,27): -7.008731365203857e-05
(1,28): 0.001561352014541626
(1,31): 7.264077663421631e-05
(2,0): -0.0013681542873382568
(2,3): -0.0002163994312286377
(2,4): 3.669261932373047e-05
(2,5): -9.795308113098145e-05
(2,11): 0.0006506001949310303
(2,12): 5.9239864349365234e-05
(2,15): -1.540064811706543e-05
(2,17): 7.066965103149415e-05
(2,18): -8.440196514129639e-05
(2,19): 0.00010984063148498535
(2,22): -6.418585777282714e-05
(2,27): 0.00010881125926971435
(2,31): 0.0011399024724960327
(2,33): 0.0009049773216247559
(3,2): 5.5446624755859376e-05
(3,4): -4.464387893676758e-07
(3,12): 9.6321702003479e-05
(3,17): 0.00014406800270080566
(3,18): 3.573536872863769e-05
(3,19): 0.00010540127754211425
(3,22): 0.00535518229007721
(3,27): -0.0002732741832733154
(3,31): 0.00048111438751220704
(3,33): -0.0004933828115463257
(3,35): -0.00012483417987823486
(4,2): -4.490315914154053e-05
(4,3): 3.8633346557617186e-05
(4,5): -1.9749999046325685e-05
(4,11): 3.922164440155029e-05
(4,15): 0.0015736627578735352
(4,17): 0.00016629934310913086
(4,18): 0.00019741415977478027
(4,19): 9.756088256835938e-06
(4,22): 3.5599470138549804e-05
(4,31): 0.0003508871793746948
(4,33): 0.00040786147117614745
(5,2): -0.00011083245277404785
(5,4): -0.00027944564819335936
(5,6): 1.712501049041748e-05
(5,7): -1.998782157897949e-05
(5,9): 4.154682159423828e-05
(5,10): 9.590268135070801e-05
(5,12): -0.0002271711826324463
(5,14): 0.0007192295789718628
(5,15): -2.4574995040893553e-06
(5,19): 0.00027269065380096434
(5,22): -1.362919807434082e-05
(5,28): -8.029460906982421e-05
(5,29): -0.00039609074592590333
(5,30): -9.765625e-06
(5,31): -0.00022812604904174806
(5,32): -0.002255996465682983
(5,33): -0.0006733465194702148
(5,34): -0.0002331256866455078
(6,5): -1.7881393432617187e-09
(6,7): -1.456737518310547e-06
(6,10): -1.2377500534057617e-05
(6,15): 0.0008936119079589844
(6,28): -0.0003856003284454346
(6,29): 2.820909023284912e-05
(6,30): 1.7064809799194335e-06
(6,31): -5.584955215454102e-06
(6,32): -0.0019278866052627563
(6,33): -0.00031317353248596193
(6,34): -0.004193911552429199
(7,5): 1.1920928955078125e-09
(7,6): -1.5002489089965821e-06
(7,9): -3.256916999816894e-05
(7,10): 6.563067436218262e-06
(7,15): 3.641009330749512e-05
(7,28): -0.00019096076488494873
(7,30): 0.0007025480270385742
(7,31): -0.000942699909210205
(7,32): -2.3877620697021486e-06
(7,33): 1.0165572166442872e-05
(8,1): -5.232572555541992e-05
(8,25): -0.0008794033527374268
(9,5): 1.1920928955078125e-09
(9,7): -0.00012718379497528076
(9,10): -4.606783390045166e-05
(9,13): -8.401751518249511e-05
(9,14): 0.00014197170734405517
(9,15): 0.0007292908430099487
(9,19): 0.0002680087089538574
(9,28): 0.00018213868141174318
(9,29): -0.008360713124275207
(9,30): -0.0023799097537994386
(9,31): -0.0009905606508255004
(9,33): -0.00027856588363647463
(9,34): 0.00010196983814239502
(10,5): -2.444446086883545e-05
(10,6): -1.6558170318603516e-05
(10,7): -2.782940864562988e-06
(10,9): -2.935647964477539e-05
(10,13): 0.00044596850872039793
(10,14): -7.031023502349853e-05
(10,15): 0.0002520078420639038
(11,2): 0.00037380874156951906
(11,4): -8.951425552368164e-06
(11,12): 5.655109882354736e-05
(11,17): -0.00013728201389312744
(11,18): -2.19649076461792e-05
(11,19): 1.3112425804138184e-05
(11,22): 0.00011696875095367432
(11,27): 0.0017141002416610719
(12,2): 0.00020378708839416504
(12,3): 2.582073211669922e-06
(12,5): 0.0009692919254302979
(12,11): 0.00011553287506103515
(12,15): 0.00011892199516296387
(12,17): 2.939760684967041e-05
(12,18): 0.0003009212017059326
(12,19): -3.6227703094482423e-06
(12,22): 2.304553985595703e-05
(13,9): -5.041956901550293e-06
(13,10): -0.00034147560596466066
(13,14): -0.0001673656702041626
(13,23): 3.203094005584717e-05
(13,24): 0.0003137224912643433
(13,39): -0.0005440199375152588
(14,5): 0.00018225908279418946
(14,9): -2.5451183319091794e-07
(14,10): -5.8928728103637693e-05
(14,13): -0.000296592116355896
(14,23): 0.0005365657806396484
(14,24): 0.00085923433303833
(15,2): -1.5885233879089355e-05
(15,4): 0.0010528892278671264
(15,5): 0.0
(15,6): 0.0005088400840759277
(15,7): 6.492733955383301e-06
(15,9): 5.235016345977783e-05
(15,10): 0.0010253733396530151
(15,12): 0.0010866749286651612
(15,17): 0.0008718353509902954
(15,18): 0.0009255790710449218
(15,19): 0.0001697152853012085
(15,22): 1.3089179992675781e-05
(15,38): -0.0019061571359634398
(16,20): -0.00037639975547790525
(16,21): -0.00039561927318573
(16,23): 7.808804512023925e-06
(16,24): -0.00010630011558532715
(17,2): 5.960464477539063e-10
(17,3): -1.4090538024902344e-06
(17,4): 1.100599765777588e-05
(17,11): -0.000175783634185791
(17,12): -5.256533622741699e-06
(17,15): -0.00020560145378112793
(17,18): -4.705607891082764e-05
(17,19): -3.64762544631958e-05
(17,22): 2.176821231842041e-05
(17,27): 0.00015621960163116454
(18,0): 0.00011360287666320801
(18,1): 0.002172720432281494
(18,2): 3.483891487121582e-06
(18,3): 0.0001528477668762207
(18,4): 0.00010818243026733398
(18,11): 4.753172397613526e-05
(18,12): 0.0001720595359802246
(18,15): 2.164483070373535e-05
(18,17): -0.00010801732540130615
(18,19): 3.782808780670166e-05
(18,22): 9.735643863677978e-05
(18,27): -2.8980374336242675e-05
(19,2): 5.373954772949219e-05
(19,3): 6.453454494476319e-05
(19,4): -8.666813373565674e-05
(19,5): -5.2976608276367185e-06
(19,9): 0.00043283462524414064
(19,11): 6.479501724243164e-05
(19,12): -6.189465522766114e-05
(19,15): 1.3922452926635743e-05
(19,17): -1.0321736335754394e-05
(19,18): -2.616584300994873e-05
(19,22): 1.337110996246338e-05
(20,16): -0.0006190699338912964
(20,21): 0.0002621406316757202
(20,23): -0.00010252714157104492
(20,24): -0.00010166049003601074
(20,26): -0.0007378000020980835
(21,16): -0.00027356088161468507
(21,20): 0.000888516902923584
(21,23): -2.6439428329467772e-05
(21,24): 0.0003934884071350098
(21,26): -0.0005648142099380493
(22,2): 1.1920928955078125e-09
(22,3): 8.651375770568848e-05
(22,4): -3.246605396270752e-05
(22,5): -9.238719940185547e-06
(22,11): -0.00011730730533599853
(22,12): -4.854261875152588e-05
(22,15): -2.2854208946228028e-05
(22,17): 7.707059383392334e-05
(22,18): 1.630842685699463e-05
(22,19): -3.6436319351196286e-05
(22,36): -0.0012980121374130248
(22,37): -0.0006901979446411133
(23,13): 5.627274513244629e-05
(23,14): 0.00026457548141479493
(23,16): 0.0017753130197525025
(23,20): 0.0009105861186981201
(23,21): 0.0002507781982421875
(23,24): -0.00016482710838317872
(23,26): 0.0018181926012039184
(23,40): 0.00030397891998291016
(24,13): 9.166836738586426e-05
(24,14): 0.00034272730350494386
(24,16): 0.00047806918621063233
(24,20): -0.00028821706771850583
(24,21): 0.0014439809322357177
(24,23): -5.069673061370849e-05
(24,26): 0.0011312049627304078
(25,0): -1.658797264099121e-05
(25,1): -3.834247589111328e-05
(25,8): -0.001932169795036316
(25,27): 0.0006277137994766236
(26,20): -0.00039531886577606203
(26,21): -0.0004162263870239258
(26,23): 7.317185401916503e-05
(26,24): 6.244003772735595e-05
(27,0): 0.0016110372543334962
(27,1): -0.00017836034297943114
(27,2): 7.224440574645996e-05
(27,3): 0.001589146852493286
(27,11): 0.0007040524482727051
(27,17): 0.00030123591423034666
(27,18): 1.053154468536377e-05
(27,25): 0.0017307710647583008
(28,0): -0.0005267143249511718
(28,1): -0.004911559224128723
(28,5): -0.005763230323791504
(28,6): -0.0030685174465179444
(28,7): -0.004298438429832459
(28,9): -0.002318529486656189
(28,35): -4.2985081672668455e-05
(29,5): -4.806756973266602e-05
(29,6): 3.130435943603516e-06
(29,9): -0.0012245970964431764
(29,30): 0.00010637104511260986
(30,5): 2.880096435546875e-05
(30,6): 3.638803958892822e-05
(30,7): 0.0013858467340469361
(30,9): 0.000238226056098938
(30,29): 0.00015940725803375243
(30,31): -0.0001251828670501709
(31,0): -0.003096311092376709
(31,1): -0.0033407461643218993
(31,2): -0.00379591703414917
(31,3): -0.004626424908638
(31,4): -0.0023087674379348756
(31,5): -0.0014036953449249267
(31,6): -0.00023805916309356688
(31,7): -0.001373000741004944
(31,9): -0.0010759925842285156
(31,30): -0.0008017027378082275
(32,5): -0.0013966774940490723
(32,6): -0.0015849721431732177
(32,7): 6.786644458770751e-05
(32,33): 7.561445236206055e-06
(32,34): 0.00010702669620513915
(32,38): -3.5893321037292484e-05
(33,2): -0.003266173601150513
(33,3): -0.0044721257686614994
(33,4): -0.0034721213579177856
(33,5): -0.0009541851282119751
(33,6): -0.0013321369886398315
(33,7): -4.6610236167907715e-05
(33,9): -0.00012999176979064942
(33,32): 1.884877681732178e-05
(33,34): -1.0376572608947754e-05
(34,5): -0.000294458270072937
(34,6): 0.000291292667388916
(34,9): -2.384185791015625e-09
(34,32): 0.00020380139350891112
(34,33): -1.2810826301574707e-05
(34,38): 0.0080538010597229
(35,3): 9.775161743164062e-07
(35,28): -5.944967269897461e-05
(36,22): -0.002470254898071289
(36,37): -0.0011033147573471069
(37,22): -0.0005081069469451905
(37,36): -0.0008726787567138672
(38,15): -0.0015231800079345704
(38,32): -2.3117661476135255e-05
(38,34): 0.0014865827560424805
(39,13): -0.001062963604927063
(39,40): -0.0015636223554611206
(40,23): 0.0007565808296203613
(40,39): -0.0012246882915496827
