Interaction name: 1v0o

Predicted class: 0
Predicted probability: 0.8153047561645508
Sum of phi edges: -0.10803202152252199

Interaction statistics:

Number of total edges connecting protein pseudo-atoms: 9
Number of total edges connecting ligand pseudo-atoms: 85
Number of total edges connecting protein and ligand pseudo-atoms: 29

Pertinent positive set edge index: tensor([[ 3],
        [19]], device='cuda:0')

FID- using pertinent positive set: -0.0950859785079956

Number of pertinent positive edges connecting protein pseudo-atoms: 0 (0.0%)
% w.r.t. total number of pertinent positive edges: 0.0%)
Number of pertinent positive edges connecting ligand pseudo-atoms: 1 (1.2%)
% w.r.t. total number of pertinent positive edges: 100.0%)
Number of pertinent positive edges connecting protein and ligand pseudo-atoms: 0 (0.0%)
% w.r.t. total number of pertinent positive edges: 0.0%)

Minimal top k set edge index: tensor([[ 3,  3, 19,  4,  5, 22, 19,  2, 13, 24,  1, 21,  2,  4, 31, 13,  8,  0,
          2, 21, 21, 13, 13, 23, 13, 21,  9,  0, 38, 20, 19, 11,  4, 17,  3, 20,
         11,  9, 14, 19,  7, 13,  7,  2, 18, 17, 19,  6, 15,  7, 18,  4,  0, 20,
          5, 16, 19, 21, 11, 19, 13, 12,  2, 19, 24,  3,  9, 18, 12, 21,  3,  5,
         14, 17, 17, 23, 16, 14,  0, 21,  8, 12,  3,  3, 29, 14, 11, 12, 20, 12,
          4, 15, 22, 10, 14, 21,  4, 19,  8,  3, 19,  6, 14, 18,  6, 13, 12, 12,
         21,  6, 19,  6,  8, 13, 18, 11,  1,  7, 12, 12,  2,  7, 11, 20,  8,  4,
          5,  8, 37,  9,  7,  2, 15, 22,  8,  3,  2, 21,  3, 19,  4,  2, 13, 12,
          7,  3,  9,  0,  9, 10,  4,  9, 15, 18,  5,  8,  7,  9, 20, 12, 15, 16,
         10, 26, 35, 17, 25, 13, 18,  1, 30, 24,  6, 21, 17, 32, 16,  6, 25,  1,
         19, 10, 15, 16, 24, 16, 18, 32,  0, 10, 14, 36, 36, 11,  5, 10, 17,  0,
         36, 33,  5, 20, 34, 14, 38, 31, 33, 12, 38, 33, 28, 35, 20, 26,  1, 30,
         19, 37, 37, 26, 34, 24, 11,  5,  5, 26, 20, 11, 11, 31, 11, 31, 26, 18,
         14, 37, 31, 11,  0, 11,  5, 17, 29, 11, 22, 16],
        [19, 22,  8, 24,  0,  0,  3, 21,  4,  0, 11,  4, 13, 21, 35,  9, 19,  5,
         19,  9,  7,  2,  6,  3,  7,  2, 21, 11, 30,  5,  7, 12, 13, 16, 23, 15,
         14, 13, 12,  9, 21,  8, 13, 24, 16,  5,  4, 13, 29, 19, 15, 12, 17, 17,
         10, 17,  2,  8,  6, 14,  3,  8, 12,  0,  3, 12, 19,  5,  4,  6, 13, 18,
         21, 18,  0, 37, 18,  6, 19,  3, 21, 14,  9,  2, 11, 11, 19,  3, 16,  9,
         19, 17,  1, 17, 13, 11,  8, 12, 13, 24, 21, 14, 19,  0, 11, 19, 19, 21,
         12, 26, 11, 21,  4, 11, 20, 21, 22,  9,  7, 11,  3, 12, 13, 18, 12,  3,
          1,  7, 23,  3,  3,  8, 20, 25,  2, 21,  4, 19,  4, 13,  2,  9, 12,  2,
          8,  7,  2, 18,  7,  5,  7, 12, 16, 10, 20,  9,  4,  8, 10, 13, 18, 15,
         18,  6, 31, 20, 22, 14, 17,  5, 38,  2, 19, 14, 15, 26,  5,  1,  5,  6,
          6, 15, 10, 20,  1, 10, 31, 14, 20, 16, 33, 11, 26,  0, 25, 20, 10, 22,
         14, 14, 11,  0, 11, 36, 31, 11, 11, 37, 20, 26, 17, 19, 31, 33, 24, 16,
         35, 18, 34, 36, 37,  4, 31, 16, 17, 32, 38, 34,  5, 20, 33, 38,  5, 37,
         32, 12, 18,  1, 24, 36, 26, 28, 15, 29,  3, 30]], device='cuda:0')

FID+ using minimal top-k set: 0

Number of minimal top-k edges connecting protein pseudo-atoms: 3 (33.3%)
% w.r.t. total number of minimal top-k edges: 5.8%)
Number of minimal top-k edges connecting ligand pseudo-atoms: 43 (50.6%)
% w.r.t. total number of minimal top-k edges: 82.7%)
Number of minimal top-k edges connecting protein and ligand pseudo-atoms: 6 (20.7%)
% w.r.t. total number of minimal top-k edges: 11.5%)

Trustworthiness of the explanation: 0.0

Number of relevant edges connecting protein pseudo-atoms: 4 (44.4%)
% w.r.t. total number of relevant edges: 4.4%)
Number of relevant edges connecting ligand pseudo-atoms: 79 (92.9%)
% w.r.t. total number of relevant edges: 87.8%)
Number of relevant edges connecting protein and ligand pseudo-atoms: 7 (24.1%)
% w.r.t. total number of relevant edges: 7.8%)

Shapley values for edges: 

(0,5): 0.0008174139261245728
(0,11): 0.0005235028266906738
(0,17): 0.00013375520706176758
(0,18): -6.670892238616944e-05
(0,19): 3.968417644500732e-05
(0,20): -0.000526161789894104
(0,22): -0.000868445634841919
(0,24): -0.004600117802619934
(1,5): -0.00015837907791137694
(1,6): -0.00028294205665588376
(1,11): 0.0012013214826583863
(1,22): -7.940530776977539e-06
(1,24): -0.0016421788930892944
(2,3): -9.659528732299805e-06
(2,4): -3.904759883880615e-05
(2,8): -3.062427043914795e-05
(2,9): -5.835235118865967e-05
(2,12): 7.200837135314941e-05
(2,13): 0.0010955476760864259
(2,19): 0.0007625716924667358
(2,21): 0.0012478858232498169
(2,24): 0.00021444916725158692
(3,2): 2.7481913566589355e-05
(3,4): -4.106342792510986e-05
(3,7): -6.493508815765381e-05
(3,9): 2.9494762420654295e-05
(3,12): 6.772279739379883e-05
(3,13): 5.427122116088867e-05
(3,19): 0.008577771186828613
(3,21): -3.795087337493897e-05
(3,22): 0.002743244171142578
(3,23): 0.0003363114595413208
(3,24): 4.465579986572266e-06
(4,2): -4.7289133071899414e-05
(4,3): -1.6162395477294923e-05
(4,7): -7.308781147003174e-05
(4,8): 5.93721866607666e-06
(4,12): 0.00013756811618804933
(4,13): 0.00036362528800964355
(4,19): 1.6773343086242677e-05
(4,21): 0.0010801970958709717
(4,24): 0.002389792799949646
(5,0): 0.002092092037200928
(5,1): -1.8672943115234373e-05
(5,10): 0.0001266711950302124
(5,11): -0.0009054076671600341
(5,16): -0.0022109192609786987
(5,17): -0.0022242289781570436
(5,18): 5.3740739822387696e-05
(5,20): -7.517516613006592e-05
(5,25): -0.0007714617252349853
(5,26): -0.005617039799690246
(6,1): -0.0002475881576538086
(6,11): 2.5093555450439453e-07
(6,13): 0.00015395224094390868
(6,14): 4.189610481262207e-06
(6,19): -0.00018702566623687744
(6,21): -4.99725341796875e-06
(6,26): -4.28617000579834e-06
(7,3): -2.886354923248291e-05
(7,4): -8.213460445404053e-05
(7,8): -6.357252597808838e-05
(7,9): -8.233189582824707e-06
(7,12): -1.031041145324707e-05
(7,13): 0.00024002730846405028
(7,19): 0.00014858365058898927
(7,21): 0.00025431513786315917
(8,2): -3.601133823394775e-05
(8,4): -6.352663040161133e-06
(8,7): -1.875579357147217e-05
(8,9): -8.12917947769165e-05
(8,12): -1.4066696166992188e-05
(8,13): 4.924535751342774e-06
(8,19): 0.0008692270517349243
(8,21): 3.237009048461914e-05
(9,2): -6.661415100097656e-05
(9,3): -2.1434426307678223e-05
(9,7): -6.992399692535401e-05
(9,8): -9.011566638946534e-05
(9,12): -7.322072982788086e-05
(9,13): 0.00030732691287994386
(9,19): 6.447851657867432e-05
(9,21): 0.0005436712503433228
(10,5): -7.106423377990723e-05
(10,15): -0.0003186917304992676
(10,16): -0.0005553382635116578
(10,17): 1.0128021240234374e-05
(10,18): -0.00011753857135772705
(10,20): -0.0007781493663787842
(11,0): -0.0007500934600830078
(11,1): -0.004538229107856751
(11,5): -0.002979229688644409
(11,6): 0.0001033395528793335
(11,12): 0.0004158532619476318
(11,13): -1.0593533515930175e-05
(11,14): 0.000315554141998291
(11,19): 2.0565390586853026e-05
(11,21): -7.20977783203125e-06
(11,29): -0.007889419794082642
(11,31): -0.002113785147666931
(11,33): -0.003319961428642273
(11,34): -0.0029738718271255494
(11,36): -0.004776468276977539
(12,2): -6.1005353927612305e-05
(12,3): 1.9319653511047363e-05
(12,4): 6.162285804748535e-05
(12,7): -8.77976417541504e-06
(12,8): 8.219897747039795e-05
(12,9): 1.713752746582031e-05
(12,11): -8.829832077026366e-06
(12,13): -0.00010288178920745849
(12,14): 3.148674964904785e-05
(12,19): -1.6134977340698242e-06
(12,21): -3.545284271240234e-06
(12,37): -0.0013443803787231445
(13,2): 0.0006932228803634644
(13,3): 8.270204067230225e-05
(13,4): 0.0012316769361495972
(13,6): 0.0006474846601486206
(13,7): 0.0006106561422348023
(13,8): 0.0002500784397125244
(13,9): 0.0009794962406158448
(13,11): -6.411075592041016e-06
(13,12): -6.08450174331665e-05
(13,14): -0.00014009535312652587
(13,19): -1.7881393432617187e-09
(14,6): 4.011571407318115e-05
(14,11): 2.2377371788024903e-05
(14,12): 0.0002791792154312134
(14,13): 7.183551788330078e-06
(14,19): 2.8067827224731447e-06
(14,21): 4.580140113830566e-05
(14,32): -0.00431376039981842
(14,33): -0.0005916154384613037
(14,36): -0.0010095077753067016
(15,10): -0.00032965123653411866
(15,16): -7.324039936065674e-05
(15,17): 1.1109113693237304e-05
(15,18): -0.00010689139366149902
(15,20): -3.121852874755859e-05
(15,29): 0.00014971137046813964
(16,5): -0.00024187743663787843
(16,10): -0.0003727233409881592
(16,15): -0.00010692358016967774
(16,17): 0.00011871755123138428
(16,18): 4.0677189826965335e-05
(16,20): -0.00033148646354675293
(16,30): -0.009277672171592713
(17,0): 4.491686820983887e-05
(17,5): 0.00018640220165252685
(17,10): -0.0008373969793319702
(17,15): -0.00023091256618499757
(17,16): 0.0003379899263381958
(17,18): 4.558205604553223e-05
(17,20): -0.00013811588287353515
(17,28): -0.006076809167861939
(18,0): 1.0496377944946289e-06
(18,5): 6.18588924407959e-05
(18,10): -7.399320602416993e-05
(18,15): 0.0001447737216949463
(18,16): 0.00018830060958862304
(18,17): -0.00014018237590789794
(18,20): -7.089376449584961e-06
(18,31): -0.0004754030704498291
(18,37): -0.004170281887054443
(19,0): 6.89166784286499e-05
(19,2): 0.00011791586875915527
(19,3): 0.0012798613309860229
(19,4): 0.00015414655208587647
(19,6): -0.0003099644184112549
(19,7): 0.00046465039253234863
(19,8): 0.002605687975883484
(19,9): 0.0002747267484664917
(19,11): -4.8881769180297855e-06
(19,12): 5.0270557403564455e-06
(19,13): -4.1400790214538576e-05
(19,14): 0.00010172605514526368
(19,21): 4.341006278991699e-06
(19,35): -0.0016910529136657715
(20,0): -0.00099978506565094
(20,5): 0.0004964196681976319
(20,10): -9.08595323562622e-05
(20,15): 0.00032666683197021487
(20,16): 1.762568950653076e-05
(20,17): 0.00013224959373474122
(20,18): -1.1126399040222167e-05
(20,31): -0.0014686208963394164
(20,38): -0.002960624694824219
(21,2): 0.0006063628196716309
(21,3): 3.5896897315979004e-05
(21,4): 0.0011308109760284424
(21,6): 5.9067606925964356e-05
(21,7): 0.0007162761688232422
(21,8): 0.00010419368743896484
(21,9): 0.0007509005069732666
(21,11): 6.576776504516602e-06
(21,12): -4.233717918395996e-06
(21,14): -0.00021205484867095948
(21,19): -4.029452800750732e-05
(22,0): 0.001668727397918701
(22,1): 1.022040843963623e-05
(22,3): -0.008882768154144287
(22,25): -3.330826759338379e-05
(23,3): 0.0006146258115768432
(23,37): 4.1049718856811526e-05
(24,0): 0.0012099558115005492
(24,1): -0.0003701061010360718
(24,2): -0.00017593562602996826
(24,3): 6.811380386352539e-05
(24,4): -0.0020052534341812134
(25,5): -0.0002665424346923828
(25,22): -0.00013951122760772706
(26,5): -0.004163933396339417
(26,6): -0.0001215285062789917
(26,32): -0.002555248141288757
(26,33): -0.0015525072813034058
(26,36): -0.0018172305822372436
(28,17): -0.001409987211227417
(29,11): 2.59321928024292e-05
(29,15): -0.006326429843902588
(30,16): -0.0016819393634796142
(30,38): -0.00016148388385772705
(31,11): -0.0010174399614334107
(31,18): -0.004537084698677063
(31,20): -0.003225775957107544
(31,35): 0.0010624241828918457
(31,38): -0.003937054872512818
(32,14): -0.0005112737417221069
(32,26): -0.00023924708366394044
(33,11): -0.00124406635761261
(33,14): -0.0008888185024261474
(33,26): -0.0013973116874694824
(34,11): -0.0010060858726501465
(34,37): -0.0018296992778778075
(35,19): -0.0014348644018173217
(35,31): -0.00012355387210845947
(36,11): -0.0006445544958114624
(36,14): -0.0008726918697357178
(36,26): -0.0006730598211288452
(37,12): -0.004432380199432373
(37,18): -0.0017566585540771484
(37,23): -1.9840598106384278e-05
(37,34): -0.0018165922164916993
(38,20): -0.0013444912433624267
(38,30): 0.0005167460441589355
(38,31): -0.0010148566961288453
