Interaction name: 2cbj

Affinity: 8.270000457763672
Predicted class: 1
Predicted probability: 0.762341320514679
Sum of phi edges: 0.10421106398105623

Interaction statistics:

Number of total edges connecting protein pseudo-atoms: 15
Number of total edges connecting ligand pseudo-atoms: 88
Number of total edges connecting protein and ligand pseudo-atoms: 43

Pertinent positive set edge index: tensor([[38],
        [14]], device='cuda:0')

FID- using pertinent positive set: 0.24365383386611938

Number of pertinent positive edges connecting protein pseudo-atoms: 0 (0.0%)
% w.r.t. total number of pertinent positive edges: 0.0%)
Number of pertinent positive edges connecting ligand pseudo-atoms: 0 (0.0%)
% w.r.t. total number of pertinent positive edges: 0.0%)
Number of pertinent positive edges connecting protein and ligand pseudo-atoms: 1 (2.3%)
% w.r.t. total number of pertinent positive edges: 100.0%)

Minimal top k set edge index: tensor([[38, 39,  2, 37, 32, 17, 21, 44,  6, 29, 13, 28, 12,  9,  7, 23, 37, 46,
         36,  8, 18, 10, 11, 32, 17, 34, 16, 10, 13, 23, 23, 25, 10, 15, 23,  6,
         36,  3, 12, 45, 33,  7, 18,  2,  1, 14, 13, 28, 34, 18, 19, 22, 22,  6,
         44,  5, 12,  6, 17, 37, 25, 29, 12,  7,  0,  6, 17, 35, 17, 17,  0, 22,
          8, 28, 13, 27, 20, 13, 13, 14, 22, 27, 44, 18,  2, 45,  4,  8, 12, 17,
         15, 17, 20, 16, 15, 38, 21, 35, 18, 20, 18, 20, 21, 38, 41, 16, 10, 27,
          8, 32, 23, 14,  4,  0, 40, 21, 17, 27, 20, 10, 19, 25,  2, 15,  2, 34,
         17, 43, 19, 25,  0, 22, 21, 29,  5,  4,  7, 17,  1,  4, 14,  4, 38,  1,
         27, 26, 22,  9, 24, 42, 13, 27, 13, 39, 19,  0, 10, 37,  5, 32, 20, 24,
         18,  4,  1,  5, 19, 11,  5, 39, 28,  3, 23, 18,  0, 16, 15,  5,  4, 30,
         17, 21,  3,  8, 32, 11,  3,  2, 14,  1, 16, 44, 17, 14,  4,  0, 15,  2,
         17, 27, 17, 16, 18,  2,  5,  4, 41,  4, 14, 31,  8,  3, 15, 14, 15, 11,
          3, 12, 10,  5, 26, 15, 21,  0,  4, 19, 16, 30, 26,  2,  1,  3,  1, 14,
         26, 14, 16,  2,  1, 16,  4, 11,  2,  4,  7, 14, 24, 10,  6,  0, 35, 30,
         16, 16,  7, 15,  9, 16,  1, 14,  4, 25, 16,  8, 16, 15,  9, 31,  8,  1,
         10, 15, 15, 12, 16, 15,  5,  8,  2, 25, 14,  5,  8, 11,  9, 29,  3,  9,
         12, 32, 24, 28],
        [14, 15,  9, 14, 15, 41, 32, 16,  5,  8, 34,  7, 20, 10, 18, 21, 16, 22,
         38, 29, 32,  9,  2, 17, 14, 27, 37,  4, 35, 19, 20,  1,  3, 39,  7, 28,
         13, 31, 19, 17, 13,  5, 19,  1, 24, 16, 32, 29, 35, 22, 22, 20, 46, 27,
         18, 15,  5,  4, 16, 39,  0, 25,  6,  6,  5,  7,  3, 34, 40, 11, 13, 19,
         15, 27, 33,  4, 18, 36, 44, 15, 18, 34, 13, 21,  3, 18, 10, 13, 21, 15,
         16,  2, 19, 44,  4, 17, 22, 13, 12, 22, 44, 21, 20, 36, 17, 15, 16,  3,
          1, 13, 22, 38,  8, 26, 17, 18,  4,  6, 23,  1, 12,  4, 26, 14,  4, 13,
         43, 17, 21,  2, 16, 21, 19, 28,  6,  2, 28, 42, 26,  0, 10, 11, 30, 25,
          2,  1, 23,  2,  0, 17,  8,  5,  0, 31, 18, 24, 14, 28,  4, 21, 12,  1,
         45, 25,  2, 27, 20, 15, 14, 37,  6, 16, 12, 20, 25,  4,  1,  8,  5,  1,
         32, 12,  2,  4, 18,  4, 10, 16,  5, 30, 14, 24, 38,  4,  3,  4,  3, 25,
         10, 28, 45, 17,  7, 11, 16,  6, 26, 27,  1,  3, 14,  4, 10, 37, 32, 10,
         27, 18, 17,  0,  2,  2, 23, 14, 14, 23, 11, 38,  0, 27, 15, 15, 10,  2,
         41, 17,  0, 14,  8,  1, 16, 17, 15, 17, 12,  0, 35, 15, 12,  8, 24, 25,
          9,  5, 23, 17, 14,  3, 14,  9, 15, 30,  2, 16, 10,  5,  8, 39,  9, 16,
         11,  8,  9, 23,  8, 11,  7,  5, 17, 29,  8, 12,  0, 16, 15, 32, 17, 16,
          7, 29, 44, 37]], device='cuda:0')

FID+ using minimal top-k set: 0

Number of minimal top-k edges connecting protein pseudo-atoms: 6 (40.0%)
% w.r.t. total number of minimal top-k edges: 6.9%)
Number of minimal top-k edges connecting ligand pseudo-atoms: 43 (48.9%)
% w.r.t. total number of minimal top-k edges: 49.4%)
Number of minimal top-k edges connecting protein and ligand pseudo-atoms: 38 (88.4%)
% w.r.t. total number of minimal top-k edges: 43.7%)

Trustworthiness of the explanation: 0.0

Number of relevant edges connecting protein pseudo-atoms: 6 (40.0%)
% w.r.t. total number of relevant edges: 7.3%)
Number of relevant edges connecting ligand pseudo-atoms: 40 (45.5%)
% w.r.t. total number of relevant edges: 48.8%)
Number of relevant edges connecting protein and ligand pseudo-atoms: 36 (83.7%)
% w.r.t. total number of relevant edges: 43.9%)

Shapley values for edges: 

(0,4): -0.0011636126041412354
(0,5): 0.003394182324409485
(0,8): -0.00402283787727356
(0,13): 0.0031497228145599366
(0,14): -0.0022337383031845095
(0,16): 0.001142774224281311
(0,24): 0.0005065011978149414
(0,25): -0.00026660025119781497
(0,26): 0.0018196415901184082
(1,2): 6.25312328338623e-05
(1,8): -0.003112285137176514
(1,10): -0.0026022255420684814
(1,14): -0.005202131867408752
(1,15): -0.0025287508964538575
(1,16): -0.00800732672214508
(1,24): 0.004604942798614502
(1,25): 0.0007933723926544189
(1,26): 0.0008946353197097778
(1,30): -0.0009727293252944947
(2,1): 0.004671374559402466
(2,3): 0.0027783554792404175
(2,4): 0.00137581467628479
(2,9): 0.022630383372306825
(2,11): -0.0015230494737625121
(2,14): -0.0028563082218170167
(2,15): -0.0035262662172317505
(2,16): -0.000913061499595642
(2,17): -0.01066112756729126
(2,25): -0.0012411433458328247
(2,26): 0.0014171379804611207
(2,27): -0.0024508219957351685
(3,2): -0.0006791090965270996
(3,4): -0.001712052822113037
(3,10): -0.0008360922336578369
(3,15): -0.0025319349765777588
(3,16): -9.992420673370362e-05
(3,17): -0.015788131952285768
(3,27): -0.001971772313117981
(3,31): 0.005010550618171692
(4,0): 0.0008619964122772217
(4,2): 0.0009701800346374512
(4,3): -0.0010920214653015138
(4,5): -0.00040200233459472654
(4,6): -0.0015685909986495972
(4,8): 0.0018464601039886474
(4,10): 0.002756781578063965
(4,11): 0.0008445775508880615
(4,14): -0.0022912997007369994
(4,15): -0.0053523796796798705
(4,16): -0.0032609134912490846
(4,17): -0.003530108332633972
(4,25): 0.0001467353105545044
(4,27): -0.001607825756072998
(5,0): -0.0021680134534835817
(5,4): 0.0004520648717880249
(5,6): 0.0009741765260696411
(5,7): -0.00994574546813965
(5,8): -0.0003514945507049561
(5,12): -0.011176092028617858
(5,14): -6.274402141571045e-05
(5,15): 0.0038169825077056883
(5,16): -0.0015453952550888062
(5,27): 4.513204097747803e-05
(6,4): 0.003735884428024292
(6,5): 0.012755075097084045
(6,7): 0.003351891040802002
(6,12): -0.003906592130661011
(6,27): 0.003951137661933899
(6,28): 0.005188966393470764
(7,5): 0.00479266881942749
(7,6): 0.0034678322076797485
(7,12): -0.003575824499130249
(7,18): 0.010109873414039612
(7,23): -0.004472295641899109
(7,28): 0.0009320378303527832
(8,0): -0.011725810170173646
(8,1): 0.0020169323682785035
(8,4): -0.0006821268796920777
(8,5): -0.009992497563362122
(8,9): -0.00795356035232544
(8,13): 0.0027026218175888062
(8,14): -0.0016509062051773072
(8,15): 0.0031244361400604246
(8,16): -0.005762701630592346
(8,29): 0.008162252306938171
(9,2): 0.0007389891147613526
(9,8): -0.006736287474632263
(9,10): 0.01065628170967102
(9,14): -0.004773174524307251
(9,15): -0.012671764492988586
(9,16): -0.017360557913780213
(10,1): 0.001620800495147705
(10,3): 0.005378957986831665
(10,4): 0.006401135921478272
(10,9): 0.00763849675655365
(10,11): -0.008318593502044678
(10,14): 0.0005011236667633056
(10,15): -0.0037895190715789796
(10,16): 0.0020647573471069334
(10,17): -0.0021648716926574705
(11,2): 0.007587440013885498
(11,4): -0.0008274096250534057
(11,10): -0.0018451106548309326
(11,15): 7.935166358947754e-06
(11,16): -0.011754786372184753
(11,17): -0.003466152548789978
(12,5): 0.003744056224822998
(12,6): 0.003536885380744934
(12,7): -0.01763126313686371
(12,18): -0.0020025718212127687
(12,19): 0.004990465641021728
(12,20): 0.010672492384910583
(12,21): 0.002701635956764221
(12,23): -0.009326713681221009
(13,0): 0.0006441426277160645
(13,8): 0.0006687045097351074
(13,32): 0.004503130316734314
(13,33): 0.003069691061973572
(13,34): 0.01224699079990387
(13,35): 0.006261001229286194
(13,36): 0.002950522303581238
(13,44): 0.0028938210010528566
(14,0): -0.003761242628097534
(14,1): -0.0016429531574249268
(14,2): -0.002694832682609558
(14,4): -0.0010205459594726561
(14,5): -0.0009466522932052613
(14,8): -0.010996916890144348
(14,9): -0.005347404479980469
(14,10): 0.0008451038599014282
(14,15): 0.0028847122192382814
(14,16): 0.004538681507110596
(14,17): -0.002851075530052185
(14,37): -0.0018016737699508667
(14,38): 0.0019042372703552246
(15,1): -0.00027990102767944336
(15,2): -0.0022044795751571655
(15,3): -0.0012273174524307252
(15,4): 0.002507328987121582
(15,5): -0.006392221450805664
(15,8): -0.00855623722076416
(15,9): -0.008923432230949402
(15,10): -0.0017838609218597413
(15,11): -0.009614397883415221
(15,14): 0.0013869673013687134
(15,16): 0.002628646492958069
(15,17): -0.004475671648979187
(15,32): -0.0018133217096328736
(15,39): 0.005258399248123169
(16,0): -0.002852286100387573
(16,1): -0.0032596105337142946
(16,2): -0.005581474304199219
(16,3): -0.005130069851875305
(16,4): -0.0002797222137451172
(16,5): -0.004365732073783875
(16,8): -0.009386677742004395
(16,9): -0.004347264766693115
(16,10): -0.006224341988563538
(16,11): -0.002419520616531372
(16,14): -0.0009737163782119751
(16,15): 0.002065314054489136
(16,17): -0.0013915079832077027
(16,37): 0.006566244959831238
(16,44): 0.002529585361480713
(17,2): 0.002599443793296814
(17,3): 0.003325819969177246
(17,4): 0.0017375922203063964
(17,10): -0.0013368064165115356
(17,11): 0.003181469440460205
(17,14): 0.007210753560066223
(17,15): 0.0026367592811584475
(17,16): 0.0037179142236709595
(17,32): -0.0004877656698226929
(17,38): -0.0009982484579086305
(17,40): 0.0032408010959625246
(17,41): 0.017359904646873474
(17,42): 0.0009097963571548462
(17,43): 0.0012600725889205932
(17,45): -0.0013799452781677246
(18,7): -0.0015198254585266113
(18,12): 0.002392923831939697
(18,19): 0.004696469902992249
(18,20): -0.00026309072971343996
(18,21): 0.0027840447425842283
(18,22): 0.004236872792243957
(18,32): 0.00813444435596466
(18,44): 0.0023196661472320557
(18,45): 0.00022882282733917238
(19,12): 0.0015117049217224122
(19,18): 0.0005473983287811279
(19,20): 9.508728981018066e-06
(19,21): 0.0011855345964431763
(19,22): 0.004195914268493652
(19,23): -0.002334963083267212
(20,12): 0.0003882443904876709
(20,18): 0.002950552701950073
(20,19): 0.0025782185792922975
(20,21): 0.0022639352083206176
(20,22): 0.0023364478349685667
(20,23): 0.0016408085823059082
(21,12): -0.0005308330059051513
(21,18): 0.0017439043521881104
(21,19): 0.001013372540473938
(21,20): 0.0022051495313644407
(21,22): 0.002483018636703491
(21,23): -0.0022154521942138673
(21,32): 0.016633538007736207
(22,18): 0.0028782570362091064
(22,19): 0.0031360000371932983
(22,20): 0.004126810431480408
(22,21): 0.0010366851091384887
(22,23): 0.000739140510559082
(22,46): 0.004018381237983704
(23,7): 0.005207650065422058
(23,12): -0.0002446460723876953
(23,19): 0.005725968480110168
(23,20): 0.005637826323509216
(23,21): 0.009951143860816955
(23,22): 0.0019544243812561037
(24,0): 0.0007324600219726562
(24,1): 0.00030645668506622313
(24,35): -0.0037731248140335082
(24,44): -0.04209689319133759
(25,0): 0.003663955926895142
(25,1): 0.005567620396614075
(25,2): 0.0011853885650634766
(25,4): 0.0014921671152114868
(25,29): -0.01083436369895935
(25,30): -0.005479574799537658
(26,0): -0.002448630928993225
(26,1): 0.0007504957914352417
(26,2): -0.002178364396095276
(26,41): -0.002754846811294556
(27,2): 0.0007869893312454224
(27,3): 0.002061169743537903
(27,4): 0.003068997859954834
(27,5): 0.0006540751457214355
(27,6): 0.001724236011505127
(27,28): -0.001376534104347229
(27,34): 0.002859789729118347
(28,6): -8.146107196807862e-05
(28,7): 0.01162199854850769
(28,27): 0.0031211036443710327
(28,29): 0.0044925928115844725
(28,37): -0.06279372096061707
(29,8): 0.012324293255805968
(29,25): 0.0035792094469070434
(29,28): 0.0010117429494857788
(29,32): -0.015653027296066283
(30,1): -0.00040633201599121093
(30,25): -0.004286723136901855
(30,38): -0.002424106001853943
(31,3): -0.00164986252784729
(31,39): -0.007951437830924987
(32,13): 0.0019843703508377075
(32,15): 0.021529510617256165
(32,17): 0.0073156064748764035
(32,18): -0.000723833441734314
(32,21): 0.0004374492168426514
(32,29): -0.017859078049659728
(33,13): 0.004832062125205994
(34,13): 0.0013641071319580077
(34,27): 0.006610774397850037
(34,35): 0.004266369938850403
(35,13): 0.002470036745071411
(35,24): -0.0042196506261825565
(35,34): 0.0032991957664489746
(36,13): 0.005159140229225158
(36,38): 0.0087888503074646
(37,14): 0.02235882818698883
(37,16): 0.009554111361503602
(37,28): 0.0004930073022842408
(37,39): 0.003684481382369995
(38,14): 0.03170250296592712
(38,17): 0.0025045400857925415
(38,30): 0.0008253484964370727
(38,36): 0.0021548277139663698
(39,15): 0.029940184354782105
(39,31): 0.0005702954530715942
(39,37): -7.666110992431641e-05
(40,17): 0.0018113762140274047
(41,17): 0.0020928317308425903
(41,26): -0.0016050052642822266
(42,17): 0.0006738942861557007
(43,17): 0.0012181133031845092
(44,13): 0.002825881838798523
(44,16): 0.014798603057861327
(44,18): 0.003908939957618714
(44,24): -0.0009764301776885987
(45,17): 0.004982059597969055
(45,18): 0.002767837047576904
(46,22): 0.009510831236839294
