Test set index: 463

Target Class: 0

Target compound: TARGET

Sum of Shapley Values: 0.8371692615189132

Shapley values:
0.009127805937002154
-0.002326094466624655
-0.027456176879123183
0.02722713086050018
-0.03718283051319879
0.0521453164061884
0.0088586323860357
0.013773474168909512
0.050306448787683485
0.020915158048447187
0.024903272943644472
0.11482337821989731
-0.0448897015926421
0.2839591543030042
0.005999817196064967
-0.022902560269744417
-0.06758897154005286
0.005723218866653256
0.06479167041771718
-0.02935142158104596
0.044124028817360716
-0.025126708616781904
-0.099623277216091
0.009788789257792483
0.048747407888968405
0.1501927289059915
-0.028818261393125492
-0.07233448672148567
0.07969181315028369
-0.017524172591840182
-0.0243434221754374
0.03232907347836594
0.003796175295344313
0.0033996263308469624
0.02155362572762849
-0.014436409907868937
-0.01089909308169516
-0.005858281199368012
0.018206599487347954
-0.008371445728872929
0.015983206536574965
0.00085140536202709
0.0016506072386405838
0.0021664617413089094
-0.0018993730582136281
0.01750025760578793
0.008587365152788684
-0.005082310538692251
0.00020259280802629052
0.030877532229320926
0.015407732634174307
0.006791531960260944
0.05454692419086596
-0.00795979423750231
0.019578167055874812
0.003240565666149753
0.030980249378241845
0.015458493335665225
0.00336969249202335
0.016387605396195073
0.01445775659844438
-0.04485408918089287
0.003939868489838176
-0.0004518702267205343
-0.00309401143719384
-0.0014981684109388938
-0.006499514517735697
-0.00969253237293484
0.005692220588607045
-0.010814743772466067
0.020929921990832715
0.052740910479642675
0.01992083522536731
0.01681467840593431
-0.0052050300432089315
0.0007930853461400828

Minimal top-k Set:
Set indices on edge ranking: [13, 25]
Set edge index: tensor([[ 6, 11],
        [ 7, 12]], device='cuda:0')
FID+: 0.9998777907489114

Pertinent Positive Set:

Pertinent set edge index: tensor([[ 6, 11,  5],
        [ 7, 12,  6]], device='cuda:0')
FID-: 0.23931270837783813