Test set index: 463

Target Class: 0

Target compound: TARGET

Sum of Shapley Values: 1.02752293736394

Shapley values:
-0.021380936081404175
0.054688782561862354
-0.019673898446271793
0.062381773667604314
0.008127119228713628
0.12670186476557543
0.11341326881918569
0.021284477642913233
0.14196821995544004
0.05983683937818415
0.0366983605747804
0.021466779386420668
-0.005437676131251858
0.1455587317858406
0.005699056698283521
-0.00042777004440237675
-0.04939964334670965
0.02063265310335619
-0.00015932339421649428
0.03212207601557803
0.04658878797629029
0.0755710355274867
-0.019173292122238898
0.04294859172135012
-0.03215394396645478
0.10414431968948885
-0.026231533739827447
-0.07097757880068417
0.07325246418048816
-0.021216736529146338
-0.0053522372425022545
0.018946347582711427
-0.01714131045698379
0.009962838568820291
0.005539912045442218
-0.00992877173829289
-0.0172528313263815
0.00723194859681537
0.023423095511272897
0.002343020327757575
0.0006247902739796784
0.025560311921233286
-0.024237883513207582
0.004016445924193266
-0.0115438896891943
-0.0015215154716595866
-0.012351761664652643
-0.0001592564959508307
0.004499983226412984
0.018834293150034407
-0.0028963022111426684
-0.008153982617800952
0.011548982995082566
-0.006857660449229761
0.01417668102810608
0.005487427179302545
0.025513245361862332
0.007789285831358691
0.0029767481879362213
0.0022619490538885005
-2.608251016190423e-05
0.006418306920278402
-0.005259063168068504
0.001132521742681493
0.0036619497088191603
-0.00046862764199051576
0.0012028726365250566
0.001808832567214131
-0.005397062018572125
0.015934836034231317
-0.004924196615837924
0.017819694010685096
-0.0024306659257307016
-0.006156281083201534
-0.0005491132969221265
0.0045622420385452115

Minimal top-k Set:
Set indices on edge ranking: [13, 8]
Set edge index: tensor([[6, 4],
        [7, 3]], device='cuda:0')
FID+: 0.735617533326149

Pertinent Positive Set:

Pertinent set edge index: tensor([[ 6,  4,  3,  3, 11,  9, 13,  2],
        [ 7,  3,  2,  4, 12, 23, 11,  1]], device='cuda:0')
FID-: 0.29786795377731323
Minimal top-k Set GNNExplainer:
Set indices on edge ranking: [57, 47, 61, 58, 46, 68, 15, 12, 72, 62, 5, 13, 3]
Set edge index: tensor([[25, 21, 27, 26, 21, 30,  6,  6, 31, 27,  3,  6,  2],
        [26, 20, 26, 24, 16, 29, 23,  5, 33, 28,  2,  7,  1]], device='cuda:0')
FID+: 0.5393165946006775

Pertinent Positive Set GNNExplainer:

Pertinent set edge index: tensor([[25, 21, 27, 26, 21, 30,  6,  6, 31, 27,  3,  6,  2,  8, 27, 13, 17, 23,
          9,  3, 25, 24, 28,  5,  5, 18,  9, 26, 22, 24, 24],
        [26, 20, 26, 24, 16, 29, 23,  5, 33, 28,  2,  7,  1,  9, 33, 22, 16,  9,
         23, 24, 24, 25, 29,  4,  6, 19,  8, 27, 13, 26,  3]], device='cuda:0')
FID-: -0.002749919891357422