Test set index: 463

Target Class: 0

Target compound: TARGET

Sum of Shapley Values: 0.9220045247511338

Shapley values:
-0.003588514850677746
0.01777579823445796
0.02181181636925554
-0.014487766999573817
0.01523779549289488
-0.04040257300743292
0.13619690178858349
0.009232750404047795
0.049010641126249116
0.02590279692189117
0.05174054631023521
0.01364051623784522
0.0005904565620569126
0.164567225762611
0.0033932919582806602
0.05085187644246945
0.040503549681083946
0.0011513550777843573
-0.008434606498351264
0.032160926861746646
0.02361310792080866
0.09354287670001582
-0.01251868309102307
0.019144176936636965
0.04858159576143188
0.025022033267736693
-0.01612144271652183
-0.06971290145774128
0.05890297751455268
-0.004431602272977409
-0.0024589961078108464
0.013883603383248686
-0.00032365774167687685
0.0019008685619054692
0.0067113102437211655
-0.0036404846877900903
-0.003054528171101206
0.003121451522805663
0.005558405085103999
-0.005975255534560437
0.0011262835493742692
0.00011563464944913706
-0.003334830711462804
0.000751377172134618
-0.00912529976978467
0.00298952853208612
-0.002276001518365312
-0.00784898756922743
-0.002482312307778369
0.013608053602913261
0.0058368738177278475
-0.006139642217889751
0.01320301159025445
0.05419788510247257
0.02880865658323019
0.0032329615377871116
0.013558050665282565
0.0009030091693479223
0.009004367492600123
-0.005233570861770612
0.003327176687039599
0.011098774966835931
0.012707826924796366
0.004000311079111149
-0.015204999335627922
-0.0027584179653250235
-0.00410159305711227
-0.003161045702447578
0.005912272674269461
0.01788926595382335
0.005980033263756025
0.016597775844749724
0.0034281854043870593
0.00592585993296176
-0.007214552625847051
0.008082963205159782

Pertinent Negative Set:
Pertinent set indices on edge ranking: [13, 6]
Pertinent set edge index: tensor([[6, 3],
        [7, 4]], device='cuda:0')
FID+: 0.7520587146282196

Pertinent Positive Set:

Pertinent set edge index: tensor([[ 6,  3,  9, 13, 24,  5,  6,  4, 11,  7,  9, 24,  4],
        [ 7,  4, 23, 11,  3,  4, 23,  3, 10,  6,  8, 25,  5]], device='cuda:0')
FID-: 0.004493117332458496
Pertinent Negative Set GNNExplainer:
Pertinent set indices on edge ranking: [74, 12, 15, 69, 75, 6, 63, 1, 9]
Pertinent set edge index: tensor([[33,  6,  6, 30, 33,  3, 27,  1,  4],
        [27,  5, 23, 31, 31,  4, 33,  0,  5]], device='cuda:0')
FID+: 0.8881871923804283

Pertinent Positive Set GNNExplainer:

Pertinent set edge index: tensor([[33,  6,  6, 30, 33,  3, 27,  1,  4, 16, 24, 21,  6,  2, 22, 27, 13, 21,
         25, 15,  3,  5,  9, 31,  1,  9, 30,  7,  6, 14, 27, 23, 24, 22, 26,  3,
         17, 21,  0, 20, 13, 28, 24],
        [27,  5, 23, 31, 31,  4, 33,  0,  5, 21, 26, 22,  7,  1, 21, 28, 22, 20,
         24, 16, 24,  4, 10, 33,  2, 23, 29,  6,  8, 15, 26,  9, 25, 13, 27,  2,
         16, 16,  1, 21, 11, 27,  3]], device='cuda:0')
FID-: 0.004420220851898193