Test set index: 463

Target Class: 0

Target compound: TARGET

Sum of Shapley Values: 1.0757354354932707

Shapley values:
0.014203078808336399
0.10385828691751334
0.04187404464379588
-0.006435044426646896
0.10899407498478958
-0.01125799422404677
0.055255631220857575
-0.022582414422122568
0.06549437663330564
0.027805441965064005
0.09008672494867459
0.03055872126554523
-0.02146479734813112
0.19184337406967106
-0.016894532867539214
-0.009477313642086163
0.028788233725154853
0.00899294201842217
0.005404814741160128
0.019813725353290398
0.039257249989445235
0.0331561808559614
0.002093464999086274
0.02503547242145881
0.043522694842978556
0.045728421588234494
-0.023966765168589935
-0.0483350477010662
0.057647077266444
-0.0025496186476373244
-0.009728344192309054
0.008361357140249546
-0.0005668496388843658
-0.0001889435255780195
0.005933436359096608
-0.0059461186879573615
-0.013835043536516971
-0.007104854305307373
0.008744645536110828
-0.012977347059042679
0.008770554637074688
-0.009962995166357095
-0.0008363350175663142
0.006203768321517505
-0.00993539091818187
0.021785594690537185
0.002505701923900164
-0.01949802174742211
-0.004508301887412509
0.007372557987406146
0.0074494135239093874
0.01353436901169589
0.024028536417090917
0.020316698465508855
0.021415981367118572
0.0009556801526246833
0.029193729063277867
0.008294431717186568
0.013907035606267803
0.03578033416360649
0.013796397681927943
-0.019414483568928092
0.003108807354219024
0.011963108357055557
0.004645698195790869
0.0007286214753716838
-5.9701963101361896e-05
0.008121305239437295
0.0003170594081876679
0.013737100209658485
-0.00021932819268513
0.01733349098844478
0.009820908648440024
-0.0029992846725735624
-0.00897072531646262
-0.00208932356447955

Minimal top-k Set:
Set indices on edge ranking: [13, 4]
Set edge index: tensor([[6, 2],
        [7, 3]], device='cuda:0')
FID+: 0.914267785847187

Pertinent Positive Set:

Pertinent set edge index: tensor([[ 6,  2,  1,  5,  4, 13,  3, 11, 11,  1,  9, 26,  9,  5, 25,  7,  4],
        [ 7,  3,  0,  4,  3, 11,  4, 12, 10,  2, 10, 25, 23,  6, 24,  6,  5]],
       device='cuda:0')
FID-: 0.43727922439575195
Minimal top-k Set GNNExplainer:
Set indices on edge ranking: [3, 10, 19, 20, 49, 55, 44, 11, 62, 0, 42, 58, 41, 69, 51, 57, 43, 47]
Set edge index: tensor([[ 2,  5,  9,  9, 22, 24, 20,  5, 27,  0, 19, 26, 18, 30, 23, 25, 19, 21],
        [ 1,  4,  8, 10, 13, 26, 19,  6, 28,  1, 18, 24, 19, 31,  6, 26, 20, 20]],
       device='cuda:0')
FID+: 0.6143060624599457

Pertinent Positive Set GNNExplainer:

Pertinent set edge index: tensor([[ 2,  5,  9,  9, 22, 24, 20,  5, 27,  0, 19, 26, 18, 30, 23, 25, 19, 21,
         15,  6, 25,  3, 24,  4,  6,  4, 26, 31, 20,  8,  1, 26, 13],
        [ 1,  4,  8, 10, 13, 26, 19,  6, 28,  1, 18, 24, 19, 31,  6, 26, 20, 20,
         14,  7, 24,  2,  3,  3,  8,  5, 27, 32, 21,  9,  0, 25, 11]],
       device='cuda:0')
FID-: 0.4174456000328064