Test set index: 463

Target Class: 0

Target compound: TARGET

Sum of Shapley Values: 1.0364834288188989

Shapley values:
0.026851163978708188
-0.0033308224306685947
-0.04085316669260453
0.011035248596923775
-0.02824071656321619
0.048703702879966365
0.022744809517942447
-0.004288640681759214
0.07984738320863694
0.02954217941420171
0.02961427876310595
0.08439485900554178
-0.05681433776088736
0.3104267641387047
0.0019477163045402098
-0.009628540076307488
-0.03477719101627979
0.012998875994561223
0.05056396715270091
-0.009100044653371055
0.04677224037719803
-0.023768463033567652
-0.09905815298288648
0.020220260271948832
0.07635728716944916
0.15564178738541873
-0.04135409765539959
-0.03719005156584996
0.09800716372283645
-0.014875548018472552
-0.021254111326363213
0.019041398128645956
-0.0059138145709011596
0.00392694146224224
0.017293685143970897
-0.02068344940642195
-0.006988127966930083
-0.012030916413336552
0.015833948783196317
-0.002757343627419213
0.007830444068778449
0.00042753935520798385
0.0027689400866287724
0.00489996821033309
-0.003073684134032127
0.013376809216361236
0.018766993888191304
-0.004201341498058637
-0.0016624470604162378
0.02697432371343819
0.003625256096650389
0.016035513569752753
0.07187717605019796
-4.375548135006582e-05
0.024071007719168334
0.004861016839375607
0.01933371734989181
0.011171056740818561
-0.013431620025591413
0.026421740323420886
0.012139738535063938
-0.022380903789494887
0.008714777413336346
0.010580209614001954
0.002003868389805269
-0.00020436661744316736
-0.004965464855967251
-0.004284219335049352
0.0003530310038385433
0.002829585611594174
0.015373133570648618
0.05823155492826078
0.01998935479819046
0.019751261080375976
0.0013371595183477385
-0.001872071033175705

Minimal top-k Set:
Set indices on edge ranking: [13, 25]
Set edge index: tensor([[ 6, 11],
        [ 7, 12]], device='cuda:0')
FID+: 0.9998777907489114

Pertinent Positive Set:

Pertinent set edge index: tensor([[ 6, 11, 13,  5],
        [ 7, 12, 11,  6]], device='cuda:0')
FID-: 0.0077765583992004395
Minimal top-k Set GNNExplainer:
Set indices on edge ranking: [61, 57, 62, 65, 71, 16, 12, 7, 49, 69, 63, 5, 15, 13, 32]
Set edge index: tensor([[27, 25, 27, 28, 31,  7,  6,  3, 22, 30, 27,  3,  6,  6, 14],
        [26, 26, 28, 29, 32,  6,  5, 24, 13, 31, 33,  2, 23,  7, 15]],
       device='cuda:0')
FID+: 0.9953310438431799

Pertinent Positive Set GNNExplainer:

Pertinent set edge index: tensor([[27, 25, 27, 28, 31,  7,  6,  3, 22, 30, 27,  3,  6,  6, 14,  8,  5, 23,
         15, 26,  5, 29, 23, 33,  2, 29, 24,  6, 25,  4, 28],
        [26, 26, 28, 29, 32,  6,  5, 24, 13, 31, 33,  2, 23,  7, 15,  9,  4,  9,
         14, 24,  6, 30,  6, 31,  1, 28, 25,  8, 24,  3, 27]], device='cuda:0')
FID-: 0.04080545902252197