Test set index: 527

Target Class: 0

Target compound: TARGET

Sum of Shapley Values: 1.1454939623776637

Shapley values:
0.004873561841896521
0.003863119150363739
-0.01223310869677449
0.0032734744214051857
0.012220313238947914
-0.005060534988799818
-0.007652657881450635
0.01616718782603107
-0.0038225512658039158
0.03280192352406374
-0.006063087372543091
0.0010898209737365333
0.007382957864233423
-0.00028810383484152854
-0.013675826152088805
-0.0019140657683644282
0.03773814547138277
-0.0027203804385131742
0.017653096984558275
0.038720606130996545
-0.016266043172724093
0.13691636161059395
-0.006598975671403368
0.028986599061890637
0.006979457480330334
-0.01811876993519275
-0.023463795710193983
0.02756152804431845
0.08855690820976779
0.10786324533910906
0.0619272360935706
0.2808908307249389
-0.0008933526565260241
0.0067197447498018184
0.013471642656947856
0.03358637213173842
0.017943255870729268
0.055536077379654936
0.028609296367031117
0.0011006387528267228
0.06832674956705986
0.0003990508091009615
0.03125902734003165
-0.003863275653291655
0.004970550427233004
0.003087502157218978
0.02828537584946853
0.008168588996006854
0.0007142473815394654
0.004456748284866007
0.004096994057930662
0.0002984268281917809
-0.02704507697662891
-0.003195634614688807
-0.0033022124112286467
-0.008173933504460698
-0.002216665937148379
0.012059033599633014
-0.0011389385376918432
-0.005280750382762548
-0.0034966328880710685
-0.014790050541027475
-0.013822674907818617
0.009618968455198034
0.02451220658316895
0.012529139601662527
0.003522023655105763
-0.003414435120483042
-0.019480438267112373
-0.002873260191074461
0.021704431898609128
0.006445187831391507
-0.005756626305234901
-0.008629361224206523
0.0279422794323143
0.04591524872921645

Pertinent Negative Set:
Pertinent set indices on edge ranking: [31, 21]
Pertinent set edge index: tensor([[14,  9],
        [13, 10]], device='cuda:0')
FID+: 0.9182848259806633

Pertinent Positive Set:

Pertinent set edge index: tensor([[14,  9, 13, 12, 17, 13, 16, 33,  8,  7, 15,  4, 18, 10, 16, 20],
        [13, 10, 12, 13, 18, 14, 15, 32,  9,  6, 16,  5, 17,  9, 17, 19]],
       device='cuda:0')
FID-: 0.2564117908477783
Pertinent Negative Set GNNExplainer:
Pertinent set indices on edge ranking: [55, 48, 49, 12, 9, 25, 37, 74, 10, 26, 6, 28, 35, 50, 47, 44, 30, 39]
Pertinent set edge index: tensor([[23, 20, 21,  5,  4, 11, 16, 32,  5, 11,  3, 12, 15, 21, 20, 19, 13, 17],
        [24, 31, 20,  6,  5, 10, 15, 33,  1, 12,  2, 13, 16, 22, 21, 18, 14, 16]],
       device='cuda:0')
FID+: 0.9843444703146815

Pertinent Positive Set GNNExplainer:

Pertinent set edge index: tensor([[23, 20, 21,  5,  4, 11, 16, 32,  5, 11,  3, 12, 15, 21, 20, 19, 13, 17,
         13, 31,  2,  3, 20, 10, 18, 14, 26, 14, 16, 12],
        [24, 31, 20,  6,  5, 10, 15, 33,  1, 12,  2, 13, 16, 22, 21, 18, 14, 16,
         12, 15,  1,  4, 19, 11, 17, 15, 25, 13, 17, 11]], device='cuda:0')
FID-: 0.006151735782623291