Test set index: 527

Target Class: 0

Target compound: TARGET

Sum of Shapley Values: 1.0469324954662533

Shapley values:
0.01952293501835668
0.06982218490839104
0.006837829099391251
0.030489018917222152
0.010968231775649871
-0.010871054885380213
-0.009645990239379187
0.03204968994561334
-0.03614716561497804
-0.010666675275912453
-0.005699582768512154
0.06470021100765305
-0.0033209421569632756
0.0008716617313095309
-0.026764512732167255
0.01773904265762627
0.00353872734079049
0.0038316884609135527
-0.003093065050033745
-0.004643907754018891
0.016793294011224293
-0.04514828457514598
0.03734652519440966
0.09473676158640952
0.010805454551486095
0.06557063241728218
0.06509629008732876
-0.03393262093632734
0.013952956090869582
0.009297581442039203
0.05740585014750851
0.12240518491796747
-0.011963149428683808
0.024127556064033506
-0.009402058848534543
0.07949965851886331
0.02740287137969375
-0.018289818156555813
0.024274952247371723
-0.02125083200759358
-0.017001381706206152
-0.014912956882366222
0.09866517688335837
0.0736465662456327
-0.022477740773605683
-0.0008627973107279616
0.05578236132302237
0.05147340236501366
0.03377774263209909
-0.014735170864435836
0.011917401750884652
0.006690610531795931
-0.038022230769406834
-0.005128943552644209
-0.003962781553587993
-0.008121244485633028
0.0064292988737879656
0.004848686206653859
-0.000950099939186454
0.009579184549793004
0.007326717526251008
-0.008435033525082167
0.0027649941145162626
0.011809722845878829
0.07315366647764306
0.005491666684442389
-0.008037260631647341
-0.010966128686486665
0.0028159805666743043
0.006567572664775333
-0.012439137189871139
0.025824617671995877
-0.00037280186566760506
-0.02242190810855273
0.08051291284835412
0.008454701459569789

Minimal top-k Set:
Set indices on edge ranking: [31, 42, 23, 74, 35]
Set edge index: tensor([[14, 18, 10, 32, 15],
        [13, 17,  9, 33, 16]], device='cuda:0')
FID+: 0.9801379907876253

Pertinent Positive Set:

Pertinent set edge index: tensor([[14, 18, 10, 32, 15, 18, 27,  1, 11],
        [13, 17,  9, 33, 16, 19, 25,  0, 10]], device='cuda:0')
FID-: 0.007154285907745361