Test set index: 741

Target Class: 0

Target compound: TARGET

Sum of Shapley Values: 0.7992966531322068

Shapley values:
0.04186442319967517
-0.028305557922571237
-0.03554352574795416
-0.013598033155304
0.07270113644371744
-0.01054623589437226
0.06612501954254507
-0.017363588030813816
-0.023667527982684497
-0.01595025347431786
-0.030353184418050592
0.014853245577296201
0.007283351119111031
-0.023011955099695745
0.04689737649588697
-0.009129234021282745
-0.007615710782378726
0.00921387897016271
0.03782570708919425
0.026356432358176304
0.001156248560468195
-0.06933121830124796
-0.0001967896008478679
0.01222677282511602
-0.020632470978668282
0.008920727164483057
-0.015059279518155968
0.01478947912111941
0.020331852392368992
0.012893263244195097
0.058298199453876355
0.018889202608787715
0.08884066243406709
0.12263743636957923
0.1779891848782037
0.03311160437755711
0.03595464652427283
0.015310327793304103
-0.015138515445280616
0.06065781898681338
-0.00047205389561359257
0.06148209678524632
-0.017123080320203918
0.0021107856878861873
-0.0006987426796044954
-0.012081366865432295
0.006952430362339187
-0.025079763172616277
-0.042788953637409435
0.018852181251202332
-0.027003508979781977
0.0015084533667343192
0.011530851135724933
0.0036020209216273374
0.002428577927809113
0.00235495819181262
-0.009272410356102207
-0.0008537609617066365
-0.004515926994394525
0.0049420014732522236
0.0009656245950379833
0.004723014176703724
5.090575205773279e-05
0.0015596916895584607
-0.002962255250302653
0.013633431374842978
0.043511056208279546
-0.013429886371329776
-0.014497476410074976
0.043313405650004216
0.05650779457124055
0.020361640749068686

Pertinent Negative Set:
Pertinent set indices on edge ranking: [34, 33, 32]
Pertinent set edge index: tensor([[15, 15, 15],
        [29, 16, 14]], device='cuda:0')
FID+: 0.8386020064353943

Pertinent Positive Set:

Pertinent set edge index: tensor([[15, 15, 15,  2,  3, 18, 18, 14, 31,  7, 29, 31,  0,  9, 16, 16],
        [29, 16, 14,  1,  4, 28, 17, 13,  9,  6, 28,  6,  1,  8, 17, 15]],
       device='cuda:0')
FID-: 0.0
Pertinent Negative Set GNNExplainer:
Pertinent set indices on edge ranking: [69, 65, 50, 54, 61, 35, 60, 37, 20, 13, 25, 64, 17, 39, 70, 12, 11, 63, 30, 29, 34, 38]
Pertinent set edge index: tensor([[31, 29, 22, 24, 27, 16, 27, 17,  9,  6, 12, 28,  8, 18, 31,  6,  6, 28,
         14, 13, 15, 17],
        [ 6, 15, 23, 23, 22, 15, 19, 16, 31, 31, 11, 29,  9, 17,  9,  7,  5, 18,
         13, 14, 29, 18]], device='cuda:0')
FID+: 0.9974832881707698

Pertinent Positive Set GNNExplainer:

Pertinent set edge index: tensor([[31, 29, 22, 24, 27, 16, 27, 17,  9,  6, 12, 28,  8, 18, 31,  6,  6, 28,
         14, 13, 15, 17, 25, 27, 23, 12, 14,  9,  9],
        [ 6, 15, 23, 23, 22, 15, 19, 16, 31, 31, 11, 29,  9, 17,  9,  7,  5, 18,
         13, 14, 29, 18, 26, 26, 22, 13, 15,  8, 10]], device='cuda:0')
FID-: 0.07732200622558594