Test set index: 741

Target Class: 0

Target compound: TARGET

Sum of Shapley Values: 0.9221720405186851

Shapley values:
0.005463364358902216
-0.0037771360041261603
-0.002591405038624755
0.025421088834140005
0.010587272950046103
-0.02155081460689606
0.09250934756265697
-0.007335717213177214
-0.050688658402079645
0.002702470936801877
-0.048694112933725525
0.035218294834089246
0.036200039109713096
0.02583313557124242
0.004856495695514701
-0.004876939613331385
0.007093453149570236
0.075142190415846
0.03567200996701711
0.014541731526000724
0.009696675931021966
-0.007248975246952699
-0.0007143223389888813
0.0004312520732343174
-0.022487278545835442
0.012525618016720889
-0.06523833821990536
0.00913616284361233
0.03682753046526636
-0.010919611835731086
0.011505754027758693
0.03770622383997764
0.01467340213229596
0.13914366749619625
0.09266608106343309
0.09045448428829728
0.029350541617183073
0.03692711839944438
0.05949030402483036
0.08330862122253922
0.002167391360205907
0.027022733065539702
-0.04607516769581968
0.03861355023468113
-0.014453228107011402
-0.02673351696093481
-0.030334047367895117
0.013931553007487031
-0.020653121826174282
0.007601283830925729
-0.010738265850597064
0.000840295688133314
0.00783500658871284
-0.0007759543216602099
0.003926423702055202
0.001548797158692826
-0.0006739849976509851
0.004878167875634667
-0.0023050966589044934
0.015471232314660658
0.018819936614397095
0.006316598002391
-0.0011509241343742947
0.048617546277258186
-0.006429523394555179
0.07435746040827976
0.03585861836548435
-0.00964421506937414
-0.00771294931066881
-0.009412023149791431
-0.0009787821362883548
0.01347522465186774

Minimal top-k Set:
Set indices on edge ranking: [33, 34, 6, 35, 39, 17]
Set edge index: tensor([[15, 15,  3, 16, 18,  8],
        [16, 29,  4, 15, 17,  9]], device='cuda:0')
FID+: 0.9813600536435843

Pertinent Positive Set:

Pertinent set edge index: tensor([[15, 15,  3, 16],
        [16, 29,  4, 15]], device='cuda:0')
FID-: 0.4102287292480469