Interaction name: 5jfu

Affinity: 8.069999694824219
Predicted class: 1
Predicted probability: 0.9321759939193726
Sum of phi edges: 0.8065864858590076

Interaction statistics:

Number of total edges connecting protein pseudo-atoms: 20
Number of total edges connecting ligand pseudo-atoms: 169
Number of total edges connecting protein and ligand pseudo-atoms: 97

Pertinent positive set edge index: tensor([[59, 56, 57, 57, 57, 18, 61, 62, 49, 62, 19, 59, 56, 27, 64, 58, 15, 27,
         61, 64, 26, 47, 15, 58,  0, 14, 62, 16, 28, 68, 17, 51, 63, 38, 10, 51,
         22, 37, 58, 64, 24, 21, 55, 67, 65, 67,  1, 57,  5, 22,  0, 33, 23, 13,
         57, 24, 65, 56,  5, 50, 68, 44, 26, 57, 14, 44, 14, 19, 50, 57, 29, 68,
         23, 11, 70, 31, 56, 14, 42, 57, 25, 63, 58, 58, 33, 58, 27, 62, 44, 48,
         67, 21, 50, 21, 58, 58, 43, 51, 12,  3, 15, 36, 11, 23, 13, 11, 48, 57,
         44, 23, 62, 25, 64, 48, 21, 22, 62, 59, 59, 19, 16, 15, 65,  4, 13, 66,
         12, 42, 50, 48, 23, 22, 63, 43, 30, 66, 22, 58, 40, 66, 14,  9, 61, 15,
         60, 16, 30, 13, 24, 52, 23, 55, 21, 65, 66, 14, 35, 30, 22, 27],
        [18, 32, 39, 29, 40, 53, 35, 33, 10, 26, 54, 13, 40, 67, 33, 26, 52, 63,
         31, 30, 69, 38, 51, 11, 43, 36, 30, 63, 70, 17, 51, 38, 36, 51, 49, 17,
         50, 50, 37, 24, 70, 65, 19, 29, 15, 19, 44, 13, 42, 60, 41, 55, 68, 35,
         20, 64, 21, 20, 44, 37, 25, 61, 35, 22, 34,  6, 48, 67, 31, 27, 67, 28,
         61, 37, 28, 50, 60, 25, 50, 56, 68, 16, 21, 14, 62, 23, 28, 24,  1, 24,
         27, 59, 34, 55, 12, 31, 47, 15, 68, 38, 65, 63, 62, 64, 59, 65, 14, 14,
          5, 12, 11, 66, 66, 16,  0, 59, 25, 27, 60, 55, 48, 47, 11, 42, 34, 25,
         22,  4, 22, 66, 13, 61, 27,  0, 65, 16, 12, 27, 56, 64, 57,  1, 23, 16,
         59, 15, 62,  5, 23, 49, 24, 33, 18, 30, 48,  8, 26,  3, 13, 58]],
       device='cuda:0')

FID- using pertinent positive set: 0.19444233179092407

Number of pertinent positive edges connecting protein pseudo-atoms: 9 (45.0%)
% w.r.t. total number of pertinent positive edges: 7.8%)
Number of pertinent positive edges connecting ligand pseudo-atoms: 20 (11.8%)
% w.r.t. total number of pertinent positive edges: 17.4%)
Number of pertinent positive edges connecting protein and ligand pseudo-atoms: 86 (88.7%)
% w.r.t. total number of pertinent positive edges: 74.8%)

Minimal top k set edge index: tensor([[59, 56, 57, 57, 57, 18, 61, 62, 49, 62, 19, 59, 56, 27, 64, 58, 15, 27,
         61, 64, 26, 47, 15, 58,  0, 14, 62, 16, 28, 68, 17, 51, 63, 38, 10, 51,
         22, 37, 58, 64, 24, 21, 55, 67, 65, 67,  1, 57,  5, 22,  0, 33, 23, 13,
         57, 24, 65, 56,  5, 50, 68, 44, 26, 57, 14, 44, 14, 19, 50, 57, 29, 68,
         23, 11, 70, 31, 56, 14, 42, 57, 25, 63, 58, 58, 33, 58, 27, 62, 44, 48,
         67, 21, 50, 21, 58, 58, 43, 51, 12,  3, 15, 36, 11, 23, 13, 11, 48, 57,
         44, 23, 62, 25, 64, 48, 21, 22, 62, 59, 59, 19, 16, 15, 65,  4, 13, 66,
         12, 42, 50, 48, 23, 22, 63, 43, 30, 66, 22, 58, 40, 66, 14,  9, 61, 15,
         60, 16, 30, 13, 24, 52, 23, 55, 21, 65, 66, 14, 35, 30, 22, 27,  9, 11,
         13, 24, 25, 24, 53, 14, 27, 68, 12, 43, 59, 70, 21, 33,  6, 56, 38, 64,
         28,  6, 30, 33,  0,  3, 27, 58, 22, 27, 17,  6, 10, 25, 68, 42,  2, 12,
         47, 41, 37, 35, 50, 16, 20,  6,  3,  6, 42, 27, 22,  2, 60, 34, 11,  5],
        [18, 32, 39, 29, 40, 53, 35, 33, 10, 26, 54, 13, 40, 67, 33, 26, 52, 63,
         31, 30, 69, 38, 51, 11, 43, 36, 30, 63, 70, 17, 51, 38, 36, 51, 49, 17,
         50, 50, 37, 24, 70, 65, 19, 29, 15, 19, 44, 13, 42, 60, 41, 55, 68, 35,
         20, 64, 21, 20, 44, 37, 25, 61, 35, 22, 34,  6, 48, 67, 31, 27, 67, 28,
         61, 37, 28, 50, 60, 25, 50, 56, 68, 16, 21, 14, 62, 23, 28, 24,  1, 24,
         27, 59, 34, 55, 12, 31, 47, 15, 68, 38, 65, 63, 62, 64, 59, 65, 14, 14,
          5, 12, 11, 66, 66, 16,  0, 59, 25, 27, 60, 55, 48, 47, 11, 42, 34, 25,
         22,  4, 22, 66, 13, 61, 27,  0, 65, 16, 12, 27, 56, 64, 57,  1, 23, 16,
         59, 15, 62,  5, 23, 49, 24, 33, 18, 30, 48,  8, 26,  3, 13, 58,  8,  5,
         23, 48, 14, 62, 18,  1, 57, 23, 23,  3, 22, 24, 11, 64, 44, 57, 47, 23,
         68, 22, 48, 18, 39, 15,  5, 22,  2, 59,  0, 42, 39, 62, 12,  5, 32, 40,
         15,  0, 11, 13, 44, 66, 18, 40, 16, 12,  2, 26, 57, 31, 56, 13, 21, 40]],
       device='cuda:0')

FID+ using minimal top-k set: 0.47800910472869873

Number of minimal top-k edges connecting protein pseudo-atoms: 9 (45.0%)
% w.r.t. total number of minimal top-k edges: 6.5%)
Number of minimal top-k edges connecting ligand pseudo-atoms: 40 (23.7%)
% w.r.t. total number of minimal top-k edges: 28.8%)
Number of minimal top-k edges connecting protein and ligand pseudo-atoms: 90 (92.8%)
% w.r.t. total number of minimal top-k edges: 64.7%)

Trustworthiness of the explanation: 0.5999904452288682

Number of relevant edges connecting protein pseudo-atoms: 8 (40.0%)
% w.r.t. total number of relevant edges: 7.4%)
Number of relevant edges connecting ligand pseudo-atoms: 14 (8.3%)
% w.r.t. total number of relevant edges: 13.0%)
Number of relevant edges connecting protein and ligand pseudo-atoms: 86 (88.7%)
% w.r.t. total number of relevant edges: 79.6%)

Shapley values for edges: 

(0,4): 0.00011647071689367294
(0,17): -0.0006704104132950306
(0,21): -0.0017398791760206223
(0,29): 0.0005740134418010712
(0,30): -0.002536526396870613
(0,33): -0.00040358889847993853
(0,39): 0.0011116772890090942
(0,41): 0.005803397931158543
(0,43): 0.008432867042720317
(1,9): -0.00013331156224012376
(1,11): -0.0001505482941865921
(1,14): -1.4787502586841582e-05
(1,41): -0.0001480480283498764
(1,43): -0.005230224356055259
(1,44): 0.006028763987123966
(2,6): -0.00030005939304828644
(2,7): 0.0005773265659809113
(2,12): 0.00028991587460041045
(2,13): 0.00011261876672506332
(2,22): -0.0006510912999510765
(2,31): 0.0006617770716547966
(2,32): 0.0008704185485839844
(2,40): -0.0019479785114526749
(2,42): -3.382019698619843e-05
(2,44): -0.0028139792010188104
(3,10): 0.0004484783858060837
(3,15): 0.0010665599629282952
(3,16): 0.0007057953998446465
(3,29): -0.000694535169750452
(3,30): -0.0020699481293559073
(3,38): 0.0036973145604133604
(3,41): -0.0017232053726911544
(3,43): -0.000518648698925972
(4,0): -0.0001417156308889389
(4,11): -0.001580987125635147
(4,14): -0.0006728727370500564
(4,27): -0.0007801219448447228
(4,29): 9.32753086090088e-06
(4,30): -5.724981427192688e-05
(4,37): -0.0018376270681619645
(4,39): -0.00022366892546415328
(4,42): 0.0028957483172416688
(5,6): 2.218209207057953e-05
(5,9): -4.896651953458786e-05
(5,11): -0.00079329963773489
(5,13): -0.0020000235736370086
(5,22): -0.002019320987164974
(5,27): -0.0026606395095586776
(5,32): -0.0001609005406498909
(5,40): 0.0005862719565629959
(5,42): 0.005940325111150741
(5,44): 0.005324935019016266
(6,2): -0.0006064015999436379
(6,5): -0.00023751646280288695
(6,7): 3.1680352985858914e-05
(6,9): 7.106006145477295e-05
(6,12): 0.0007050253450870513
(6,13): 0.00023932710289955138
(6,22): 0.0011668446660041808
(6,31): 2.7342326939105986e-05
(6,32): 0.00017841339111328126
(6,40): 0.0007088915072381496
(6,42): 0.0009377190284430981
(6,44): 0.0013390422239899634
(7,2): 0.00015550900250673293
(7,6): 9.947787970304489e-05
(7,12): -0.00015872221440076827
(7,13): -0.001291460320353508
(7,22): 0.0004256631061434746
(7,31): 0.00030049867928028107
(7,32): 0.00043726515024900437
(7,40): -3.697704523801804e-05
(7,44): 6.439760327339173e-06
(8,9): -2.4091899394989013e-05
(8,11): 0.00037214994430541994
(8,14): -2.6602298021316527e-07
(9,1): 0.0022692061215639115
(9,5): -2.5887340307235718e-05
(9,6): 0.00043442368507385254
(9,8): 0.001624736450612545
(9,11): 0.00011866625398397446
(9,14): 6.163772195577621e-05
(9,23): -2.4117790162563323e-05
(9,27): -0.0007561255991458893
(9,37): -2.320289611816406e-05
(9,40): -0.0008653287589550019
(9,46): -7.09415227174759e-05
(10,3): 0.0003460981696844101
(10,15): -0.00011126182973384857
(10,16): 5.78676164150238e-05
(10,29): 4.0380917489528656e-05
(10,30): -6.778229027986526e-05
(10,38): -3.516402095556259e-05
(10,39): 0.0009289903193712235
(10,49): 0.007318988069891929
(11,1): -0.001119710560888052
(11,4): -0.0004394835233688355
(11,5): 0.0015821193903684616
(11,8): -0.0028174345195293425
(11,9): -1.1272653937339783e-05
(11,14): 0.0002856346592307091
(11,21): 0.000603591538965702
(11,37): 0.00472348939627409
(11,58): -0.0008058223500847817
(11,62): 0.0034855578094720842
(11,65): 0.003395720347762108
(12,2): -0.0004753047227859497
(12,6): 0.00014687906950712205
(12,7): 0.00018816579133272172
(12,13): 1.6610994935035704e-05
(12,22): 0.002814213000237942
(12,23): 0.001427166685461998
(12,31): 3.2306797802448276e-05
(12,32): -7.91884958744049e-07
(12,40): 0.0008662505075335503
(12,58): -0.0009004976600408554
(12,68): 0.003758339285850525
(13,2): -6.684459745883941e-05
(13,5): 0.002115041762590408
(13,6): 2.4349913001060486e-05
(13,7): 0.00021799389272928238
(13,12): -2.4823620915412903e-05
(13,22): 0.0005807467922568321
(13,23): 0.0015714752674102783
(13,31): -0.0005027024447917938
(13,32): -0.000768267922103405
(13,34): 0.0028720816038548948
(13,35): 0.005621454566717148
(13,40): -0.0007269198074936866
(13,57): -0.001106831170618534
(13,59): 0.0034574910253286364
(14,1): 0.0014732863008975984
(14,4): -0.0005093476921319962
(14,8): 0.0017213716357946396
(14,9): 7.420450448989868e-05
(14,11): -0.00015805941075086594
(14,23): 5.581229925155639e-07
(14,25): 0.004565760418772697
(14,26): -4.1328370571136474e-07
(14,27): 2.43261456489563e-07
(14,34): 0.005001680664718151
(14,36): 0.008308626785874367
(14,37): -0.0003907363675534725
(14,48): 0.004923150613903999
(14,57): 0.0022710762545466424
(14,58): 0.0004100647196173668
(15,3): -0.0008409076556563377
(15,10): -0.00021720025688409805
(15,16): 0.002234871760010719
(15,38): 0.00018900636583566666
(15,47): 0.002936455737799406
(15,51): 0.008549057934433222
(15,52): 0.010080066584050655
(15,65): 0.0035634009540081025
(16,3): 6.87658041715622e-05
(16,10): -0.0005632767081260681
(16,15): 0.002191736474633217
(16,29): -3.617092967033386e-05
(16,30): 3.519684076309204e-05
(16,38): -0.0007026403769850731
(16,39): -0.0004325034096837044
(16,48): 0.002955612055957317
(16,63): 0.008179504722356797
(16,66): 0.0007667966932058335
(17,0): 0.0010091884061694146
(17,18): -0.0009408732131123543
(17,19): -0.00031929995864629743
(17,20): -0.00017956428229808807
(17,21): 0.00011816017329692841
(17,33): 5.1851235330104825e-05
(17,51): 0.00790098112076521
(17,68): -0.004672357849776745
(18,17): 0.00012499943375587463
(18,19): -2.4167075753211976e-06
(18,20): 0.00033534660935401916
(18,21): -6.0788579285144804e-05
(18,33): -8.249990642070771e-05
(18,53): 0.015178476497530936
(18,59): -0.005460122749209404
(19,17): 0.0003614863008260727
(19,18): 0.00023764193058013915
(19,20): 4.54188883304596e-05
(19,21): 1.283995807170868e-06
(19,33): 0.00047884777188301087
(19,54): 0.011608462668955327
(19,55): 0.0029806457459926605
(19,67): 0.004906001873314381
(20,17): 0.0001336057111620903
(20,18): 0.000749988667666912
(20,19): 0.00023267202079296111
(20,21): -0.0007475876063108444
(20,33): 0.0003128224983811378
(20,56): 2.086438238620758e-05
(20,57): -6.762469187378884e-05
(21,0): 0.003185584768652916
(21,11): 0.0013742985948920249
(21,17): 0.00016871023923158645
(21,18): 0.001922123171389103
(21,19): -4.504818469285965e-05
(21,20): 0.00021611910313367843
(21,33): -0.0004558499529957771
(21,55): 0.003985098488628864
(21,58): -0.0008432471379637718
(21,59): 0.004007824435830116
(21,65): 0.0065578723326325415
(22,2): 0.0010233492963016033
(22,5): 0.00058138532564044
(22,6): -8.728288114070892e-05
(22,7): -0.0005489682033658028
(22,12): 0.002439393140375614
(22,13): 0.001683531105518341
(22,31): -0.000524868220090866
(22,32): -0.00012632446363568305
(22,40): -0.00047661416232585907
(22,50): 0.006985662318766117
(22,57): 0.0006738680973649025
(22,58): 7.737468928098679e-05
(22,59): 0.0031730900332331657
(22,60): 0.0058113842085003855
(22,61): 0.0026385369896888733
(23,9): -2.3746192455291747e-05
(23,12): 0.003297646939754486
(23,13): 0.0026873281598091127
(23,14): -0.00037812549620866773
(23,24): 0.00197407852858305
(23,25): -1.0399818420410156e-05
(23,26): -0.00023064371198415755
(23,27): 5.029141902923584e-10
(23,28): 5.327742546796799e-06
(23,34): -0.00011821754276752471
(23,35): 5.540460348129272e-05
(23,36): -0.0001120636984705925
(23,37): -5.697868764400482e-05
(23,58): 0.00023766331374645234
(23,61): 0.004768719486892223
(23,64): 0.003464888483285904
(23,68): 0.005657235197722912
(24,23): 0.0020330373197793962
(24,25): -1.0721459984779358e-05
(24,26): -0.00022917043417692185
(24,27): -6.0111917555332184e-05
(24,28): -3.861743956804276e-05
(24,34): 6.997797638177872e-05
(24,35): -4.247121512889862e-05
(24,36): -9.988579899072647e-05
(24,37): 0.00027370445430278777
(24,48): 0.0015684576332569123
(24,62): 0.0015546710416674615
(24,64): 0.0054476381838321685
(24,70): 0.006650701388716698
(25,14): 0.0015582466125488282
(25,23): 0.00012347515672445297
(25,24): -5.882382392883301e-06
(25,26): -1.9614435732364655e-05
(25,27): 2.2978596389293672e-05
(25,28): -1.3501942157745361e-06
(25,34): -4.983235150575638e-05
(25,35): -1.5128776431083679e-05
(25,36): -0.00019743259996175767
(25,37): -7.297694683074951e-06
(25,62): 0.00092758197337389
(25,66): 0.0032302666828036308
(25,68): 0.004377433098852634
(26,14): -4.366561770439148e-06
(26,23): -7.648974657058716e-05
(26,24): 1.9251406192779542e-05
(26,25): -0.0001978776603937149
(26,27): -4.765726625919342e-05
(26,28): 3.293782472610474e-05
(26,34): -0.0003712869063019753
(26,35): 0.005013343989849091
(26,36): -0.00026795681565999985
(26,37): 2.9761157929897308e-05
(26,58): 6.922990083694457e-05
(26,62): 0.00024133827537298203
(26,69): 0.009290177710354328
(27,4): -0.00037098001688718797
(27,5): 0.0010414469987154007
(27,9): 3.069426864385605e-05
(27,14): 2.5408975780010224e-05
(27,23): -0.00010195158421993255
(27,24): -0.00014692418277263643
(27,25): 1.434028148651123e-05
(27,26): 0.0006739165261387825
(27,28): 0.004143626689910889
(27,34): 7.661577314138412e-05
(27,35): -9.023513644933701e-05
(27,36): -0.0001427287608385086
(27,37): -0.00013792630285024642
(27,57): 0.001471392475068569
(27,58): 0.0016687725856900214
(27,59): 0.0010220107808709144
(27,63): 0.00942178811877966
(27,67): 0.010469411946833134
(28,23): 6.519332528114319e-05
(28,24): -6.5205991268157955e-06
(28,25): 2.5475993752479553e-05
(28,26): 0.00016690392047166824
(28,27): 2.2542662918567657e-05
(28,34): 5.030121654272079e-05
(28,35): -0.00013858024030923843
(28,36): 8.815586566925049e-05
(28,37): -9.881965816020966e-06
(28,68): 0.0011734070628881454
(28,70): 0.007965333573520184
(29,0): 3.6871060729026794e-06
(29,3): 0.00010803773999214172
(29,4): -0.0012700787559151649
(29,10): -0.0005874683335423469
(29,16): -0.00044104281812906265
(29,30): 1.3528987765312194e-05
(29,38): -0.0011382409185171126
(29,39): -9.11162793636322e-05
(29,57): -0.003980819992721081
(29,67): 0.004772277474403381
(30,0): -0.0006368241086602211
(30,3): 0.0016874871030449867
(30,4): -4.699893295764923e-05
(30,10): -0.0007916977256536483
(30,16): -5.202580243349075e-05
(30,29): 1.6232356429100037e-05
(30,38): -0.0008295668661594391
(30,39): -0.00034783851355314256
(30,48): 0.0011645405553281306
(30,62): 0.002172561027109623
(30,64): -0.00117225032299757
(30,65): 0.002502932772040367
(31,2): 9.671829640865326e-05
(31,6): 0.0004415044188499451
(31,7): -0.0005252523347735405
(31,12): -0.0004156916588544846
(31,13): -0.00021934740245342256
(31,22): -0.00010285817086696624
(31,32): -0.0021967805176973344
(31,40): -0.00011647813022136688
(31,50): 0.0046721696108579635
(31,58): -6.850417703390121e-06
(31,61): -0.0028524800390005113
(32,2): 3.094390034675598e-05
(32,5): -0.0004251774400472641
(32,6): -0.00013683021068573
(32,7): 0.00033156991004943846
(32,12): 6.73769786953926e-05
(32,13): -0.0009265385195612908
(32,22): 1.3996846973896027e-05
(32,31): -7.791101932525635e-05
(32,40): -0.00020633399486541748
(32,56): -0.00858664996922016
(33,0): -0.00028098464012146
(33,17): 0.00011939655989408493
(33,18): 0.0011481989733874798
(33,19): -0.0003962421417236328
(33,20): 0.0001368093490600586
(33,21): 0.0001484844461083412
(33,55): 0.005796060767024756
(33,62): 0.004164567440748215
(33,64): 0.001370903179049492
(34,13): 0.0006084273755550385
(34,14): 0.0005186586081981658
(34,23): -0.00018655598163604736
(34,24): -4.3711811304092405e-05
(34,25): -1.1104941368103027e-05
(34,26): 0.00030521459877490997
(34,27): 2.1568015217781066e-05
(34,28): 0.00031172215938568115
(34,35): 1.1044815182685853e-05
(34,36): -0.0001455872133374214
(34,37): 0.0004766793176531792
(34,50): 0.00016296716406941414
(35,13): 0.0008063260838389397
(35,23): -7.4978172779083254e-06
(35,24): -3.588277846574783e-05
(35,25): 0.00022065974771976471
(35,26): 0.0016971717774868012
(35,27): -1.7857924103736878e-06
(35,28): -9.995326399803162e-05
(35,34): -0.00010311141610145568
(35,36): 4.8449784517288206e-05
(35,37): -3.8055852055549625e-05
(35,61): -0.0008584432676434516
(36,14): 0.00021532420068979264
(36,23): -1.689175143837929e-05
(36,24): 3.748524934053421e-05
(36,25): 0.0002158554643392563
(36,26): 0.00018897660076618193
(36,27): -7.200170308351517e-05
(36,28): -3.4751221537590024e-05
(36,34): -0.00014086559414863586
(36,35): -0.0002666868641972542
(36,37): 4.953332245349884e-05
(36,63): 0.003537035621702671
(37,4): -0.0007511512190103531
(37,9): -0.00014286398887634278
(37,11): 0.0008084632456302643
(37,14): -1.9802674651145934e-05
(37,23): 1.2790709733963013e-05
(37,24): -9.813763201236724e-05
(37,25): -5.652375519275665e-05
(37,26): -0.00024110924452543257
(37,27): -6.078928709030152e-07
(37,28): -1.1783614754676818e-05
(37,34): -0.0001381395012140274
(37,35): -0.00010220900177955628
(37,36): -1.4095008373260499e-06
(37,50): 0.00697343185544014
(37,58): -0.001434967517852783
(38,3): -0.0005231071822345257
(38,10): 1.4581382274627685e-05
(38,15): -0.00036899693310260773
(38,16): 0.0002691488713026047
(38,29): 8.155889809131622e-06
(38,30): -5.149718374013901e-05
(38,39): 0.0001920446380972862
(38,47): 0.001318180523812771
(38,51): 0.007602078765630722
(39,0): 7.327917963266373e-05
(39,4): 9.452119469642639e-05
(39,10): 0.00016009334474802018
(39,16): 4.5245997607707974e-05
(39,29): 4.253756254911423e-05
(39,30): 7.677972316741944e-05
(39,38): -0.00038137666881084444
(39,57): -0.004072115682065487
(40,2): -0.0012145485728979112
(40,5): -5.61688095331192e-06
(40,6): -1.699201762676239e-05
(40,7): 0.00015891704708337784
(40,9): -0.0027423369884490966
(40,12): -0.00022064242511987686
(40,13): -2.4725794792175292e-05
(40,22): -9.494684636592865e-06
(40,31): -0.00022891860455274583
(40,32): -0.0006904254853725433
(40,56): 0.0023776694014668465
(40,57): -0.0007868081703782081
(41,0): 0.0008292889222502708
(41,1): 3.65801528096199e-05
(41,3): 0.000308380126953125
(42,2): 0.0006777626276016235
(42,4): 0.002774784229695797
(42,5): 0.000915360450744629
(42,6): -0.004896739050745964
(42,44): 8.952111005783081e-05
(42,50): 0.004443068206310272
(42,58): -0.0026562239602208135
(43,0): 0.0025526608899235723
(43,1): -0.005906299315392971
(43,3): 0.00139744583517313
(43,47): 0.0038516204431653022
(43,51): -0.00016468755900859834
(44,1): 0.00412441860884428
(44,2): -0.0022260041162371637
(44,5): 0.0033352932333946227
(44,6): 0.004927134327590466
(44,7): -0.0006761692464351654
(44,42): 0.00037688151001930237
(44,50): -0.0009776986762881279
(44,61): 0.005041993632912636
(46,9): -5.623120814561844e-05
(46,58): -7.717099040746689e-05
(47,15): 0.0008356404304504394
(47,38): 0.00899286162108183
(47,43): -0.00014578960835933685
(48,14): 0.0033703172579407693
(48,16): 0.0031867729127407073
(48,24): 0.004067384153604508
(48,30): 0.0005024296790361405
(48,66): 0.0027161671593785284
(48,69): -0.0008056744933128357
(49,10): 0.01243827138096094
(49,52): 0.0003743704780936241
(49,64): 4.77464497089386e-05
(50,22): 0.002751312032341957
(50,31): 0.004819651357829571
(50,34): 0.003985945843160152
(50,37): 0.0051957868039608
(50,42): 1.0821931064128875e-05
(50,44): 0.0007872527092695237
(51,15): 0.0038232189044356346
(51,17): 0.007308611683547497
(51,38): 0.007863859571516514
(51,43): 0.00034922145307064056
(52,15): -0.0005016681179404259
(52,49): 0.0020251386985182763
(52,64): -6.74472376704216e-05
(53,18): 0.0014931944012641907
(54,19): -0.0048150066658854485
(54,56): 0.00017229262739419936
(55,19): 0.006542127467691898
(55,21): -0.00036541324108839033
(55,33): 0.0019347633793950082
(55,57): -7.587321102619172e-05
(56,20): 0.005361204706132412
(56,32): 0.019259673673659564
(56,40): 0.010548107363283633
(56,54): -0.0017412375286221505
(56,57): 0.0013287721574306488
(56,60): 0.004657481350004673
(57,13): 0.0059514641016721725
(57,14): 0.003367612287402153
(57,20): 0.005472674481570721
(57,22): 0.005006212629377842
(57,27): 0.0047812706232070925
(57,29): 0.017203752268105745
(57,39): 0.017665662094950674
(57,40): 0.016267809830605984
(57,55): -0.00019423149526119233
(57,56): 0.004383326396346092
(58,11): 0.008472254052758216
(58,12): 0.003929861783981323
(58,14): 0.004196139462292195
(58,21): 0.004272040314972401
(58,22): 0.0010249950736761094
(58,23): 0.004152378961443901
(58,26): 0.010183760449290275
(58,27): 0.0024147679656744
(58,31): 0.00389139324426651
(58,37): 0.006895777657628059
(58,42): -0.0005170542374253273
(58,46): -0.0004558933898806572
(59,13): 0.011173734962940217
(59,18): 0.020048744827508926
(59,21): 0.0003803960978984833
(59,22): 0.0013937347382307053
(59,27): 0.0030737779289484023
(59,60): 0.003046255707740784
(60,22): -0.000347680076956749
(60,56): 0.0006601718813180924
(60,59): 0.0022206924855709075
(61,22): 0.0005535456165671348
(61,23): 0.002266816981136799
(61,31): 0.009382712952792645
(61,35): 0.013633693493902683
(61,44): -8.728090673685074e-05
(62,11): 0.0032473108172416686
(62,24): 0.004124848395586014
(62,25): 0.003107945844531059
(62,26): 0.011769900806248188
(62,30): 0.008265590537339449
(62,33): 0.013465747013688087
(62,63): 6.272673606872559e-05
(63,16): 0.0043707465007901194
(63,27): 0.0025865886732935905
(63,36): 0.007857829220592976
(63,62): 0.00040349218994379044
(64,23): 0.001244410239160061
(64,24): 0.006718412283807993
(64,30): 0.009317871630191803
(64,33): 0.010373006053268909
(64,49): -0.0010347408056259155
(64,52): -0.00019010193645954132
(64,66): 0.003228091150522232
(65,11): 0.0028977417200803757
(65,15): 0.006191265285015107
(65,21): 0.0054174670949578285
(65,30): 0.001809830516576767
(66,16): 0.002460364047437906
(66,25): 0.0028282977640628816
(66,48): 0.0017252069339156152
(66,64): 0.0022730106860399247
(67,19): 0.006138162538409233
(67,27): 0.004061327464878559
(67,29): 0.006337003037333489
(68,12): 0.0009156567603349685
(68,17): 0.00791522353887558
(68,23): 0.0014586777985095979
(68,25): 0.005161242447793484
(68,28): 0.004771336279809475
(69,26): 0.00023339059203863143
(69,48): 0.00016566839069128035
(70,24): 0.0013808228820562363
(70,28): 0.0047108205035328865
