Test set index: 376

Target Class: 0

Target compound: TARGET

Sum of Shapley Values: 0.9427477010685835

Shapley values:
-0.07824169723129462
0.08653570697227143
-0.03289888218179976
-0.016220156751880786
0.030738263882761675
0.0006187847654993477
0.054667210795366794
0.03633633070414521
-0.03857281703704609
0.04057368863246362
-0.020471384461126733
0.10700170209015526
0.13765824112780978
0.23521594700713128
-0.01060972249308735
0.06633477117586922
-0.07618483084897976
0.03862905059957253
-0.014422731667432662
-0.0073138455869328324
0.12997524528834334
-0.012521960238584859
-0.0006003014548449697
0.010888767617347377
-0.010463139919547676
0.007636333051080765
-0.0012127826622687257
0.000154784535655194
0.004976525252793608
-0.01763456069889257
0.006510901281840343
0.006137467808089262
-0.016037965904869018
0.015664001555886833
-0.009988804993917815
0.06132737642016191
-0.0016198493099454144
0.0023800128898953383
-0.014184371334170508
-0.00015309193739912287
-0.0001297052921583653
-0.015593992073752347
0.030665321057707525
0.023846301295937334
-0.031432367135416917
0.04020289481122484
0.15778358660851602
0.0745890237975859
-0.008489353565402685
-0.03443410789836045
-0.034278937048218945
0.03229673425307534
-0.006837607488391272
-0.0032559435007929417
0.01180495048830899
0.00042186000820915474
-0.0011706146982947863
0.0012261106098516391
-0.002244182394784929
0.00017769180682583716
-0.0005590750290965895
-0.0007441732630849659
0.008542146963396294
-0.0002470779844187646

Minimal top-k Set:
Set indices on edge ranking: [13, 46]
Set edge index: tensor([[ 5, 21],
        [19, 22]], device='cuda:0')
FID+: 0.965510081499815

Pertinent Positive Set:

Pertinent set edge index: tensor([[ 5, 21,  5,  9,  5,  1, 21,  6, 15,  2,  4, 21],
        [19, 22,  6,  8,  4,  0, 23,  7, 16, 20,  3,  1]], device='cuda:0')
FID-: -0.012967467308044434
Minimal top-k Set GNNExplainer:
Set indices on edge ranking: [10, 44, 7, 6, 51, 41, 13, 8]
Set edge index: tensor([[ 4, 20,  3,  2, 24, 19,  5,  3],
        [ 5, 19,  2, 20, 21,  5, 19,  4]], device='cuda:0')
FID+: 0.971740393503751

Pertinent Positive Set GNNExplainer:

Pertinent set edge index: tensor([[ 4, 20,  3,  2, 24, 19,  5,  3, 26,  9,  2,  6,  5, 10,  6, 14, 14, 19,
          7, 15,  9, 12, 20, 12, 13,  4,  7, 11, 18, 29,  5, 26, 15, 21],
        [ 5, 19,  2, 20, 21,  5, 19,  4, 25, 14,  3,  7,  6,  9,  5, 15,  9, 20,
          8, 16,  8, 11,  2, 13, 14,  3,  6, 12, 15, 24,  4, 27, 17, 22]],
       device='cuda:0')
FID-: -0.015627384185791016