Explaining class 0 for compound: O=C1CCc2ccc(OCCCCN3CCN(c4cccc5c4ccn5Cc4cccc(Cl)c4)CC3)cc2N1
Shapley values for edges:
(0,1): -0.027751254013238448
(1,0): 0.07106865115803584
(1,2): 0.02921709509091143
(1,38): -0.02233676866477961
(2,1): 0.010793179359635514
(2,3): -0.0030602721211293025
(3,2): 0.0076015099485172944
(3,4): 0.0053462936705549035
(4,3): 0.026925251671338107
(4,5): 0.043328924132294055
(4,37): 0.021467562822948375
(5,4): -0.00023893798873208033
(5,6): 0.0016116467813713739
(6,5): 0.0029241443084063656
(6,7): 0.02351352922537404
(7,6): 0.009745104319994927
(7,8): 0.026524226356964012
(7,36): -0.006146818843171253
(8,7): 0.04059707796863716
(8,9): 0.0211393521660953
(9,8): 0.017715565565673573
(9,10): 0.004704704471013162
(10,9): 0.009183569869270065
(10,11): -0.01010862493067082
(11,10): 0.007340611082966948
(11,12): 0.041796929486154856
(12,11): 0.044171596591589625
(12,13): 0.06002177523249861
(13,12): 0.10283688207505375
(13,14): 0.10457342877442624
(13,35): 0.06202709053026648
(14,13): 0.024083907039403503
(14,15): 0.055689246218844614
(15,14): 0.02461261311380138
(15,16): 0.004664524071729431
(16,15): 0.02529305501663857
(16,17): -0.0029210348950184386
(16,34): 0.046303256634173326
(17,16): -0.01412378715740596
(17,18): -0.0065559498977091546
(17,22): 0.0030421785987464187
(18,17): 0.018545840749326345
(18,19): -0.0029232564993299276
(19,18): 0.006189372989476107
(19,20): 0.0037262846846470216
(20,19): -0.0046623100187042806
(20,21): 0.012375652338268981
(21,20): -0.013356154330384076
(21,22): -0.005583671118800029
(21,25): 0.01351945572929689
(22,17): 0.004489227088633512
(22,21): -0.002986950017485819
(22,23): -0.0035186129058376986
(23,22): 0.027900451842137738
(23,24): 0.0022739509934873296
(24,23): -0.0010800124398172048
(24,25): 0.0022718335425395597
(25,21): -0.02197324369614108
(25,24): -0.009685872112678481
(25,26): -0.008733529764713852
(26,25): 0.028912957431910847
(26,27): -0.0038799322860986986
(27,26): 0.008184080554942626
(27,28): -0.001712483943940525
(27,33): -0.008221095074368473
(28,27): 0.005458806822284928
(28,29): -0.0005870701051664328
(29,28): 0.0015417825964122284
(29,30): 0.001891235551509089
(30,29): 0.004712597049487599
(30,31): -0.05699629434696682
(31,30): 0.0012695373508643261
(31,32): -0.07374251500684173
(31,33): 0.023519335047139257
(32,31): 0.06108966668019478
(33,27): 0.0025837432820461997
(33,31): -0.026040723553595525
(34,16): 0.011843370959964057
(34,35): 0.031110751545491474
(35,13): 0.08252448924283246
(35,34): 0.026993864449889302
(36,7): 0.02726431942501658
(36,37): -0.0037150186314994717
(37,4): 0.0008803279784587205
(37,36): 0.010070715855170744
(37,38): 0.011390063628490639
(38,1): 0.02516523810928579
(38,37): 0.0152547458474959

Sum of Shapley values: 1.110175988355805

Minimal top k set edge index:
[[13, 13, 35, 1, 13, 32], [14, 12, 13, 0, 35, 31]]

FID+: 0.9358503073453903

Pertinent positive set edge index:
[[13, 13, 35, 1, 13, 32, 12, 14, 16], [14, 12, 13, 0, 35, 31, 13, 15, 34]]

FID-: 0.07732445001602173

