Test set index: 582

Target Class: 0

Target compound: TARGET

Sum of Shapley Values: 1.1309845886791916

Shapley values:
-0.04597209025461547
0.09544088129543143
-0.002428252367381274
-0.020383925614457947
0.02544128042116741
-0.06539099939239328
0.07727803267627692
-0.0069874908078333174
0.027314572703658807
0.07892231025737742
-0.038162704736983515
0.297464695862608
-0.04520508375374606
-0.13339449705056472
0.12760910135704967
-0.007581005165921384
0.0827471724470922
0.12343634170410839
0.08160469690329221
-0.00962635491875873
-0.003926325694749573
-0.008365399642247952
0.018622884124619238
0.10656366878048008
-0.0045637857826512605
0.09398839742731192
-0.015313211520054168
-0.004720940172966236
0.020222965747080376
0.021524345763765603
0.0009294599701819809
0.0009543891855572317
0.008559849889415449
-0.003110011196508396
0.038795039142630564
-0.007544511963083541
0.0440081137882781
0.014036362927352415
-0.013245476919643031
-0.01571569116731933
-0.00285844448050193
0.017740547277786047
-0.03211200476035506
0.06132943272870716
0.003805222805790741
0.014728476728701695
0.003435401004153962
0.06727951765007512
-0.008398736915705675
-0.014849138241758804
0.01944724620182509
-0.0004986588314607898
0.0005732060937670624
0.006786298473385681
-0.0005894226982971045
0.0014709935923660098
-0.0003471600762449519
-0.0038902007916318837
-0.005707313251292484
0.014194897560272592
0.009035874342455168
0.0031605380513442293
0.0064153535478672415
-0.0006356205007202922
0.015165336436502393
-0.0031677383329635415
-0.0009965513048668555
0.013459048743087475
0.00035383354025639335
0.0002324134973577864
0.0006005233711113022
-0.0005973584766949267
0.0005370260584972513
-0.0011553541874426685
0.007596737865607995
-0.0011515113097883222
0.007642778599610708
-0.0008777055844679682

Minimal top-k Set:
Set indices on edge ranking: [11, 14]
Set edge index: tensor([[5, 7],
        [6, 5]], device='cuda:0')
FID+: 0.5239698588848114

Pertinent Positive Set:

Pertinent set edge index: tensor([[ 5,  7,  8, 11,  1, 11,  8,  8,  4,  3],
        [ 6,  5,  9, 10,  0, 20,  7, 21,  5,  2]], device='cuda:0')
FID-: 0.3291333317756653
Minimal top-k Set GNNExplainer:
Set indices on edge ranking: [11, 60]
Set edge index: tensor([[ 5, 27],
        [ 6, 22]], device='cuda:0')
FID+: 0.5239697992801666

Pertinent Positive Set GNNExplainer:

Pertinent set edge index: tensor([[ 5, 27, 26, 21, 26, 28,  9,  5,  7,  4, 26,  3, 20, 20,  4, 23, 29, 29,
         13,  3, 21, 14, 13, 11],
        [ 6, 22, 27, 20, 28, 29, 10,  4,  5,  3, 25,  4, 21, 11,  5, 22, 30, 28,
         14,  2,  8, 15, 12, 20]], device='cuda:0')
FID-: 0.005716145038604736