Explaining class 0 for compound: O=C(NC1CCC(CCN2CCC(c3cccc4c3CCO4)CC2)CC1)c1ccc(N2CCS(=O)(=O)CC2)cc1
Shapley values for edges:
(0,1): 0.005442323508193784
(1,0): -0.00134536629178893
(1,2): 0.05027137510543153
(1,26): -0.014962995006381057
(2,1): 0.00898828388109279
(2,3): -0.023908076398556723
(3,2): 0.03222254385883243
(3,4): 0.038761272881294995
(3,25): 0.035008956319189745
(4,3): 0.030148180005365212
(4,5): 0.02246255731974035
(5,4): 0.006324509717125227
(5,6): -0.010744453690520732
(6,5): 0.02181084848708024
(6,7): 0.0015862648400115057
(6,24): 0.025760501997353146
(7,6): -0.015533370545264723
(7,8): 0.022057602749999308
(8,7): 0.03406816057593486
(8,9): 0.021704464397299103
(9,8): 0.07771614194860754
(9,10): 0.08898431013892343
(9,23): 0.010787232712966199
(10,9): 0.07643810720839148
(10,11): 0.0290802277714721
(11,10): -0.0074073942307842765
(11,12): -0.00838207398604519
(12,11): 0.0261834397333905
(12,13): 0.006622429465204463
(12,22): 0.04574882072690961
(13,12): 0.007907334817089572
(13,14): 0.03590187446205957
(13,18): 0.001412203227183051
(14,13): -0.006039702671131558
(14,15): -0.002901345248264533
(15,14): 0.003149802996409989
(15,16): -0.03410555804756049
(16,15): 0.02776574217791026
(16,17): -0.004431795304242592
(17,16): 0.025103946292231883
(17,18): 0.009766295555200427
(17,21): 0.0043144208749303255
(18,13): 0.016023186236034496
(18,17): -0.008241487818798977
(18,19): 0.017683566476134123
(19,18): -0.0035058126441415995
(19,20): -0.010212208881245428
(20,19): 0.0053203921358412785
(20,21): -0.005244925663008112
(21,17): 0.016263984072744177
(21,20): 0.05593307980484351
(22,12): 0.0008041804643330403
(22,23): 0.011494778652883335
(23,9): 0.03334026096526622
(23,22): -0.009098817970976256
(24,6): -0.004591164583728361
(24,25): 0.018024969890798336
(25,3): -0.0014133726982781744
(25,24): 0.0012955766205822983
(26,1): 0.08169940644707001
(26,27): -0.0037056311369060933
(26,39): 0.0010572371999317386
(27,26): 0.010162170696457357
(27,28): -0.003110548514405799
(28,27): 0.0005670229494963803
(28,29): 0.002971909082649335
(29,28): -0.002037167582212335
(29,30): 0.010997506702774367
(29,38): -0.00021093657707971905
(30,29): -0.0007758931912017208
(30,31): 0.0059545421658434685
(30,37): 0.017628897399218683
(31,30): 0.0007306258330570311
(31,32): 0.0023674979890043898
(32,31): -0.005767357031616228
(32,33): 0.012738167122969735
(33,32): -0.003202598143560603
(33,34): 0.02379026045681736
(33,35): 0.0172704159932228
(33,36): 0.024760609826095462
(34,33): -0.007038442354957604
(35,33): -0.004484710598508974
(36,33): 0.0015485782532703642
(36,37): 0.0053580300586192975
(37,30): 0.010817349116697935
(37,36): 0.005750234162324337
(38,29): 3.8523361530568554e-05
(38,39): 0.0015118120272337638
(39,26): 0.016663451276701335
(39,38): -0.001910108806053406

Sum of Shapley values: 1.059755083576051

Minimal top k set edge index:
[[9, 26, 9, 10], [10, 1, 8, 9]]

FID+: 0.9867121279239655

Pertinent positive set edge index:
[[9, 26, 9, 10, 21, 1, 12, 3, 13, 3, 8, 23, 3, 4, 10, 16, 12, 6, 17, 33, 33, 4], [10, 1, 8, 9, 20, 2, 22, 4, 14, 25, 7, 9, 2, 3, 11, 15, 11, 24, 16, 36, 34, 5]]

FID-: 0.48651981353759766

