Test set index: 53

Target Class: 0

Target compound: TARGET

Sum of Shapley Values: 0.5998330135930461

Shapley values:
-0.0015895480057842094
-0.005229731648980191
-0.0034909915024400107
-0.0012095326550195296
0.03953035274255703
0.0039003877333027505
-0.01873307248861238
0.002528404576310095
-0.01593972693710184
-0.005963991253836838
0.009584664406301669
-0.014858135503272933
0.00880252311772905
0.006159808935016251
-0.004618508683265645
0.02455503152144047
-0.022439468009308693
0.04893137999523912
-0.030407955527173822
-0.020361538219922842
-0.09259182602713896
0.07273001565411301
-0.10158118309788768
0.05728046627425009
0.0009797574994938397
0.010524360192941456
0.008609177960463512
-0.0027014205160639905
0.1444188070587134
-0.04304313772937569
0.057479655653441174
0.047707735792054305
0.02771531263744805
0.019806232263075253
-0.03868744044191233
0.0389632339077707
0.05335730740366259
-0.005922398741387198
0.01726223743453147
-0.00013551068514061626
0.0011434369864652184
-0.0050289924450799585
0.027065125086324936
-0.002826119217813181
0.0041080772799347185
-0.0036249023485152064
0.00972265428105111
0.018961709550465004
0.0049704739661662264
0.043569188596851126
0.002805498368666974
-0.020631020802040042
-0.04929529528677819
0.12103301121123194
-0.0038505429490311373
0.008102835877131155
0.0652808131547938
0.010998513384621943
-0.004182284260787128
-0.028723309529602892
0.039364654432956954
0.001972648257086007
0.04140948391632232
-0.0013656792637128845
0.021108543995801393
0.02642275626430603

Minimal top-k Set:
Set indices on edge ranking: [28, 53, 21, 56, 30, 23, 36, 17, 31, 49]
Set edge index: tensor([[13, 24, 10, 25, 14, 11, 17,  8, 14, 22],
        [14, 23,  9, 26, 15, 10, 16,  9, 28, 23]], device='cuda:0')
FID+: 0.9960604128427804

Pertinent Positive Set:

Pertinent set edge index: tensor([[13],
        [14]], device='cuda:0')
FID-: 0.004523098468780518