Test set index: 53

Target Class: 0

Target compound: TARGET

Sum of Shapley Values: 1.2876618026767641

Shapley values:
0.06049916528269221
-0.018290334209182336
-0.025837757543177794
0.0733890007508422
-0.01760884157128509
-0.0034516607688606137
-0.0014896008040960345
0.01400918738810179
-0.0016704803799623752
-0.00792374485686305
0.004262040988534823
-0.002062688641028045
0.0006919348377531207
0.0025988834108076164
-0.003407386535116012
0.01267822109145822
-0.00858759705921216
0.06001005240302737
-0.004133917306397904
-0.007509841377297392
-0.05576223389735038
0.05717455052324988
-0.007958470919369534
0.05480894602250523
0.005291804278967568
0.01614156943868766
0.013615968521111212
0.03187833510476783
0.056603972022524894
0.07575822797016814
0.23531662124306757
0.146309421406897
0.013182682005816411
0.03252195886583237
0.005768017235331704
0.013202440896299355
0.12422861044016063
0.02320827045244579
0.12436342377422649
-0.009208188305598868
0.03204633805466429
0.020769894790189425
-0.015482766282599682
0.0008408742077053552
5.483817578078913e-05
-0.00566335234944656
0.00728584827219466
0.044603046827484026
0.008830599139165944
0.0025802572480850177
-0.0033547735940282096
0.017143135019013978
0.012441814637894235
-0.00833345614875929
-0.004380677538051122
0.008433812881849906
0.009119302094229974
-0.006723132789526587
-0.0056754222131225876
0.00430638264251609
-0.004744673099728073
0.016677305158769827
0.007417670266168337
0.037164652329255865
0.0024859766066369603
0.027207746159941513

Pertinent Negative Set:
Pertinent set indices on edge ranking: [30, 31, 38, 36, 29]
Pertinent set edge index: tensor([[14, 14, 17, 17, 14],
        [15, 28, 27, 16, 13]], device='cuda:0')
FID+: 0.9866606332361698

Pertinent Positive Set:

Pertinent set edge index: tensor([[14, 14, 17, 17, 14,  2,  0,  8, 10, 13],
        [15, 28, 27, 16, 13,  1,  1,  9,  9, 14]], device='cuda:0')
FID-: 0.09897023439407349
Pertinent Negative Set GNNExplainer:
Pertinent set indices on edge ranking: [24, 13, 37, 21, 9, 35, 34, 65, 15, 40, 17, 62, 42, 29, 16]
Pertinent set edge index: tensor([[11,  6, 17, 10,  4, 16, 16, 29,  7, 18,  8, 28, 19, 14,  8],
        [12,  7, 18,  9, 29, 17, 15,  8,  8, 19,  9, 14, 18, 13,  7]],
       device='cuda:0')
FID+: 0.6348179876804352

Pertinent Positive Set GNNExplainer:

Pertinent set edge index: tensor([[11,  6, 17, 10,  4, 16, 16, 29,  7, 18,  8, 28, 19, 14,  8, 15,  4, 13,
         29, 12, 18, 14, 11, 12, 22, 15, 21],
        [12,  7, 18,  9, 29, 17, 15,  8,  8, 19,  9, 14, 18, 13,  7, 14,  2, 14,
          4, 11, 26, 15, 10, 13, 21, 16, 22]], device='cuda:0')
FID-: 0.000905156135559082