Test set index: 168

Target Class: 0

Target compound: TARGET

Sum of Shapley Values: 0.9516817257578879

Shapley values:
-0.04115642500471959
0.10182977353231891
-0.03711236903720625
-0.0342995293808132
-0.009000775527912746
-0.012628852757364353
0.009134613500321864
-0.0019483509630736867
0.006101086254337088
-0.0023312697074853485
0.00949385039891162
-0.008149286427762378
0.054907504864036755
0.07546594972939441
0.07616338289678545
0.14253499044194554
0.11141635589814365
-0.004884125094564072
0.015462417488385624
0.025888290845407037
0.010305254334905567
0.09341309502940788
0.025391123508071628
0.05135963870781247
-0.06674803602386487
-0.006252979584562002
0.011893380499736478
0.042061575688799875
0.004233703812458103
0.008842624277159325
0.0008816610783949724
-0.0015137119720967322
0.002539219396852699
0.0016095969277602046
0.03006546967406468
-0.006569059769229817
-0.0030665693860904854
0.0017530006308537072
0.011209488968858322
0.002364633732858311
0.004775409977906364
0.026735828448851494
0.009087566977838024
-0.0068225366838411215
0.004649643603071871
-0.005342241388055768
-0.008355530151933412
0.01525800968724923
-0.004929639700157743
0.02442051290019782
0.007441838664656775
0.0038507302109138442
-0.01962256092246163
0.012031398543979561
-0.0016114302072003995
0.0475218634983906
0.05303879358808856
0.006351848085153602
0.009209776192988519
0.005219153516724928
0.002390393893368996
-0.003413402374756842
0.08166194253798363
-0.012112018163488588
0.0031482435957001266
-0.028083812480121716
0.0036726770611380053
-0.006204574462952
0.007904015802476384
-0.012068585304243007
-0.0007628388508620915
-0.0016740878184510687
-0.02121135631143651
0.008327587380395476
0.008016366876511548
0.01892115216965786
0.02224612035497789
0.007355125528392179
