Test set index: 309

Target Class: 0

Target compound: TARGET

Sum of Shapley Values: 1.116223235272483

Shapley values:
0.020368934556153195
-0.014539243598573464
0.10251071708419922
-0.021689214079581142
0.0018339246236347118
0.010034941609647862
0.08037140304872181
0.005898230609060327
-0.046223329346121125
0.055541951615123854
-0.02981386339788837
0.06330175117441528
-0.014128679020410302
-0.0190682745672089
0.016121772544933858
0.0017332852389085262
0.0015417899565404974
0.0013026255432161383
0.003501175052359105
0.02094543740388273
-0.013982848525373476
-0.043099274471290645
-0.016251300776998313
0.0030469203134105578
0.03263728149256845
0.08961220984816164
0.05721395623988193
0.001256840413380722
0.01055502904855597
0.018257986407305967
0.12163117329174593
0.07973546424103903
0.17458201335154122
0.02477273469868887
0.034476105479376386
-0.017698963099112765
0.010717674256442686
-0.02979236617692103
0.0030408500118051457
-0.009402024129455826
0.10996332859277669
-0.0182825078497738
-0.004403881712470784
0.03844044740649197
0.13500572399439648
-0.01283086637319654
-0.028151363435409957
0.04795232447684917
-0.016020601589139306
-0.0007342188058942656
0.006746781849064265
-0.009175219098131281
0.0032280709633983797
-0.0038846274961725547
-0.00740406359409437
-0.009083877862079336
-0.0013960809875280273
0.00628735629301172
-0.002982604776261714
0.001279603441759437
0.01025213895209863
-0.016606492918138496
0.005625091340235808
-0.0088612584870847
-0.0034063731253543487
-0.004312749099834831
0.006126324250180542
0.00681522579809553
0.006565633919414454
-0.01180180803162536
-0.0031733656975386593
0.02687171240934495
0.008313571950972843
0.040859941484734236
0.025292729019472854
0.022254392104147543
