Test set index: 717

Target Class: 0

Target compound: TARGET

Sum of Shapley Values: 1.0430122942200604

Shapley values:
0.015859992944085348
2.4453365678893888e-05
0.0813130868197889
0.0990663146811589
0.08132318132234113
-0.04284849408382248
-0.02200850043346005
0.01798572325740268
-0.04763654137312953
0.0969898774488867
0.011595686842945773
0.00526944623318257
0.00698656923782081
0.00696181383054996
-0.003271323363904938
-0.00422149911932003
0.012602801139934791
0.037498955923401085
0.010231266331132591
-0.005337387931094415
-0.021543578060446097
0.09117150960670192
0.02611742818304463
0.1974795231895735
0.06826355922361084
0.12198496028872274
0.03394458496850925
0.038245029775889866
0.0033158635130177082
-0.00894855514745061
0.010284343984816058
0.01496298629725164
0.006494864197897079
0.04551599811883793
-0.0017080037157461456
0.0006901902014717503
0.0006283311006506584
0.015376724907367358
-0.015643654230351977
-0.012749732224301391
0.01107725272504867
0.005785189774557629
-0.00225095092235555
-0.0006918364492384437
0.00042322579624622743
-0.0008176260643668366
-0.0002706729338321966
-0.00010307400504121843
-0.004769112945368117
0.0012190880568030834
0.002516883226461952
0.004878412732019659
-0.0006060408546248549
0.001556267144015813
0.007595912077624238
-0.008676060809822736
0.012139206617739966
0.03748702644429627
-0.016082794383616813
-0.010169037246681199
0.026661074116804365
0.0038421648707452584
