Test set index: 716

Target Class: 0

Target compound: TARGET

Sum of Shapley Values: 1.1014424705853358

Shapley values:
0.05371634774038559
-0.09837931743903726
0.06709881324644094
0.1302766608680093
-0.030580145603832792
-0.07592127073611515
-0.09885787969324465
0.02479576161778164
-0.09896278023186644
0.08306947437521676
0.11826477678743769
0.027598193184294212
-0.01124712104934094
-0.009078508391218716
-0.0022630467042682183
-0.017221739985948385
0.11764992377573989
-0.05405330851171569
0.05095044596955511
0.005121599391622017
-0.05043796508282216
0.018102741198459255
0.06382356345025209
0.058234485551097934
0.2672844326179797
0.11894276963817844
0.06336173316925951
0.12647987551276663
-0.009328830093397217
0.000579736122482303
-0.005625102161063391
0.023249423682356413
-0.010452120582326306
0.06737331039938113
-0.0037467906171004027
0.00864176086610029
0.007296741552293313
0.03161136279169046
-0.020976326853513427
-0.017970960735354827
0.0159055602192248
-0.0153406918260782
-0.0010690397352129332
0.02436918020058947
-0.01893881877572304
0.018993027412812384
-0.006128377680232099
0.005755498067700664
0.007739877817840596
-0.006365472445844158
0.016069243214653525
0.0018563724516564622
0.007239117809711538
-0.02802522924312106
0.009924581427693693
-0.023997925851890204
0.056602542585852206
0.069696510012395
0.013628860022360731
0.0071808030001389665
0.011460899202400036
0.016465233661792658

Minimal top-k Set:
Set indices on edge ranking: [24, 3, 27]
Set edge index: tensor([[11,  1, 12],
        [12,  3, 13]], device='cuda:0')
FID+: 0.9679794497787952

Pertinent Positive Set:

Pertinent set edge index: tensor([[11,  1, 12, 11,  5,  8,  5, 25, 15,  1],
        [12,  3, 13, 25,  6,  7,  4, 24, 14,  2]], device='cuda:0')
FID-: 0.15294033288955688