Test set index: 716

Target Class: 0

Target compound: TARGET

Sum of Shapley Values: 0.9607728241399206

Shapley values:
0.015542311830424484
-0.01601138178600589
0.039748072109723954
0.027936921673220358
0.04925497096161867
-0.0058642062095783576
-0.01622797125892987
0.01841482926044314
-0.012106664244911594
0.035442069703023604
0.05517469389695644
0.012600813865359262
-0.0007607570227944952
0.023469154114763437
-0.006648191324955996
-0.01692974596319645
0.025564697571826365
-0.003839989465436459
0.02656986755772798
0.0034890027629236597
0.01088014562577156
0.05810898791660401
0.020095682422224134
0.11102386487003747
0.11868498408388663
0.13789987629572723
0.015065377809116836
0.04518615014317293
0.0015775909782488986
-0.019816078513838705
0.027166192271976648
0.013524290511994561
0.011386262976393393
0.029728917433470302
-0.004162204101909729
0.0010133421719561687
-0.004923085237772602
0.0033173414574910365
-0.007286451508548468
-0.0023189703721963146
0.002236548650320278
-0.0037192079504689054
0.0010119338727451073
0.004985345970981148
0.0027802158636175893
-0.0025897178177834244
0.0010824791347813691
-0.0014477866038054017
-0.003352525182397386
0.0013019203977985355
0.011964595101420785
0.011745528438295728
0.0005787794052650576
0.0005295138398369411
0.0019518208281533633
-0.007217745327893035
0.035625628826139254
0.05904917920425514
-0.008926620792164833
-0.011502150344414938
0.009559170145528558
0.03415520321370131

Pertinent Negative Set:
Pertinent set indices on edge ranking: [25, 24, 23]
Pertinent set edge index: tensor([[11, 11, 11],
        [25, 12, 10]], device='cuda:0')
FID+: 0.6350915133953094

Pertinent Positive Set:

Pertinent set edge index: tensor([[11, 11, 11, 25, 10,  5,  1, 12,  1, 25],
        [25, 12, 10, 24,  9,  6,  4, 13,  2, 11]], device='cuda:0')
FID-: 0.013166964054107666
Pertinent Negative Set GNNExplainer:
Pertinent set indices on edge ranking: [54, 12, 44, 9, 24, 35, 20, 34, 41, 39, 40, 30, 29]
Pertinent set edge index: tensor([[24,  6, 19,  5, 11, 15,  9, 15, 18, 17, 18, 14, 13],
        [14,  5, 20,  4, 12, 23, 10, 16, 19, 18, 17, 13, 14]], device='cuda:0')
FID+: 0.7407271265983582

Pertinent Positive Set GNNExplainer:

Pertinent set edge index: tensor([[24,  6, 19,  5, 11, 15,  9, 15, 18, 17, 18, 14, 13, 21, 13, 22,  8, 14,
         10,  5, 11, 12, 19,  9, 25, 14, 10, 27, 11],
        [14,  5, 20,  4, 12, 23, 10, 16, 19, 18, 17, 13, 14, 22, 12, 23,  7, 24,
          9,  6, 25, 11, 18,  8, 11, 15, 11,  5, 10]], device='cuda:0')
FID-: 0.0001474618911743164