Test set index: 537

Target Class: 0

Target compound: TARGET

Sum of Shapley Values: 0.8487029579861509

Shapley values:
-0.05809089073855098
-0.005857869063389279
0.0029975014876770173
-0.030642271831323953
0.023324694838191037
-0.039117479941690236
0.04532559916972671
0.025144371821766875
0.08166045274382082
0.020695383863019806
0.058150399433619215
0.12166025576041534
0.0859597046786231
0.012661682178386724
0.03825889071163791
0.0011223005311367248
0.021796891986982717
0.04058443376231383
0.29923055870707244
-0.0045769470420950744
-0.008739254669949641
-0.05824944954048284
0.04901742840808017
-0.006958662381935966
-0.0037842711656308307
0.010383369169714047
-0.002027582592443141
-0.003137215713070574
0.012327263762966292
-0.00786326157518596
0.014096703474935196
-0.00771688774769101
-0.019408607251614286
0.017320896713731534
0.0031482818294370257
0.007312734475690649
-0.0012797149050248243
0.03500317620928429
-0.027063649855331728
0.023396806307153656
0.03338428549782928
0.02797184367956017
-0.013221208441821222
-0.012346514191277986
0.022040872128917064
-0.012673942471404812
0.00224248848921276
-0.03970931820133201
0.002024728852428528
-0.003952377395397786
-0.01478852863081618
0.01278888804969919
-0.003009706647144339
0.0820428500142213
0.0010452421875290616
-0.025247073482788526
0.017933974815776185
0.006110687722987254

Minimal top-k Set:
Set indices on edge ranking: [18, 11]
Set edge index: tensor([[8, 5],
        [9, 6]], device='cuda:0')
FID+: 0.9999550877728325

Pertinent Positive Set:

Pertinent set edge index: tensor([[ 8,  5,  5, 24,  4,  5, 10,  3,  8,  6, 17, 18, 19,  3],
        [ 9,  6, 18, 25,  3,  4,  8,  2,  7,  7,  8, 17,  1,  4]],
       device='cuda:0')
FID-: 0.25264424085617065
Minimal top-k Set GNNExplainer:
Set indices on edge ranking: [7, 5, 51, 6, 34, 15, 14, 22, 40, 45, 47, 13, 19, 39, 37, 46, 16, 18]
Set edge index: tensor([[ 3,  2, 23,  3, 15,  7,  6, 10, 18, 20, 21,  6,  8, 18, 17, 21,  7,  8],
        [ 4,  3, 24,  2, 16,  6,  7,  8, 17, 21, 22,  5, 10,  5,  8, 20,  8,  9]],
       device='cuda:0')
FID+: 0.9997664563561557

Pertinent Positive Set GNNExplainer:

Pertinent set edge index: tensor([[ 3,  2, 23,  3, 15,  7,  6, 10, 18, 20, 21,  6,  8, 18, 17, 21,  7,  8,
         19, 11,  4, 21,  4, 24, 17, 14, 13, 20,  8, 12,  5, 26,  5],
        [ 4,  3, 24,  2, 16,  6,  7,  8, 17, 21, 22,  5, 10,  5,  8, 20,  8,  9,
         26, 12,  5, 23,  3, 25, 18, 13, 15, 19,  7, 11,  6, 24, 18]],
       device='cuda:0')
FID-: 0.01494455337524414