Test set index: 537

Target Class: 0

Target compound: TARGET

Sum of Shapley Values: 0.9510517286811168

Shapley values:
0.004446309370631079
-0.00031332130730759515
0.010941141647685488
-0.0019244882175425714
0.0014247342308583402
-0.025164029894479394
0.01586337224934056
0.003665551863775955
0.04899953785259673
0.004117347084072851
0.04493686934032449
0.08370484056660228
0.11671542305534226
0.024292181671601812
0.00206014357970024
-0.013432743702388943
0.006415519266746305
0.03162732667270336
0.3975400116122993
-0.005944189139307296
0.01613597488999087
0.03415333971667062
0.037702851079235065
-0.001573601148014499
-0.0007528435637440835
0.003788088649368867
-0.005496046550748742
-0.0012279433982164084
-0.0014655264372398146
0.0007263592039447787
-0.020928136164340007
0.009227386450728604
0.027709098268010046
-0.004764583379052257
-0.0020623026841242514
0.007404084075419426
-0.002139062972489671
0.013968058088925239
0.0064023401170794645
0.023821571529140387
0.02989110732127948
0.010899470562766706
-0.008178337160469961
-0.0055631954411564525
0.011965532331644102
-0.0016127432260049945
-0.0029844039203090612
-0.02042631241867597
-0.0007477139258408007
0.00603226626021581
0.011394135982117333
0.00039063387849887243
0.0014169244078129166
0.009033722529905924
-0.000981350450726373
-0.0014497262173495268
0.006025817482061746
0.01534525711154773

Minimal top-k Set:
Set indices on edge ranking: [18, 12]
Set edge index: tensor([[ 8,  5],
        [ 9, 18]], device='cuda:0')
FID+: 1.0

Pertinent Positive Set:

Pertinent set edge index: tensor([[ 8,  5,  5,  4,  5, 10,  9,  8, 18, 14,  6],
        [ 9, 18,  6,  3,  4,  8,  8,  7, 17, 13,  5]], device='cuda:0')
FID-: 1.9788742065429688e-05
Minimal top-k Set GNNExplainer:
Set indices on edge ranking: [7, 43, 51, 57, 6, 14, 40, 38, 15, 5, 45, 21, 37, 39, 13, 24, 16, 9, 19]
Set edge index: tensor([[ 3, 19, 23, 26,  3,  6, 18, 17,  7,  2, 20,  9, 17, 18,  6, 10,  7,  4,
          8],
        [ 4, 26, 24, 24,  2,  7, 17, 18,  6,  3, 21,  8,  8,  5,  5, 16,  8,  5,
         10]], device='cuda:0')
FID+: 0.9999999886191775

Pertinent Positive Set GNNExplainer:

Pertinent set edge index: tensor([[ 3, 19, 23, 26,  3,  6, 18, 17,  7,  2, 20,  9, 17, 18,  6, 10,  7,  4,
          8, 10,  4,  8, 23,  8, 19,  2, 20,  5],
        [ 4, 26, 24, 24,  2,  7, 17, 18,  6,  3, 21,  8,  8,  5,  5, 16,  8,  5,
         10, 11,  3,  9, 21,  7,  1,  1, 19,  6]], device='cuda:0')
FID-: 0.16219544410705566