Test set index: 633

Target Class: 0

Target compound: TARGET

Sum of Shapley Values: 0.9257640833879549

Shapley values:
-0.13753406605695317
0.1777758645976246
0.02469773002252623
-0.013092057723624748
0.07918212687603159
0.0464475797419027
-0.011424299538861362
-0.04833892089729062
0.10552327410497696
-0.00892766088640201
0.005114982580848846
0.01849631126580789
0.007822025567256786
-0.004639329513279336
0.017606901770473797
-0.02500345716425727
0.06771339252606062
-0.015230746660901105
-0.047882513209788584
0.020443665378720083
0.00554764365981157
0.005621001260878984
0.02752448391466146
-0.046765018235904565
0.048819036990963696
-0.016415149532954275
0.057515965176444014
0.033542199805433486
0.12039176823806429
0.06454833169360427
0.13833221887437389
0.044840432170972236
0.029668711844569772
-3.8506921309817696e-05
0.04206108351338116
-0.018782486983991476
-0.002400154836359434
0.04516629754703899
-0.052582029607947334
-0.04820023319061207
-0.00989091403277257
0.051974050178187146
-0.004146125504557858
0.019656706081877928
0.004722794318877277
-0.009111712314197575
0.026619869502974326
-0.03532906712848671
0.006472933507029666
-0.021737530304271786
0.01583625366421984
-0.0014854812818430219
-0.0017697653342838749
0.006288282207165139
-0.0012157519712536668
0.002928651034308132
-0.004564381530772152
0.004235854995716828
0.009966105525454622
-0.0033730860212017435
-0.024657562799229708
-0.012728932222416915
0.018978972727684375
-0.021340888047956242
0.004128597161503223
0.027072008608146233
0.00211692959186621
-0.004992888886508808
0.013080608012096491
-0.02143855538920434
0.0004908490831530798
0.0011210539802459607
0.025752250424541927
0.02378335326494721
0.017042821567865758
-0.005377597465544568
-0.013538010424031199
0.019274676523967856
0.0640898374508106
-0.03707174319706439
-0.011197523218743299
0.022570427414802908
0.0066238005357354265
0.007640804041227511
-0.002737950810478651
0.01399312575874017
0.04347665552950158
-0.02361511958186384

Minimal top-k Set:
Set indices on edge ranking: [1, 30, 28, 8, 4, 16]
Set edge index: tensor([[ 1, 13, 13,  4,  2,  7],
        [ 0, 35, 12,  3,  1,  8]], device='cuda:0')
FID+: 0.74159836769104

Pertinent Positive Set:

Pertinent set edge index: tensor([[ 1, 13],
        [ 0, 35]], device='cuda:0')
FID-: 0.43290603160858154
Minimal top-k Set GNNExplainer:
Set indices on edge ranking: [76, 70, 71, 66, 73, 75, 45, 85, 84, 74, 33, 31, 68, 7, 10, 86, 25, 64, 56, 80, 15, 26, 22, 8, 14, 77, 83, 44, 81, 12, 63, 28, 9, 13, 79, 78, 42, 52, 24, 16, 11, 69, 30, 87]
Set edge index: tensor([[33, 30, 31, 28, 31, 33, 20, 37, 37, 32, 15, 14, 29,  3,  4, 38, 11, 27,
         24, 35,  7, 12, 10,  4,  6, 34, 37, 19, 36,  5, 27, 13,  4,  6, 35, 34,
         18, 22, 11,  7,  5, 30, 13, 38],
        [31, 31, 30, 29, 33, 27, 19, 38, 36, 31, 14, 13, 30,  4, 37,  1, 12, 33,
         25, 34,  6, 11,  9,  3,  7, 16,  4, 20,  7,  6, 28, 12,  5,  5, 13, 35,
         19, 23, 10,  8,  4, 29, 35, 37]], device='cuda:0')
FID+: 0.7375127673149109

Pertinent Positive Set GNNExplainer:

Pertinent set edge index: tensor([[33, 30, 31, 28, 31, 33, 20, 37, 37, 32, 15, 14, 29,  3,  4, 38, 11, 27,
         24, 35,  7, 12, 10,  4,  6, 34, 37, 19, 36,  5, 27, 13],
        [31, 31, 30, 29, 33, 27, 19, 38, 36, 31, 14, 13, 30,  4, 37,  1, 12, 33,
         25, 34,  6, 11,  9,  3,  7, 16,  4, 20,  7,  6, 28, 12]],
       device='cuda:0')
FID-: 0.4568575620651245