Interaction name: 5jfu

Predicted class: 1
Predicted probability: 0.762779712677002
Sum of phi edges: 0.6333144203200934

Interaction statistics:

Number of total edges connecting protein pseudo-atoms: 20
Number of total edges connecting ligand pseudo-atoms: 169
Number of total edges connecting protein and ligand pseudo-atoms: 97

Pertinent positive set edge index: tensor([[34, 23, 18, 35, 14, 19, 57, 57, 57, 58,  9, 26, 24, 17, 56, 15, 64, 15,
         59, 21, 61, 23, 68, 48, 17, 25, 57, 19, 58, 58, 21, 56,  0, 26, 62, 11,
         33, 38, 18, 28, 10, 62, 64, 27, 49, 16,  9, 13, 25, 27, 37, 10, 38, 22,
         57, 20, 68, 57, 52, 56, 24, 20, 57, 15, 30, 27, 22, 24, 20,  3,  3, 21,
         16, 14, 39, 46, 15,  0, 39, 13, 16, 40, 16, 13, 31, 59, 10, 37, 60, 30,
         22, 20, 21, 21, 38, 21, 56, 48, 21, 30, 38, 52, 38, 49, 64, 21, 23, 33,
         17, 36, 48, 37, 22, 10, 17, 30, 13, 27, 33, 40, 48, 37, 62, 64, 27, 30,
         33, 16, 29, 40, 57, 40, 11, 17, 59, 16, 29, 22, 13, 16, 18, 32, 19, 12,
         12, 22, 30, 31, 20, 13, 38, 30, 10, 60, 23, 34, 16, 13, 17, 13, 28, 29,
         64, 38, 36, 38, 13, 61, 58, 61, 40, 41, 18, 35, 22, 60, 33, 15, 56, 57,
         58, 14, 37, 18, 23, 26, 30, 27, 29, 16, 24, 39,  6, 59, 55, 50,  4],
        [50,  9, 53, 61,  8, 54, 56, 29, 22, 46, 46, 58, 70, 51, 60, 47, 49, 52,
         22, 65, 44, 61, 12, 69,  0, 66, 13, 67, 31, 12,  0, 54, 41, 69, 30,  8,
         64, 47, 59, 70, 38, 11, 52,  9, 10, 15,  8, 32, 68, 67, 11, 39, 39, 50,
         39, 56, 17, 40, 49, 32, 48, 18, 55, 51, 10, 57, 61, 64, 57, 43, 41, 19,
          3,  1, 57,  9, 65, 43, 10, 40, 39, 56, 66, 59, 32, 60, 49, 50, 59,  3,
         60, 21, 17, 55, 10, 59, 40, 66, 58, 65, 51, 15, 16, 52, 66, 11, 28, 55,
         21, 63, 30,  9,  7, 15, 18, 38,  7, 63, 20,  9, 16, 58, 63, 30, 59, 64,
         18, 48, 67, 32, 20, 31, 65, 68, 21, 29,  3,  6, 31, 63, 20, 56, 55,  7,
         13, 32,  0, 50, 17, 23,  3, 39,  3, 56, 12, 13, 10,  2, 20,  6, 68, 10,
         33, 30, 34, 15, 12, 31, 11, 22, 12,  3, 33, 13, 59, 22, 19,  3, 57, 14,
         21, 57, 28, 17, 36, 28, 29,  5, 38, 30, 35,  0, 44, 13, 57, 44, 14]],
       device='cuda:0')

FID- using pertinent positive set: 0.201665461063385

Number of pertinent positive edges connecting protein pseudo-atoms: 13 (65.0%)
% w.r.t. total number of pertinent positive edges: 8.8%)
Number of pertinent positive edges connecting ligand pseudo-atoms: 58 (34.3%)
% w.r.t. total number of pertinent positive edges: 39.5%)
Number of pertinent positive edges connecting protein and ligand pseudo-atoms: 76 (78.4%)
% w.r.t. total number of pertinent positive edges: 51.7%)

Minimal top k set edge index: tensor([[34, 23, 18, 35, 14, 19, 57, 57, 57, 58,  9, 26, 24, 17, 56, 15, 64, 15,
         59, 21, 61, 23, 68, 48, 17, 25, 57, 19, 58, 58, 21, 56,  0, 26, 62, 11,
         33, 38, 18, 28, 10, 62, 64],
        [50,  9, 53, 61,  8, 54, 56, 29, 22, 46, 46, 58, 70, 51, 60, 47, 49, 52,
         22, 65, 44, 61, 12, 69,  0, 66, 13, 67, 31, 12,  0, 54, 41, 69, 30,  8,
         64, 47, 59, 70, 38, 11, 52]], device='cuda:0')

FID+ using minimal top-k set: 0.26305362582206726

Number of minimal top-k edges connecting protein pseudo-atoms: 7 (35.0%)
% w.r.t. total number of minimal top-k edges: 17.5%)
Number of minimal top-k edges connecting ligand pseudo-atoms: 4 (2.4%)
% w.r.t. total number of minimal top-k edges: 10.0%)
Number of minimal top-k edges connecting protein and ligand pseudo-atoms: 29 (29.9%)
% w.r.t. total number of minimal top-k edges: 72.5%)

Trustworthiness of the explanation: 0.3957172353321119

Number of relevant edges connecting protein pseudo-atoms: 12 (60.0%)
% w.r.t. total number of relevant edges: 8.2%)
Number of relevant edges connecting ligand pseudo-atoms: 61 (36.1%)
% w.r.t. total number of relevant edges: 41.8%)
Number of relevant edges connecting protein and ligand pseudo-atoms: 73 (75.3%)
% w.r.t. total number of relevant edges: 50.0%)

Shapley values for edges: 

(0,4): 0.0007450206577777862
(0,17): -0.006322456076741218
(0,21): -0.006923064216971397
(0,29): -0.00286721795797348
(0,30): -0.002560470625758171
(0,33): -0.003381897583603859
(0,39): -0.0024558824300765993
(0,41): 0.004402309954166413
(0,43): 0.003119051456451416
(1,9): -0.00046809814870357513
(1,11): 0.0001516231894493103
(1,14): -0.0016921677440404892
(1,41): 0.0001988481730222702
(1,43): -0.00040983602404594423
(1,44): -0.00046129047870635987
(2,6): -0.0005620488524436951
(2,7): -0.00020707443356513978
(2,12): -0.0011193574965000152
(2,13): -0.000226140096783638
(2,22): -0.0023959019780159
(2,31): -0.0018659771978855133
(2,32): -0.0006878181546926498
(2,40): -0.0015618135035037994
(2,42): 0.0003142434358596802
(2,44): 0.0010526546090841294
(3,10): -0.008187724351882935
(3,15): -0.011444825679063797
(3,16): -0.007916822433471679
(3,29): -0.0022891709208488465
(3,30): -0.0027927766740322114
(3,38): -0.0054856564104557035
(3,41): 0.0033843141794204713
(3,43): 0.003387884870171547
(4,0): 7.432572543621063e-05
(4,11): 0.0006627649068832398
(4,14): 0.0016603210568428039
(4,27): -3.593042492866516e-06
(4,29): -0.0026763448864221572
(4,30): -0.004426411241292953
(4,37): 0.0007957363128662109
(4,39): -0.003423868492245674
(4,42): 0.001290615051984787
(5,6): 0.0010727281123399735
(5,9): -0.0004263310134410858
(5,11): -0.0002194259315729141
(5,13): -0.002453790530562401
(5,22): -0.0029078737646341325
(5,27): -0.0019772091507911684
(5,32): -0.0014531819522380829
(5,40): -0.0011965517699718475
(5,42): 0.001000542938709259
(5,44): 0.0014237342774868012
(6,2): -0.0003476043045520783
(6,5): -0.0002501676976680756
(6,7): 0.00030059419572353363
(6,9): 0.0008196552842855454
(6,12): -0.004004400297999382
(6,13): -0.0027617066353559493
(6,22): -0.003246932923793793
(6,31): -0.003205784484744072
(6,32): -0.002934575229883194
(6,40): -0.0030909331887960436
(6,42): -0.00047326639294624327
(6,44): 0.00168824203312397
(7,2): -0.00013174492865800858
(7,6): -0.001149914786219597
(7,12): -0.0007518716901540756
(7,13): -0.0038545721769332885
(7,22): -0.003201659619808197
(7,31): -0.00170989029109478
(7,32): -0.0018460266292095184
(7,40): -0.0014867459237575531
(7,44): 0.00066349558532238
(8,9): 0.0016099869459867478
(8,11): -0.001609843373298645
(8,14): -0.004898574873805046
(9,1): -0.0006488151848316193
(9,5): 0.001196923479437828
(9,6): -3.368094563484192e-05
(9,8): 0.003887087032198906
(9,11): -0.0008836163580417633
(9,14): -0.0011924150586128234
(9,23): -0.004901475980877876
(9,27): -0.0012183621525764464
(9,37): -0.002673846781253815
(9,40): 0.0006424739211797714
(9,46): 0.005633915737271309
(10,3): 0.0021049884706735612
(10,15): 0.002575523480772972
(10,16): 0.00032436437904834745
(10,29): 0.0006556032598018646
(10,30): 0.0001244022697210312
(10,38): 0.003993629515171051
(10,39): 0.0037697019428014756
(10,49): 0.00292585089802742
(11,1): -0.00019118092954158782
(11,4): -0.00018088437616825103
(11,5): -0.00023972097784280777
(11,8): 0.004295956343412399
(11,9): 0.0014855726808309555
(11,14): 0.001054159924387932
(11,21): 0.0008020778000354767
(11,37): -0.00014934375882148744
(11,58): 0.0013125216215848924
(11,62): 0.0009827376157045364
(11,65): 0.002321960851550102
(12,2): 0.0014754732698202134
(12,6): 0.0006419946253299713
(12,7): 0.002207275405526161
(12,13): 0.002176966890692711
(12,22): 0.0016247902065515518
(12,23): 6.180807948112488e-05
(12,31): -4.6250894665718076e-05
(12,32): 0.0009599556773900986
(12,40): 0.0009267768263816834
(12,58): 0.0015997067466378212
(12,68): 0.0009236127138137817
(13,2): 0.002072111964225769
(13,5): 0.0011420850455760956
(13,6): 0.00205203115940094
(13,7): 0.0025021422654390333
(13,12): 0.0019459805637598037
(13,22): 0.0012994265556335448
(13,23): 0.0021579209715127945
(13,31): 0.002260386012494564
(13,32): 0.0038746851682662964
(13,34): 0.0006546232104301452
(13,35): 0.0005102833360433579
(13,40): 0.0030894416570663454
(13,57): 0.0012257879972457887
(13,59): 0.0030489887297153475
(14,1): 0.0032707320153713224
(14,4): -0.001417539417743683
(14,8): 0.0064096575975418095
(14,9): 0.000744418278336525
(14,11): 0.0014849482476711274
(14,23): -1.944050192832947e-05
(14,25): 0.0003477008640766144
(14,26): 0.00041422538459300994
(14,27): 0.0003306403756141663
(14,34): 0.001503477841615677
(14,36): 0.0004351118952035904
(14,37): 0.0006425248086452484
(14,48): 0.001074766218662262
(14,57): 0.0017711857706308365
(14,58): 0.0006306567788124085
(15,3): 0.0018126581609249114
(15,10): 0.0011716803163290023
(15,16): 0.0010475783050060271
(15,38): 0.0006923487037420273
(15,47): 0.00522459052503109
(15,51): 0.003491257354617119
(15,52): 0.00520399808883667
(15,65): 0.003147754594683647
(16,3): 0.0033361142128705977
(16,10): 0.0020745857059955596
(16,15): 0.003910863474011421
(16,29): 0.0022951354086399077
(16,30): 0.0017053867131471634
(16,38): 0.0016415710002183914
(16,39): 0.0030842194706201553
(16,48): 0.002406158372759819
(16,63): 0.0022594118863344193
(16,66): 0.0030555643141269686
(17,0): 0.004788841754198074
(17,18): 0.0025570372492074965
(17,19): 0.001508411541581154
(17,20): 0.002065596580505371
(17,21): 0.0026035936176776885
(17,33): 0.0011497753858566283
(17,51): 0.005395797714591026
(17,68): 0.0023168952763080596
(18,17): 0.0017545769363641738
(18,19): 0.0009283503144979477
(18,20): 0.0022472115606069565
(18,21): 0.0004452952742576599
(18,33): 0.0018730237334966659
(18,53): 0.009565888345241547
(18,59): 0.004145966544747352
(19,17): 0.0005717332661151886
(19,18): 0.0015703141689300537
(19,20): 0.0014912723004817962
(19,21): 0.0008753017336130142
(19,33): 0.001506047546863556
(19,54): 0.006327993050217628
(19,55): 0.0022386187314987183
(19,67): 0.00443804070353508
(20,17): 0.00216498501598835
(20,18): 0.0035126615315675736
(20,19): 0.000593017116189003
(20,21): 0.0027843383699655533
(20,33): 0.0003523433208465576
(20,56): 0.0036382588744163515
(20,57): 0.0033963180333375933
(21,0): 0.004421969205141068
(21,11): 0.0026584986597299578
(21,17): 0.002773160934448242
(21,18): 0.0013946900516748429
(21,19): 0.0033458264917135237
(21,20): 0.001621038168668747
(21,33): 0.00021156303584575652
(21,55): 0.002770130857825279
(21,58): 0.0027063865959644317
(21,59): 0.00274494931101799
(21,65): 0.005147500336170197
(22,2): 0.0009467549622058869
(22,5): -0.0002946914732456207
(22,6): 0.0022697656601667403
(22,7): 0.0025756541639566422
(22,12): 0.0011408856511116027
(22,13): 0.0012060733139514924
(22,31): 0.001285139098763466
(22,32): 0.002174571752548218
(22,40): 0.0010850781202316284
(22,50): 0.003720218762755394
(22,57): 0.0015361429005861281
(22,58): 0.0014989253878593444
(22,59): 0.0018617702275514603
(22,60): 0.002817596346139908
(22,61): 0.0034353867918252945
(23,9): 0.01053185909986496
(23,12): 0.002093148157000542
(23,13): 0.0015708767250180245
(23,14): 0.0011271215230226517
(23,24): 0.0005822999030351639
(23,25): -0.00039687030017375945
(23,26): 0.0008498028665781021
(23,27): 0.0005563520640134811
(23,28): 0.0026454273611307144
(23,34): 0.001403389424085617
(23,35): 0.0003079865872859955
(23,36): 0.001753888800740242
(23,37): 0.000618983656167984
(23,58): 0.0016598059237003327
(23,61): 0.004979641139507294
(23,64): 0.0013771292567253113
(23,68): 0.0012739737331867217
(24,23): 4.289865493774414e-05
(24,25): 0.0002341938018798828
(24,26): 0.0004214467853307724
(24,27): 0.001187465712428093
(24,28): 0.00122153639793396
(24,34): 0.0004481881856918335
(24,35): 0.0017051586508750915
(24,36): 0.001305723562836647
(24,37): 0.0007667965441942215
(24,48): 0.0035626063495874404
(24,62): 0.0014911688864231109
(24,64): 0.003416569009423256
(24,70): 0.005572273507714272
(25,14): 0.0004204181581735611
(25,23): 0.0005786548554897309
(25,24): 0.0005311359465122223
(25,26): 0.00032393530011177063
(25,27): -4.029452800750732e-05
(25,28): 0.0012042353302240372
(25,34): 9.610489010810852e-05
(25,35): 0.00035300180315971373
(25,36): 0.0002382168173789978
(25,37): 0.00041197001934051514
(25,62): 0.0009479369223117829
(25,66): 0.0047311287373304365
(25,68): 0.0038577185571193693
(26,14): 0.0008718036860227584
(26,23): 0.00036813385784626004
(26,24): 0.001021599769592285
(26,25): 0.0010007307678461075
(26,27): 0.00032459080219268796
(26,28): 0.001747947707772255
(26,34): 0.0011882199347019195
(26,35): 0.0008938046544790267
(26,36): 0.000904034674167633
(26,37): 0.0009066397696733475
(26,58): 0.0056230324506759645
(26,62): 0.0012179163098335266
(26,69): 0.004369030073285103
(27,4): 0.0014319337904453277
(27,5): 0.0017192044854164124
(27,9): 0.003924006521701813
(27,14): 0.0009444162249565124
(27,23): 0.0013754484802484513
(27,24): 0.0010190358012914659
(27,25): 0.0004491879791021347
(27,26): 0.0008986250311136246
(27,28): 0.001255418062210083
(27,34): 0.0014132239669561386
(27,35): 0.0013269424438476563
(27,36): -0.0003216484189033508
(27,37): 0.0005863301455974578
(27,57): 0.0034365825355052947
(27,58): 0.0008390127867460251
(27,59): 0.0024136324226856232
(27,63): 0.0024991331249475477
(27,67): 0.0038288915157318115
(28,23): -5.417622625827789e-05
(28,24): 0.001144004538655281
(28,25): 0.00022127173840999603
(28,26): 0.0005595407634973526
(28,27): -8.419856429100037e-05
(28,34): 0.00035521820187568666
(28,35): 0.0008854436874389649
(28,36): 0.0009421409666538239
(28,37): 0.0001256757229566574
(28,68): 0.0020496779680252075
(28,70): 0.004018834382295608
(29,0): 0.0011207738518714905
(29,3): 0.002274055778980255
(29,4): 0.001531263440847397
(29,10): 0.002042829468846321
(29,16): 0.0008516153693199158
(29,30): 0.0014103728532791138
(29,38): 0.0017137128487229346
(29,39): 0.0011154903471469878
(29,57): 0.0007129520922899246
(29,67): 0.0024011686444282533
(30,0): 0.002169877886772156
(30,3): 0.0028286073356866837
(30,4): 0.0004462394118309021
(30,10): 0.0034556841850280763
(30,16): 0.00033591017127037047
(30,29): 0.0017391049116849899
(30,38): 0.002511103376746178
(30,39): 0.0021287138015031815
(30,48): 0.0013057010620832444
(30,62): 0.0013717008382081986
(30,64): 0.002410210147500038
(30,65): 0.002705545797944069
(31,2): 0.000253341943025589
(31,6): 0.00013405442237854004
(31,7): 0.00017732426524162293
(31,12): 0.000780581459403038
(31,13): 0.0012490736693143844
(31,22): 7.235854864120483e-05
(31,32): 0.0030236820131540297
(31,40): 0.0013475072383880614
(31,50): 0.0021650833636522294
(31,58): 0.0014143844693899155
(31,61): 0.0011391789466142655
(32,2): 0.00123308002948761
(32,5): 0.00015185229480266571
(32,6): -0.00116604320704937
(32,7): -0.0001759469509124756
(32,12): 0.00036898352205753324
(32,13): 0.0012291450053453445
(32,22): -0.0008963538706302643
(32,31): 0.0009609492868185043
(32,40): 0.0009942756593227387
(32,56): 0.002241169959306717
(33,0): 0.0014873386919498444
(33,17): 0.0011823395639657974
(33,18): 0.002406671717762947
(33,19): 0.0018306034058332443
(33,20): 0.002479873225092888
(33,21): 0.0006995965540409088
(33,55): 0.002619466558098793
(33,62): 0.0012764466553926467
(33,64): 0.004175327643752098
(34,13): 0.002080392837524414
(34,14): 0.001142357736825943
(34,23): 0.0012416940927505492
(34,24): 0.00016594097018241883
(34,25): 0.0008299963176250458
(34,26): 0.00021161995828151704
(34,27): 0.00017921678721904754
(34,28): 0.0001743215322494507
(34,35): 0.0013149389997124672
(34,36): 0.00029548056423664095
(34,37): 0.0015815617889165879
(34,50): 0.011547932475805283
(35,13): 0.0018717562407255172
(35,23): 0.00010984726250171662
(35,24): 0.0005107046663761139
(35,25): 0.0010314568132162095
(35,26): 0.0006346677988767624
(35,27): 0.00023515038192272185
(35,28): 0.0009262803196907044
(35,34): 0.0009129625558853149
(35,36): 0.0008924532681703568
(35,37): 0.0007964169979095459
(35,61): 0.007642884030938149
(36,14): 0.0003064756095409393
(36,23): 4.717223346233368e-05
(36,24): 0.0009060879051685333
(36,25): 0.00024391204118728637
(36,26): 0.0012767723947763442
(36,27): 0.000209474116563797
(36,28): 0.00029431506991386416
(36,34): 0.0019896167516708376
(36,35): 0.001449907496571541
(36,37): 0.0004680017381906509
(36,63): 0.002585856467485428
(37,4): 0.0016005250066518783
(37,9): 0.002575887441635132
(37,11): 0.003787726312875748
(37,14): 0.001477886736392975
(37,23): 0.0004881107062101364
(37,24): 0.0004144101589918137
(37,25): -0.00015288889408111573
(37,26): 0.0005976132303476333
(37,27): 0.0007754075154662132
(37,28): 0.0017705903947353363
(37,34): 0.001328452080488205
(37,35): 0.0008145303279161454
(37,36): 0.0008493336290121079
(37,50): 0.0028892469406127928
(37,58): 0.0024609430879354477
(38,3): 0.0021471521258354187
(38,10): 0.0027674071490764616
(38,15): 0.0019695009291172028
(38,16): 0.0026683904230594634
(38,29): 0.0013938554376363753
(38,30): 0.0020036766678094863
(38,39): 0.0037285304069519043
(38,47): 0.004149811342358589
(38,51): 0.002681879252195358
(39,0): 0.001704414486885071
(39,4): 0.0002794460207223892
(39,10): 0.003113437294960022
(39,16): 0.0013201556354761124
(39,29): 0.0014945080876350404
(39,30): 0.0005814898386597633
(39,38): 0.0009263299405574798
(39,57): 0.0032641854882240295
(40,2): 0.00042958125472068785
(40,5): 0.00021254926919937135
(40,6): 0.00013180054724216462
(40,7): 0.0007221539318561554
(40,9): 0.0024748308956623077
(40,12): 0.00188605897128582
(40,13): 0.0009891267865896225
(40,22): 0.001649180054664612
(40,31): 0.0023546624183654785
(40,32): 0.0023687579482793808
(40,56): 0.0030656193941831587
(40,57): 0.001211564838886261
(41,0): 0.00031853079795837405
(41,1): -0.000653856098651886
(41,3): 0.0018802149593830108
(42,2): 0.0013683848828077317
(42,4): -0.0012884671986103059
(42,5): -0.0010730124264955521
(42,6): -0.001343185156583786
(42,44): 0.0007277654111385346
(42,50): -0.004521389156579971
(42,58): -0.0058031178265810016
(43,0): -0.00044797003269195554
(43,1): -0.0011335033178329467
(43,3): -0.0007833578437566757
(43,47): -0.003188478946685791
(43,51): -0.0041849634796381
(44,1): 0.0012048270553350448
(44,2): -0.0005718204379081726
(44,5): -0.00023056581616401673
(44,6): 0.0002419501543045044
(44,7): -0.0019480513036251067
(44,42): -0.00014316722750663759
(44,50): -0.004292388334870338
(44,61): -0.004300647228956222
(46,9): 0.003200814798474312
(46,58): -0.012190635949373245
(47,15): -0.00013521753251552582
(47,38): 0.0003611655533313751
(47,43): -0.0011470653861761094
(48,14): 6.743341684341431e-05
(48,16): 0.00246545672416687
(48,24): 0.00012794271111488343
(48,30): 0.0025839662551879884
(48,66): 0.0027131810039281844
(48,69): 0.004954596310853958
(49,10): 0.003918706700205803
(49,52): 0.00266263909637928
(49,64): 0.0005902494490146637
(50,22): 0.0008652117848396301
(50,31): 0.0016146769374608993
(50,34): -0.0003394517302513123
(50,37): -0.0011885011196136476
(50,42): 0.0008082850277423858
(50,44): 0.001663939505815506
(51,15): 0.0004078866541385651
(51,17): -0.0006277984380722045
(51,38): -2.2022426128387453e-05
(51,43): -0.0007013513147830963
(52,15): 0.002676307260990143
(52,49): 0.003586791232228279
(52,64): 0.0007607186585664749
(53,18): -0.0001715695858001709
(54,19): -0.0006064508855342865
(54,56): 0.000845567137002945
(55,19): 0.0009960967302322387
(55,21): -0.00010015062987804413
(55,33): -0.0004659871757030487
(55,57): 0.0016745060682296752
(56,20): 0.0010406814515590667
(56,32): 0.003575577363371849
(56,40): 0.0027348920702934265
(56,54): 0.004403498619794845
(56,57): 0.0018098659813404084
(56,60): 0.005248568207025528
(57,13): 0.004523526355624199
(57,14): 0.0018084388971328735
(57,20): 0.0023673626780509947
(57,22): 0.005784069299697876
(57,27): 9.04904305934906e-05
(57,29): 0.005963979214429855
(57,39): 0.0036824358999729156
(57,40): 0.003603668585419655
(57,55): 0.0034941297769546507
(57,56): 0.00614657461643219
(58,11): 0.0019205963611602782
(58,12): 0.004422976970672608
(58,14): 0.00020502641797065735
(58,21): 0.0017959846556186677
(58,22): 0.0008110329508781433
(58,23): 0.0008517096191644668
(58,26): 0.00022509858012199403
(58,27): 0.00042530730366706847
(58,31): 0.004424438029527664
(58,37): 0.0007613278925418854
(58,42): 0.001445324420928955
(58,46): 0.005772404819726944
(59,13): 0.0016762598603963853
(59,18): 0.0011358612030744552
(59,21): 0.002306086868047714
(59,22): 0.0051738680899143215
(59,27): -0.0001263315975666046
(59,60): 0.0029466195404529573
(60,22): 0.00184600368142128
(60,56): 0.002095530331134796
(60,59): 0.0028736767917871475
(61,22): 0.0019103566557168961
(61,23): -0.000383949875831604
(61,31): 0.0019369344413280487
(61,35): 1.2192875146865845e-06
(61,44): 0.005040664374828339
(62,11): 0.003965481221675873
(62,24): 0.00021491751074790956
(62,25): 0.0009895520657300949
(62,26): 0.0006610002368688583
(62,30): 0.004353538602590561
(62,33): 0.0012659824639558793
(62,63): 0.0024467703700065614
(63,16): 0.0015990347415208816
(63,27): -0.0006665790826082229
(63,36): 0.0016099002212285995
(63,62): 0.001579548493027687
(64,23): -0.00010980561375617981
(64,24): 0.00012770660221576692
(64,30): 0.002441350594162941
(64,33): 0.0020355135202407837
(64,49): 0.005221351981163025
(64,52): 0.003938833475112915
(64,66): 0.0026591113209724427
(65,11): -0.00011256910860538483
(65,15): 0.0015155353397130966
(65,21): 0.0002529793232679367
(65,30): 0.0009566149860620499
(66,16): 0.0012013749033212662
(66,25): 0.00010085240006446839
(66,48): 0.00048352256417274477
(66,64): 0.0014288529753684997
(67,19): -9.133949875831603e-05
(67,27): 0.00029842212796211243
(67,29): 0.0016293817013502121
(68,12): 0.004968651905655861
(68,17): 0.003633203059434891
(68,23): 0.000801190659403801
(68,25): -5.8215707540512084e-05
(68,28): -0.00032071851193904877
(69,26): -0.0008891885727643966
(69,48): 0.0003443029522895813
(70,24): -0.00036879137158393857
(70,28): -0.0013899955153465272
