Test set index: 231

Target Class: 0

Target compound: TARGET

Sum of Shapley Values: 0.9903071653502624

Shapley values:
-0.009831198160241394
0.012403214017917224
-0.005862943099758738
-0.0013551585279520978
0.004461412125711304
0.001990979084199612
-0.0010390530953591347
0.030625828520248567
-0.009635626374215072
-0.008636548294944398
0.007440519079745522
-0.009850695580057118
0.051340299523157204
0.07588102063118107
0.06370498434651309
0.009420539613541879
0.02793218117081548
0.03079749518002648
0.0886316091062399
0.1515646782704114
0.19653539284831434
-0.020087039790320824
0.04309459520681524
-0.031875006681933764
0.018120068633658618
-0.04039445998651864
-0.005738291539922255
0.03758654477940118
0.017008888844621487
0.10812523011603775
0.01617968762186934
0.012900040587273898
0.01214732362747835
-0.005368085490950339
-0.015419883927060816
0.016392927667883618
-0.03243959517374642
-0.025120227188224778
0.05619763478399413
-0.016018580619727205
-0.022453819303071176
0.013973071657692846
-0.024256471472884202
-0.0168588370059551
0.01724288255484784
-0.024656022407734582
0.02361115045758046
-0.005125699763402203
0.012956428718049034
0.0098753696064098
-0.024340242981143918
0.016281421986243366
0.024117468979259912
-0.022102721667921824
0.01621798345867004
0.0062460437369432
0.012337080324452623
0.06528507788859957
0.031526283722392544
0.020220319825779917
0.007025387518013737
0.020758728043304964
-0.007203632128754653
-0.037507282702529635
0.003449885424738883
0.02187660902455738

Minimal top-k Set:
Set indices on edge ranking: [20, 19, 29, 18, 13]
Set edge index: tensor([[ 8,  8, 13,  8,  5],
        [25,  9, 12,  7, 26]], device='cuda:0')
FID+: 0.8684286773204803

Pertinent Positive Set:

Pertinent set edge index: tensor([[ 8,  8, 13,  8,  5, 25,  6, 17],
        [25,  9, 12,  7, 26, 26,  5, 16]], device='cuda:0')
FID-: 0.4460781216621399
Minimal top-k Set GNNExplainer:
Set indices on edge ranking: [24, 47, 17, 8, 51, 45, 27, 42, 2, 23, 11, 18, 32, 54, 48, 22, 46, 21, 1, 14, 12, 33, 43, 50, 16, 20, 25]
Set edge index: tensor([[10, 20,  7,  4, 22, 19, 12, 18,  1, 10,  5,  8, 14, 24, 21,  9, 20,  9,
          1,  6,  5, 14, 18, 22,  7,  8, 11],
        [11, 21,  8,  3, 23, 20, 11, 19,  2,  9,  4,  7, 15, 14, 20, 10, 19,  8,
          0,  5,  6, 24, 23, 21,  6, 25, 10]], device='cuda:0')
FID+: 0.9508032090961933

Pertinent Positive Set GNNExplainer:

Pertinent set edge index: tensor([[10, 20,  7,  4, 22, 19, 12, 18,  1, 10,  5,  8, 14, 24, 21,  9, 20,  9,
          1,  6,  5, 14, 18, 22,  7,  8],
        [11, 21,  8,  3, 23, 20, 11, 19,  2,  9,  4,  7, 15, 14, 20, 10, 19,  8,
          0,  5,  6, 24, 23, 21,  6, 25]], device='cuda:0')
FID-: 0.1554815173149109