Test set index: 231

Target Class: 0

Target compound: TARGET

Sum of Shapley Values: 0.9486824791343726

Shapley values:
-0.012993368881887447
0.0011759154430566626
0.0063996909954765506
-0.008551779758933117
0.04281002211462811
0.0029640445592690346
0.00536997065671386
-0.0013603182609235832
0.018881867431547916
0.008680792655302407
0.011869668697518834
0.012638666931064572
0.03769301911953258
0.07029827104386738
-0.017734325686772585
-0.002923311985322781
0.02397052662746081
0.037445418158944664
0.0980950462880893
0.0783468844680798
0.15830642673765616
0.014457492610927698
0.020266850619070808
0.016775610627378035
0.004037343455886076
-0.0007196538500420946
0.03325675170546861
0.007257761189257265
0.1254164924283886
-0.009429963554477233
-0.018085877061634212
0.05545430346289048
-0.012988374574157018
-0.003795089608868761
0.006199581341191459
0.006300831744558449
-0.027370543584636975
0.0028251434629319315
0.016781619502341583
-0.0002740664384564506
-0.001547313531605418
0.0014215219788549515
-0.009128276019918793
-0.005142135433779573
0.03367460229455854
-0.008459864738091521
0.007781553962741934
-0.0007435472689030046
0.0016277091725888523
0.005962559239479251
-0.007921322695680995
0.008889734888433034
0.021448568296711542
-0.0015551717001681747
0.002068608926458713
0.004231625441284087
0.008287185196302905
0.023322224868247764
0.019869920400845998
0.022472646950618003
-0.004863737117402451
-0.002913501238006902
-0.0011924208857673252
-0.03780885468032977
0.03834953190813526
0.022801290086378753

Minimal top-k Set:
Set indices on edge ranking: [20, 28, 18, 19, 13, 31]
Set edge index: tensor([[ 8, 12,  8,  8,  5, 14],
        [25, 13,  7,  9, 26, 13]], device='cuda:0')
FID+: 0.9999128144991118

Pertinent Positive Set:

Pertinent set edge index: tensor([[ 8, 12,  8,  8,  5, 14,  2, 29,  5,  7],
        [25, 13,  7,  9, 26, 13,  1,  1,  6,  8]], device='cuda:0')
FID-: 0.15335345268249512
Minimal top-k Set GNNExplainer:
Set indices on edge ranking: [27, 24, 17, 12, 28, 18, 23, 21, 14, 25, 22, 20, 11]
Set edge index: tensor([[12, 10,  7,  5, 12,  8, 10,  9,  6, 11,  9,  8,  5],
        [11, 11,  8,  6, 13,  7,  9,  8,  5, 10, 10, 25,  4]], device='cuda:0')
FID+: 0.6865338385105133

Pertinent Positive Set GNNExplainer:

Pertinent set edge index: tensor([[12, 10,  7,  5, 12,  8, 10,  9,  6, 11,  9,  8],
        [11, 11,  8,  6, 13,  7,  9,  8,  5, 10, 10, 25]], device='cuda:0')
FID-: 0.013139069080352783