Explaining class 0 for compound: O=S(=O)(c1cncc2ccccc12)N1CCC(CCN2CCN(c3cccc(Cl)c3)CC2)CC1
Shapley values for edges:
(0,1): 0.054784358229749086
(1,0): 0.018732515312860066
(1,2): 0.0355539829690188
(1,3): -0.02689321850101589
(1,13): -0.07398654172539304
(2,1): 0.022169696817186803
(3,1): 0.02322380816160696
(3,4): -0.016174366145036215
(3,12): -0.0074271718312696145
(4,3): -0.006179228018072735
(4,5): -0.011894131004860453
(5,4): -0.0026518425656965453
(5,6): -0.0073340091343837965
(6,5): -0.00831569549055196
(6,7): -0.01104074828884362
(7,6): 0.008992715717881135
(7,8): -0.003601175794638377
(7,12): 0.007022289364756184
(8,7): 0.022507399631602833
(8,9): -0.0025159514445936004
(9,8): -0.003791048041505727
(9,10): 0.013774096644761495
(10,9): -0.006919642436775589
(10,11): -0.007004455050832609
(11,10): -0.017872066292577135
(11,12): 0.02012956414282089
(12,3): 0.008989559046290294
(12,7): 0.009651491913944581
(12,11): 0.004187455701522683
(13,1): 0.00010440572037126138
(13,14): 0.02170229470018432
(13,33): 0.08625755095307484
(14,13): 0.02545160863326503
(14,15): 0.023074001872081317
(15,14): 0.002831133837717221
(15,16): -0.017002199698159956
(16,15): 0.031180216281239185
(16,17): -0.014114909033883667
(16,32): 0.04233452975979045
(17,16): 0.003605143229704076
(17,18): 0.03562487671541317
(18,17): 0.030088756034935663
(18,19): 0.028748735300211145
(19,18): 0.04737321220084684
(19,20): 0.14877223264118639
(19,31): 0.09510458127770477
(20,19): 0.0633180926214181
(20,21): 0.016879020439381307
(21,20): 0.021874143432186258
(21,22): -0.004202420672710744
(22,21): 0.040855339472982984
(22,23): -0.00017313001583278337
(22,30): 0.05039036235677366
(23,22): -0.004735893331583727
(23,24): -0.0024075246380646587
(23,29): -0.004744544766861198
(24,23): -0.0006845258807461779
(24,25): -0.002088522473787436
(25,24): 0.0014940820862975456
(25,26): -0.004560211241323151
(26,25): 0.001036371594851804
(26,27): -0.010622857991663216
(27,26): 0.0015580253040404285
(27,28): -0.019589104133182978
(27,29): 0.0037452104401323218
(28,27): 0.016142559004107354
(29,23): 0.0018862551852502332
(29,27): -0.007727972335660357
(30,22): 0.022297924357491068
(30,31): 0.013278992289359892
(31,19): 0.0512854882118477
(31,30): 0.023318281887214472
(32,16): -0.01555796202571918
(32,33): 0.005359092156280538
(33,13): 0.043806712271590525
(33,32): 0.033453809705687565

Sum of Shapley values: 0.9621389056233953

Minimal top k set edge index:
[[19, 19, 13], [20, 31, 33]]

FID+: 0.8368918150663376

Pertinent positive set edge index:
[[19, 19, 13, 20, 0, 31, 22, 19, 33, 16, 22, 17, 1, 33, 16], [20, 31, 33, 19, 1, 19, 30, 18, 13, 32, 21, 18, 2, 32, 15]]

FID-: 0.20879268646240234

