Test set index: 231

Target Class: 1

Target compound: RANDOM

Sum of Shapley Values: 0.003153489083051681

Shapley values:
9.179115295410156e-08
2.275705337524414e-06
-1.3113021850585938e-08
0.0005317598581314087
7.075071334838867e-07
4.053115844726563e-08
-1.448988914489746e-05
0.0005014228820800781
4.1365623474121096e-07
-4.76837158203125e-09
4.565715789794922e-07
0.000385017991065979
-3.4809112548828124e-07
4.1723251342773435e-08
-1.202225685119629e-06
5.960464477539063e-08
4.649162292480469e-08
-1.1920928955078126e-08
-4.410743713378906e-08
-1.1920928955078126e-08
-2.2411346435546874e-07
2.1457672119140624e-08
-1.9192695617675782e-07
7.697880268096924e-05
-7.587671279907227e-07
1.1742115020751953e-07
7.53939151763916e-06
-5.3644180297851564e-08
-1.9073486328125e-08
3.5762786865234374e-08
-6.67572021484375e-08
-8.344650268554687e-08
-3.8743019104003906e-07
3.5881996154785154e-07
3.147125244140625e-07
-2.4902820587158204e-06
-4.863739013671875e-07
9.22083854675293e-07
-8.940696716308594e-08
1.5854835510253907e-07
1.5377998352050782e-07
3.825426101684571e-06
-6.070315837860107e-05
1.298069953918457e-05
-6.794929504394531e-07
-2.1126866340637206e-05
5.475997924804688e-05
-1.3650655746459962e-05
0.0017492835223674773
-6.961822509765625e-07
-0.00018321394920349122
2.626776695251465e-06
4.069209098815918e-06
-5.960464477539063e-08
-3.218650817871094e-07
-4.735589027404785e-06
8.276581764221191e-05
2.6226043701171875e-08
7.72714614868164e-06
5.125999450683594e-08
-2.6226043701171875e-08
1.0251998901367187e-07
5.245208740234375e-08
-8.305907249450683e-06
-1.430511474609375e-08
-5.245208740234375e-08
-1.4007091522216797e-06
-1.430511474609375e-08
-3.268122673034668e-06
1.5854835510253907e-07
-4.76837158203125e-08
-2.0253658294677733e-06
4.8356056213378905e-05
-1.900792121887207e-06
-2.167224884033203e-06
3.1560659408569338e-06
