Test set index: 361

Target Class: 0

Target compound: TARGET

Sum of Shapley Values: 1.0178573298802058

Shapley values:
-0.043749107822455585
0.044336688101987695
0.005268007816177866
-0.017902929303175903
0.029460645079921563
0.008845307048132888
0.04665086781274488
0.05898380645439648
0.022951153286788917
0.009000681929766732
-0.0008354182675153178
0.003793513308003405
-0.0017981725493268175
0.04243000810537847
-0.009445621731849903
0.02379904690448812
0.0016657042010529478
0.041786193228959295
0.05248556775139696
0.015551054497499335
0.09485200662671009
0.08990991159810338
0.024148646463254576
0.020662386771928772
0.005318996075863781
-0.008675720811894173
-0.014167582094734668
0.023996371561143915
0.003754691193749293
0.0077701148819984515
-0.00032727931242606986
0.03897003507162717
0.011450356548747834
-0.0014278600183609761
-0.0007004065456691479
-0.005176741694398043
-0.03749121825517408
0.0265997152802673
0.05949770144063907
0.012892708168115517
0.002961676198521468
0.01797139604491918
0.008087505411434624
0.0005056429413084123
0.015223739462534186
0.005245964978402762
0.008104988971655385
0.007327506403871566
0.010140168643251225
-0.000351644414384304
0.024154947950586994
0.0020440317825323653
0.004674014952413939
0.020849454352260946
-0.002727477396498147
-0.002586262403512315
0.00473475903877297
-0.0002764020304238504
0.009378502410056107
0.04682719652110972
-0.007194125423284499
-0.002446233846412639
0.011011203210518137
-0.00048355155507980334
-0.0016022839519023251
0.0018147941239192841
-0.000889255444267005
0.005036881209228382
-0.003251142848712561
-0.0036577464140427674
0.008376016037819083
0.028546223546978645
0.0007857829003503783
3.6228017994549496e-06
0.005029378035009343
0.0033175063374659424
0.00332110811078621
0.013662531472518098
0.06036507565492604
0.016747210124830946
-0.0011872454213493156
-0.0026569967974279752
-0.001136831354490555
0.00011146866444329239
0.0016299581147468378
0.00022150111970321805
0.0016042152147138456
-0.0014279059935577544
0.017510011563458487
-0.002727377933159603

Pertinent Negative Set:
Pertinent set indices on edge ranking: [20, 21, 78]
Pertinent set edge index: tensor([[ 9,  9, 33],
        [ 8, 10, 35]], device='cuda:0')
FID+: 0.8913298919796944

Pertinent Positive Set:

Pertinent set edge index: tensor([[ 9,  9, 33, 16,  3,  8, 26,  3,  1,  6,  7, 13,  2, 30, 16, 21,  9, 12,
          6,  3, 23, 10, 17],
        [ 8, 10, 35, 17,  4,  7,  1,  2,  0,  5,  8, 14,  1, 37, 15, 20, 23, 11,
         24, 25,  9,  9, 21]], device='cuda:0')
FID-: 0.018460988998413086
Pertinent Negative Set GNNExplainer:
Pertinent set indices on edge ranking: [13, 15, 17, 9, 24, 48, 54, 56, 74, 70, 6, 12, 53, 16]
Pertinent set edge index: tensor([[ 6,  6,  7,  4, 10, 20, 23, 24, 32, 30,  3,  5, 23,  7],
        [ 5, 24,  8,  3, 11, 21, 22, 25, 31, 31,  2,  6,  9,  6]],
       device='cuda:0')
FID+: 0.7439908683300018

Pertinent Positive Set GNNExplainer:

Pertinent set edge index: tensor([[ 6,  6,  7,  4, 10, 20, 23, 24, 32, 30,  3,  5, 23,  7, 21,  3, 17,  9,
         26, 11, 24, 12, 10, 31, 25, 32, 30,  9,  4,  5, 22, 36, 11, 36, 25, 19,
          8,  8,  9, 33, 38, 29, 20, 27, 39, 12, 31, 37, 37, 27,  3, 16, 38, 39,
         14, 19],
        [ 5, 24,  8,  3, 11, 21, 22, 25, 31, 31,  2,  6,  9,  6, 17, 25, 16,  8,
          1, 12,  6, 13,  9, 30, 24, 33, 37, 10,  5,  4, 12, 37, 10, 33,  3, 18,
          7,  9, 23, 35, 39, 30, 19, 28, 38, 22, 32, 36, 30, 26,  4, 17, 29, 26,
         13, 20]], device='cuda:0')
FID-: 0.1441664695739746