Test set index: 361

Target Class: 0

Target compound: TARGET

Sum of Shapley Values: 0.9387260124457633

Shapley values:
-0.044521466964196996
0.035044079946709876
0.013610289703585108
-0.021559689119882174
-0.0006665895590962817
-0.01818118758456047
0.046377834908544795
0.031070705436006527
0.00691558933690705
-0.005365295452950033
0.0051488579652876456
0.010317403414785997
-0.0033078534520323477
0.033455887064640574
0.02809461744399959
0.010508208817958078
5.3450581825918456e-05
-0.034965297547713305
0.0257866650873697
-0.021345487017856445
0.09185064142372248
0.10441671344143146
0.059636856854711325
-0.009705477323861279
0.01484956683921399
-0.01805038816313202
0.0020397175290985136
0.01846643310171562
0.0057683320390875155
-0.004079946055183788
-0.0034183404488453517
0.004797083041368656
-0.004692476417007163
-0.0033044046795406515
-0.0020271928573913243
0.00029523731350741567
-0.006013409669130216
0.003494557252946633
-0.001871864432543059
0.008351438659042356
0.0029265932852182786
0.007579770081058054
0.0069161140671344335
-0.00312482435570756
0.01549961658838293
-0.0027110095657891307
0.006272122678058999
0.012465054788675647
0.03355566104702598
0.0037124118430886806
0.027976249083451678
-0.006154915042230033
-0.049341321750319134
0.03880722929244733
0.018663224315326583
-0.0053721763450630365
0.00016689467022492157
0.005229020597844732
0.01653356501815414
0.059150490618224756
-0.004822215749232716
-0.007472984936047564
0.010258503363642367
-0.00023294545544253788
0.00024895731423568
0.0030854513074717415
-0.007798859552873102
0.019480561799750315
-0.007379917044809211
-0.009314060994756356
0.0008467573991209446
0.0037982436676105226
0.0014032177387201647
-0.004274804147115534
0.0006989294388328563
0.005812054029605068
0.007524156181359491
0.1593950384735744
0.1498901837080033
0.02776106976103256
0.003150581365272911
0.009579701323883971
0.015547348883329926
0.009596553425919165
-0.006812890053377525
0.001472503946029725
0.004023564963714407
-0.001939909526323609
0.010100265844772242
-0.0009226154038923616

Minimal top-k Set:
Set indices on edge ranking: [77, 78, 21]
Set edge index: tensor([[33, 33,  9],
        [34, 35, 10]], device='cuda:0')
FID+: 0.9924924480728805

Pertinent Positive Set:

Pertinent set edge index: tensor([[33, 33,  9,  9,  9, 26,  3, 23,  1],
        [34, 35, 10,  8, 23,  1,  2,  9,  0]], device='cuda:0')
FID-: 0.30452924966812134
Minimal top-k Set GNNExplainer:
Set indices on edge ranking: [31, 23, 84, 28, 71, 17, 19, 46, 29, 16, 52, 13, 30, 53, 25, 64, 42, 44, 65, 57, 9, 41]
Set edge index: tensor([[13, 10, 37, 12, 30,  7,  8, 19, 12,  7, 22,  6, 13, 23, 11, 28, 18, 18,
         28, 25,  4, 17],
        [14,  9, 30, 13, 37,  8,  9, 20, 22,  6, 23,  5, 12,  9, 10, 27, 13, 19,
         29,  3,  3, 21]], device='cuda:0')
FID+: 0.7081520259380341

Pertinent Positive Set GNNExplainer:

Pertinent set edge index: tensor([[13, 10, 37, 12, 30,  7,  8, 19, 12,  7, 22,  6, 13, 23, 11, 28, 18, 18,
         28, 25,  4, 17,  9, 12, 18, 23, 38, 13, 37, 17,  8, 38, 19,  3, 33, 11,
         33, 10, 27, 27,  6,  9, 39],
        [14,  9, 30, 13, 37,  8,  9, 20, 22,  6, 23,  5, 12,  9, 10, 27, 13, 19,
         29,  3,  3, 21, 10, 11, 17, 22, 29, 18, 36, 16,  7, 39, 18,  2, 35, 12,
         32, 11, 28, 26, 24,  8, 26]], device='cuda:0')
FID-: 0.45925116539001465