Test set index: 362

Target Class: 0

Target compound: TARGET

Sum of Shapley Values: 0.9888649705262833

Shapley values:
-0.05873482776251808
0.09793904099500292
0.03842868799217828
-0.0048099099750245735
0.02930331900090019
-0.0022462757197852685
0.07121846269606288
0.03702630805050308
0.01832104431782289
0.011030993538971235
0.02095159373707213
0.010997530907804138
0.0031110142487535304
0.041895533804848235
0.03916564578122905
0.025898544896545708
-0.006734844539950281
-0.005928718156357213
0.02577325621348167
-0.017208309914977092
0.15637754135300683
0.09414774569168653
0.06051425427863556
0.00138305176136071
0.027950535240257396
-0.03993650507029891
-0.007450554104401334
0.019237921818585132
0.0008325998992376156
0.009460523046993718
0.006343901690100645
0.006183343562402779
0.003470641479923282
-0.0005152345005455777
-0.0020017614866826897
0.00022024479953829877
-0.005407265543897346
0.009684054116637203
0.005395147353341423
-0.005428445814297658
-0.00040405149901777274
0.016349726256306724
0.004413207643892062
0.008759719447782937
0.012048489873482466
-0.0128231975204361
0.01007077104339279
-0.008279934822245667
0.03458750821791543
-0.02017432838264174
0.015101791012038148
0.007105036901528718
-0.009133046841726077
-0.0322040109007735
0.0036547222615286217
-0.003002478524494358
0.005539877845141564
-0.005704406768256192
0.008111190602062269
0.04922785360424122
-0.004649967529853557
-0.004245135007918751
0.016645631298996676
-0.0018952957088767364
-0.0022220109240918143
-0.0007008529450964638
-0.0011397311085816564
0.0140359874541772
0.0006862433971192527
-0.0037641271256610696
0.011799079498801207
0.03781986152382199
0.0013134368398931536
0.001949300560527978
0.0031897716634300215
-0.02057246606723755
0.03185056390011726
-0.010288206333708255
0.00950407751179972
0.026070419858128656
0.03692739071195981
0.017682737781206076
-0.01236099988871008
0.0037631244498915082
0.01368286840444568
0.01979922643406914
-0.0008842093373494695
-0.0010767935213184102
0.007923772472169108
-0.0010829968697355682
