Test set index: 361

Target Class: 0

Target compound: TARGET

Sum of Shapley Values: 0.7929382271603151

Shapley values:
-0.09197151234642183
0.09750026588974452
0.025994642365615578
-0.03551407444818263
0.009340410116500664
-0.06448855106338448
0.057920118108201864
-0.00834275930407173
0.0019077641263074787
0.0329508682225636
-0.011584711850202814
0.007017906360733952
0.009394564652708035
0.017970429498375365
-0.006831430015885914
0.021252540019387495
0.004203327604490104
-0.01169195250175076
-0.0004942528987810619
-0.006127925316394187
0.09021540336457151
0.12806192411742656
0.11219522684065979
-0.04472057678760262
0.0358193649300988
-0.05345586349461354
-0.02232829688912542
0.030175252417861512
-0.02212855640195925
0.05728418575506074
0.01808605335462289
-0.003345177290927208
0.010943280621293763
0.008451974867065542
-0.00011527394473161635
0.0007220268622359842
0.0007504588593992155
-0.003582566584350404
0.01732588256230559
-0.00725090802193886
0.00699341862284258
0.06505533266792629
-0.00046996647749209864
0.006282127305897769
0.02516762485458422
-0.03315469926518645
0.01696229228346067
-0.021114361493755278
0.021808671512972576
-0.021581439318709896
0.00283007752243357
-0.0006394675709120707
-0.03283934175705122
-0.012651974511980435
0.01966525090559426
0.0033048884761612894
0.010973461025808763
0.03295926965219288
0.0008794414477240729
0.07845408929580053
-0.01170841140425463
-0.012229997213740492
0.010193084015156107
0.00012241903375028964
-0.0030181474452432287
0.013791055049282092
-0.0054271069438709294
0.003462911334517785
-0.008377895154304234
-0.004452235213903602
0.011049772275978387
0.019240708280606495
0.006546796290981915
-0.004437498078634313
0.019318795811073625
0.004563271883615358
0.05977227817259611
0.031295141204169985
0.09418894111762582
0.012739014721458622
-0.020944592530109517
-0.024899555610466067
-0.009998727767027055
0.014014255004537863
0.007638961528898816
-0.019916298938366297
0.01700552893524979
0.001613016149091252
0.021012247731949475
0.00038631738447738126

Minimal top-k Set:
Set indices on edge ranking: [21, 22, 1, 78]
Set edge index: tensor([[ 9,  9,  1, 33],
        [10, 23,  0, 35]], device='cuda:0')
FID+: 0.9928578552789986

Pertinent Positive Set:

Pertinent set edge index: tensor([[ 9,  9,  1, 33,  9, 26, 17, 33,  3],
        [10, 23,  0, 35,  8,  1, 21, 32,  2]], device='cuda:0')
FID-: 0.1477680802345276