Interaction name: 6cwn

Predicted class: 0
Predicted probability: 0.7605623006820679
Sum of phi edges: -0.12951124250888826

Interaction statistics:

Number of total edges connecting protein pseudo-atoms: 24
Number of total edges connecting ligand pseudo-atoms: 95
Number of total edges connecting protein and ligand pseudo-atoms: 53

Pertinent positive set edge index: tensor([[ 0],
        [12]], device='cuda:0')

FID- using pertinent positive set: -0.10495007038116455

Number of pertinent positive edges connecting protein pseudo-atoms: 0 (0.0%)
% w.r.t. total number of pertinent positive edges: 0.0%)
Number of pertinent positive edges connecting ligand pseudo-atoms: 1 (1.1%)
% w.r.t. total number of pertinent positive edges: 100.0%)
Number of pertinent positive edges connecting protein and ligand pseudo-atoms: 0 (0.0%)
% w.r.t. total number of pertinent positive edges: 0.0%)

Minimal top k set edge index: tensor([[ 0, 11, 10,  9,  9, 22,  6, 11,  7,  6,  8, 23,  8,  5,  0,  9,  7,  1,
          6, 10,  5,  5,  3, 28,  9,  2, 28, 10,  8,  0,  6,  4, 11,  9, 29, 13,
         22,  1, 20, 17,  6,  5, 23,  5, 38, 21, 14,  1,  5, 15, 19,  4,  8,  2,
         24,  8, 15, 29,  3,  1, 15, 15,  5,  6,  2, 13,  4,  1, 22, 24, 11, 25,
         21, 21,  4,  3,  5,  8, 20, 14, 17, 22, 25, 26, 30, 25, 14, 10, 26, 20,
         23, 24, 26,  4, 40,  2, 14, 25,  0, 14,  7, 23, 11, 26, 26,  3,  8,  6,
         17,  2,  6,  3,  3,  8,  7, 24, 15,  4, 33,  3,  3, 11, 21,  4, 16,  0,
         25, 22, 19, 11,  5,  5, 20, 13,  2,  2,  1, 17, 17,  4,  3, 17, 26, 16,
          3,  3,  1, 21, 23,  4,  4, 25,  3, 26,  0, 23, 13, 13,  1,  4,  4, 24,
         26, 25,  0,  0,  5, 19, 24,  2,  7, 13, 22,  3, 22,  4, 13, 19,  5, 20,
         14,  6,  9, 29,  2, 16,  1, 25,  6, 39,  7, 10,  8, 21, 19, 15,  5, 14,
         20,  7, 16, 13, 23, 14,  2, 27,  7, 37,  2, 19, 29,  0,  1, 19, 15,  4,
         17,  2,  3, 20, 26, 18,  4, 21, 13, 18, 13, 30, 20, 16,  2, 23,  0, 20,
         14, 19, 30, 19,  2, 39, 17,  2, 13,  7, 36, 12, 39, 41, 22, 31,  8, 15,
         16, 18, 16,  6, 19, 32, 13, 20, 16, 19, 37, 38, 15, 16, 17, 19, 17, 32,
         18,  2, 15, 12, 20, 12, 14, 14, 31, 19, 15, 13, 33, 33, 33, 30,  2, 13,
         13, 20, 14, 38, 15, 17, 11, 26, 20, 16, 38, 18, 13, 16, 30, 31, 32, 10,
         17, 17, 16, 27, 13, 18, 34,  8, 35, 13, 10, 12, 14, 34, 38, 17, 37, 39,
         12, 30, 34, 12, 37, 16, 16, 41, 32, 26, 18, 39, 34,  9, 30, 13, 35, 34,
         30, 27],
        [12, 16, 11, 20, 17, 27, 16, 10, 18, 18, 27, 28,  6, 15,  9, 19, 17, 17,
         17, 15, 16, 14, 14, 22,  8,  9, 23,  4,  7, 17, 20, 14,  3,  0, 25,  6,
         30, 13, 37,  0, 19, 10, 30, 11, 18,  7, 11, 20, 20,  3,  9, 10, 12, 13,
         30, 17,  4, 26, 15, 19, 11, 10, 13,  8, 15,  3,  2,  8, 28,  3, 15, 26,
         23,  1, 21, 29,  3, 19,  8,  3,  9, 24,  3,  1, 18,  1,  4,  5,  7,  6,
         24, 27,  3, 15, 15,  6, 34, 29, 19, 10,  8, 22, 14,  6,  0, 13,  9,  7,
         19, 20,  2, 22, 23, 20, 20, 22, 13, 16, 32, 26, 25, 13,  4, 24, 20,  8,
          2,  3, 17,  5,  2, 26,  1,  8, 16,  1, 25,  8,  7, 22,  5, 13,  5,  6,
          4, 21,  0,  0, 21, 23, 13,  5,  2,  2,  7,  4,  2,  1,  2, 29, 26, 23,
         25,  0, 25, 21,  6,  7,  4, 25, 21,  4,  4, 11, 23, 25, 33, 32, 25,  7,
          5, 13, 13,  3, 26, 17, 21,  4,  5, 18, 19, 14, 13,  3,  0, 36,  4, 15,
          9,  0, 11, 17,  2, 13,  4, 24,  6, 33,  3,  8,  4,  1, 26,  2, 40,  3,
          1,  5, 24, 17,  4, 38,  5, 22, 20, 39, 19, 16,  2,  4, 19,  3, 26, 19,
         20,  6, 13, 20, 23, 17,  6, 11,  5, 26, 15, 39, 13, 39, 21, 18,  0, 34,
         13, 17, 41, 26, 13, 33,  9, 16,  5, 16, 38, 33,  5, 19, 20,  1, 39, 38,
         31, 10, 16, 31, 14,  0, 19,  2, 17, 14,  2, 11, 38, 13, 37, 14, 14, 10,
         30, 13, 16, 32, 14, 16,  2, 29,  5, 30, 37,  6, 16,  2, 24, 12, 37,  2,
         38, 18, 15, 22, 15,  7, 16,  1, 12, 39, 13,  8, 30, 35, 17, 31, 32, 12,
         35, 12, 14, 30, 20, 34, 14, 16, 19, 34, 30, 41, 15,  2, 23, 14, 34, 26,
         22,  8]], device='cuda:0')

FID+ using minimal top-k set: 0

Number of minimal top-k edges connecting protein pseudo-atoms: 9 (37.5%)
% w.r.t. total number of minimal top-k edges: 13.8%)
Number of minimal top-k edges connecting ligand pseudo-atoms: 46 (48.4%)
% w.r.t. total number of minimal top-k edges: 70.8%)
Number of minimal top-k edges connecting protein and ligand pseudo-atoms: 10 (18.9%)
% w.r.t. total number of minimal top-k edges: 15.4%)

Trustworthiness of the explanation: 0.0

Number of relevant edges connecting protein pseudo-atoms: 10 (41.7%)
% w.r.t. total number of relevant edges: 10.8%)
Number of relevant edges connecting ligand pseudo-atoms: 58 (61.1%)
% w.r.t. total number of relevant edges: 62.4%)
Number of relevant edges connecting protein and ligand pseudo-atoms: 25 (47.2%)
% w.r.t. total number of relevant edges: 26.9%)

Shapley values for edges: 

(0,1): -0.0007857775688171387
(0,7): -0.00018184065818786622
(0,8): 9.364545345306396e-05
(0,9): 0.0045704090595245364
(0,12): 0.02468517005443573
(0,17): 0.002581161856651306
(0,19): 0.0005126392841339111
(0,21): -0.00027854681015014647
(0,25): -0.0002706998586654663
(0,26): -0.001005864143371582
(1,0): -0.00013357996940612792
(1,2): -0.00023148953914642334
(1,8): 0.0011384373903274537
(1,13): 0.0020803862810134886
(1,17): 0.0038368237018585206
(1,19): 0.0012724173069000244
(1,20): 0.001619911789894104
(1,21): -0.0005537861585617065
(1,25): -2.246975898742676e-05
(1,26): -0.0007864463329315185
(2,1): 9.924173355102539e-06
(2,3): -0.0007530391216278076
(2,4): -0.000691184401512146
(2,5): -0.0008108389377593995
(2,6): 0.000551985502243042
(2,9): 0.0031587517261505126
(2,10): -0.0018570137023925782
(2,11): -0.0011525976657867432
(2,13): 0.0014610928297042847
(2,14): -0.002222842574119568
(2,15): 0.0012087541818618774
(2,16): 1.3710260391235352e-05
(2,19): -0.0009949666261672974
(2,20): 0.00035985589027404786
(2,23): -0.001122802495956421
(2,25): -0.0003315985202789307
(2,26): -0.000524095892906189
(3,2): -0.00017292857170104982
(3,4): -7.518470287322999e-05
(3,5): -3.336489200592041e-05
(3,11): -0.00037733852863311765
(3,13): 0.0004546225070953369
(3,14): 0.003366038203239441
(3,15): 0.0012801915407180786
(3,21): -9.145498275756835e-05
(3,22): 0.00030013978481292726
(3,23): 0.0002945083379745483
(3,24): -0.0008452588319778442
(3,25): 0.00017030000686645507
(3,26): 0.00017325401306152343
(3,29): 0.000919487476348877
(4,2): 0.0011449044942855836
(4,3): -0.0007966876029968262
(4,5): -0.000898967981338501
(4,10): 0.0014878422021865844
(4,13): -0.0001440119743347168
(4,14): 0.002518020272254944
(4,15): 0.0005741763114929199
(4,16): 0.00021346569061279298
(4,21): 0.0009337687492370606
(4,22): -3.261923789978027e-05
(4,23): -0.00014355480670928954
(4,24): 0.00012618720531463624
(4,25): -0.0003900444507598877
(4,26): -0.0002373802661895752
(4,29): -0.00023579180240631103
(5,2): 5.959451198577881e-05
(5,3): 0.0008665245771408082
(5,4): -0.0006319862604141235
(5,6): -0.00028284668922424317
(5,10): 0.001734011173248291
(5,11): 0.0017199814319610596
(5,13): 0.001244065761566162
(5,14): 0.0034160953760147095
(5,15): 0.004761491417884827
(5,16): 0.0034275996685028077
(5,20): 0.0016167986392974854
(5,25): -0.0003978031873703003
(5,26): 3.9939284324646e-05
(6,2): 0.00035433173179626464
(6,5): -0.0005592638254165649
(6,7): 0.00040010511875152586
(6,8): 0.0012391722202301026
(6,13): -0.00046922266483306885
(6,16): 0.006730100512504578
(6,17): 0.0036094695329666137
(6,18): 0.006293430328369141
(6,19): 0.0017360401153564452
(6,20): 0.0025380486249923706
(6,26): -0.0014263314008712768
(7,0): -0.0006557959318161011
(7,6): -0.0007305043935775757
(7,8): 0.0005042159557342529
(7,17): 0.003913787007331848
(7,18): 0.006402707695960999
(7,19): -0.0005982100963592529
(7,20): 0.00023591697216033937
(7,21): -0.00033275067806243897
(7,26): -0.0011854982376098633
(8,0): -0.0013727235794067383
(8,1): -0.003774455189704895
(8,6): 0.004784556031227112
(8,7): 0.0027407920360565186
(8,9): 0.0004462045431137085
(8,12): 0.001477423906326294
(8,13): -0.0006080150604248046
(8,17): 0.0013566917181015014
(8,19): 0.0008157747983932495
(8,20): 0.00025291502475738526
(8,27): 0.005310323238372803
(9,0): 0.002403103709220886
(9,2): -0.008408122062683106
(9,8): 0.0031810235977172852
(9,13): -0.0004840463399887085
(9,17): 0.0081146502494812
(9,19): 0.004130024313926697
(9,20): 0.008496492505073547
(10,2): -0.003159308433532715
(10,4): 0.00288282573223114
(10,5): 0.0006573742628097534
(10,11): 0.01306842863559723
(10,13): -0.003897446393966675
(10,14): -0.000607556700706482
(10,15): 0.0035588580369949343
(11,2): -0.002731373310089111
(11,3): 0.0024935704469680785
(11,5): 7.50654935836792e-05
(11,10): 0.006627007722854615
(11,13): 0.00016799688339233398
(11,14): 0.0004755395650863647
(11,15): 0.001076783537864685
(11,16): 0.014645509719848633
(12,0): -0.0019466274976730348
(12,8): -0.004009677767753601
(12,30): -0.004742692708969116
(12,31): -0.0019142270088195802
(12,35): -0.004649844765663147
(12,39): -0.0012759417295455933
(13,1): -0.00022654294967651368
(13,2): -0.00020110845565795898
(13,3): 0.0011547523736953735
(13,4): -0.00033558905124664307
(13,5): -0.0011835414171218871
(13,6): 0.0022835725545883177
(13,8): 2.8853416442871093e-05
(13,9): -0.0014420878887176514
(13,10): -0.0022320556640625
(13,11): -0.0021167218685150145
(13,14): -0.009590539336204528
(13,15): -0.0034567856788635253
(13,16): -0.003001323342323303
(13,17): -0.0006744807958602905
(13,19): -0.000908060073852539
(13,20): -0.0009038364887237549
(13,30): -0.0022601592540740967
(13,33): -0.0003939288854598999
(13,39): -0.003871635794639587
(14,2): -0.0019829803705215454
(14,3): 0.0007678258419036865
(14,4): 0.000661441683769226
(14,5): -0.0004125100374221802
(14,10): 0.0005097544193267822
(14,11): 0.0016387933492660522
(14,13): -0.0006859397888183594
(14,15): -0.0006456750631332397
(14,16): -0.0023684048652648925
(14,19): -0.001964406371116638
(14,20): -0.0010813742876052857
(14,30): -0.004150255918502808
(14,34): 0.0005351167917251587
(15,2): -0.0020716583728790285
(15,3): 0.0016056185960769654
(15,4): 0.001337324380874634
(15,5): -0.0015954846143722535
(15,10): 0.001247372031211853
(15,11): 0.0012520331144332886
(15,13): 0.0002146172523498535
(15,14): -0.0025053250789642332
(15,16): -0.001901801824569702
(15,34): -0.0013789409399032593
(15,36): -0.0006310850381851197
(15,40): -0.0007947522401809692
(16,2): -0.003023667931556702
(16,4): -0.000957832932472229
(16,5): -0.0015033912658691407
(16,6): -5.494892597198486e-05
(16,11): -0.000671510100364685
(16,13): -0.0014015960693359376
(16,14): -0.00512762188911438
(16,15): -0.0033507758378982545
(16,17): -0.0005277597904205322
(16,19): -0.00159648597240448
(16,20): 0.00010110616683959961
(16,30): -0.002975749969482422
(16,34): -0.004924385547637939
(16,41): -0.0014027225971221923
(17,0): 0.0017664033174514772
(17,1): -0.000808095932006836
(17,6): -0.0011338502168655395
(17,7): -3.143668174743652e-05
(17,8): -2.637743949890137e-05
(17,9): 0.0007620066404342652
(17,13): -5.300819873809815e-05
(17,16): -0.002558572292327881
(17,18): -0.0032703310251235964
(17,19): 0.0003883713483810425
(17,20): -0.0016357278823852539
(17,31): -0.004305134415626526
(17,38): -0.0031773024797439576
(17,39): -0.001658812165260315
(18,6): -0.002979542016983032
(18,7): -0.0037024879455566408
(18,17): -0.0014022421836853028
(18,30): -0.006329415440559387
(18,31): -0.0018366140127182007
(18,38): -0.0008908224105834961
(18,39): -0.0009057354927062988
(19,0): -0.0006105148792266846
(19,1): -0.0016555362939834595
(19,2): -0.0007893186807632446
(19,6): -0.0010833078622817993
(19,7): -0.00032763659954071044
(19,8): -0.0007583403587341309
(19,9): 0.0014942270517349244
(19,13): -0.0014280486106872559
(19,14): -0.002065913677215576
(19,16): -0.001525551676750183
(19,17): 7.668733596801757e-05
(19,20): -0.0011202019453048705
(19,32): -0.0003960245847702026
(20,1): 3.2836198806762694e-05
(20,2): -0.00094230055809021
(20,5): -0.0029365992546081542
(20,6): 0.0006255573034286499
(20,7): -0.0004081970453262329
(20,8): 0.0007814759016036987
(20,9): -0.000650525689125061
(20,13): -0.0023303300142288206
(20,14): -0.0019181913137435913
(20,16): -0.0014912986755371094
(20,17): -0.0008590590953826905
(20,19): -0.00107616126537323
(20,37): 0.0018795520067214967
(21,0): -0.00013893902301788331
(21,1): 0.0009633427858352661
(21,3): -0.0006100481748580933
(21,4): 0.00013355910778045654
(21,7): 0.0016700750589370727
(21,22): -0.0009008371829986573
(21,23): 0.0010159599781036377
(22,3): 8.056342601776124e-05
(22,4): -0.00037463188171386717
(22,21): -0.0013360202312469483
(22,23): -0.0003848391771316528
(22,24): 0.0007227385044097901
(22,27): 0.007495914101600647
(22,28): 0.001081054210662842
(22,30): 0.0022521811723709107
(23,2): -0.0006780689954757691
(23,3): -0.0009970128536224364
(23,4): -0.0001887357234954834
(23,21): -0.00014205396175384521
(23,22): 0.0004844963550567627
(23,24): 0.000609060525894165
(23,28): 0.005229491591453552
(23,30): 0.0017229843139648438
(24,3): 0.0010789471864700317
(24,4): -0.0003292948007583618
(24,22): 0.00022929906845092773
(24,23): -0.0002533859014511108
(24,27): 0.0005982184410095215
(24,30): 0.001358506679534912
(25,0): -0.00027047514915466307
(25,1): 0.0006649285554885864
(25,2): 8.59898328781128e-05
(25,3): 0.0007134920358657837
(25,4): -0.0005578619241714478
(25,5): -0.0001682358980178833
(25,26): 0.0010708415508270265
(25,29): 0.0005329960584640503
(26,0): 0.00046858608722686766
(26,1): 0.0007113337516784668
(26,2): -0.0001751387119293213
(26,3): 0.0005791896581649781
(26,4): -0.0008883452415466308
(26,5): -5.3980350494384765e-05
(26,6): 0.00047015845775604247
(26,7): 0.0006551265716552735
(26,25): -0.0002648806571960449
(26,29): -0.002786697149276733
(26,34): -0.005798343420028686
(27,8): -0.015024115443229675
(27,22): -0.0034481114149093627
(27,24): -0.0007021474838256836
(28,22): 0.003306989669799805
(28,23): 0.0029745543003082274
(29,3): -0.0005077880620956421
(29,4): -0.0007803773880004883
(29,25): 0.0023922133445739746
(29,26): 0.0013047724962234498
(30,12): -0.0047111141681671145
(30,13): -0.0011073654890060424
(30,14): -0.0021982699632644652
(30,16): -0.0009358364343643188
(30,18): 0.0006984829902648926
(30,22): -0.011291372776031493
(30,23): -0.009563969969749451
(30,24): -0.0030748724937438967
(31,12): -0.0030813127756118774
(31,17): -0.0020396244525909425
(31,18): -0.0013726991415023804
(32,19): -0.005553313493728638
(32,33): -0.001429014801979065
(32,37): -0.00309980034828186
(32,38): -0.0017192423343658446
(33,13): -0.0021582525968551636
(33,32): 0.00017417311668395995
(33,37): -0.0021911740303039553
(33,38): -0.002121848464012146
(34,14): -0.004718540906906128
(34,15): -0.00826479434967041
(34,16): -0.0037700706720352173
(34,26): -0.011020575165748597
(34,35): -0.004192644357681274
(35,12): -0.003811231255531311
(35,34): -0.009992535710334777
(36,15): -0.001190958023071289
(37,20): -0.004775716662406921
(37,32): -0.004333969354629517
(37,33): -0.0007447642087936401
(37,38): -0.0015790212154388429
(38,17): -0.004227080941200256
(38,18): 0.001701703667640686
(38,32): -0.002404506206512451
(38,33): -0.0015822768211364747
(38,37): -0.0029785138368606566
(39,12): -0.004579929113388062
(39,13): -0.0012893450260162353
(39,17): -0.001132548451423645
(39,18): -0.0005813312530517579
(39,41): -0.0066915154457092285
(40,15): 0.0005558377504348755
(41,16): -0.005471267104148865
(41,39): -0.0012917166948318481
