Interaction name: 1o0f

Predicted class: 0
Predicted probability: 0.9465643167495728
Sum of phi edges: 0.006644344329833976

Interaction statistics:

Number of total edges connecting protein pseudo-atoms: 5
Number of total edges connecting ligand pseudo-atoms: 86
Number of total edges connecting protein and ligand pseudo-atoms: 48

Pertinent positive set edge index: tensor([[31],
        [ 7]], device='cuda:0')

FID- using pertinent positive set: 0.0434337854385376

Number of pertinent positive edges connecting protein pseudo-atoms: 0 (0.0%)
% w.r.t. total number of pertinent positive edges: 0.0%)
Number of pertinent positive edges connecting ligand pseudo-atoms: 0 (0.0%)
% w.r.t. total number of pertinent positive edges: 0.0%)
Number of pertinent positive edges connecting protein and ligand pseudo-atoms: 1 (2.1%)
% w.r.t. total number of pertinent positive edges: 100.0%)

Minimal top k set edge index: tensor([[31, 31, 31, 31, 31, 10, 13, 31,  6, 20,  2, 22, 10, 15,  9, 10,  2, 26,
         22, 31, 14,  4,  3,  3,  9, 29, 20,  9, 24, 11,  4,  6,  7, 20, 20, 23,
          1,  5,  5, 20,  8, 21, 13,  1, 10,  6,  9,  9,  7, 20,  8, 11, 20,  1,
          0,  2, 10,  6, 21, 20, 12,  7, 14, 26, 16,  5, 25, 22,  6, 20,  1, 31,
         28, 30, 19,  6, 14, 33,  4,  0, 23, 20,  0,  0, 21,  4,  1, 23,  6,  0,
         27, 23,  8,  7, 21, 13,  3, 12, 14, 23, 15, 12,  5,  8, 15, 29,  6,  8,
          4,  8,  6, 14,  7,  6,  2, 22,  0,  8, 13, 20, 20,  7, 18, 17,  7,  3,
          5, 16,  7, 20,  8,  6,  1,  6,  3,  7,  5, 28,  3, 25,  3,  4, 16,  4,
          8,  4, 15,  2,  3,  7, 16, 14, 26,  8,  9,  1,  6, 19,  6,  3, 21, 18,
          0, 23,  3, 12, 15,  5,  7,  6,  4, 17,  2, 23, 16, 22, 18, 21, 27,  4,
          5, 17,  1, 17, 18,  1, 20,  9,  0, 26,  2, 18,  5,  8, 23,  8,  5, 21,
         19,  0, 15, 22, 18, 17, 19, 14, 22,  0, 19, 24, 28, 26,  9, 21,  4, 17,
          8, 23,  2, 15, 26,  9,  8,  1, 19, 11, 22,  7, 11,  9,  0, 22, 20,  9,
         25, 25, 26, 24,  8, 21, 28, 27, 25, 12, 30,  5, 25, 12, 29, 28, 27, 26,
         25,  2, 27, 33, 28,  8, 12, 26, 11, 21, 25, 33, 25, 28, 25, 27, 32, 28,
         28, 27, 28, 28, 25, 28, 26, 27],
        [ 7,  9,  4,  8,  5, 28, 24,  2, 21, 19, 28, 15, 11, 22, 25, 21, 26, 33,
          1,  3, 23, 26, 27, 31, 27, 11, 14, 15, 13, 29, 31, 22, 28,  5, 33, 14,
         28, 26, 27,  0, 27,  6, 30, 25, 13, 28, 28, 23, 31,  8, 20, 10, 18, 22,
         28, 25, 12, 26, 23, 17, 11, 27, 20,  2, 14, 25,  6, 23, 27, 22, 26,  0,
          6, 13, 20, 25,  2, 26, 17, 16,  0, 21, 26, 20, 12, 25, 16,  9, 19, 23,
          7, 20, 22, 25, 10, 11, 19, 10, 15, 22, 14, 21, 17, 21,  0, 12, 17, 14,
         20, 23, 23,  1, 23, 18, 15,  6, 15,  1, 10,  4,  3, 20, 20,  4,  6, 18,
         18,  1,  8,  7, 16,  7, 14,  3, 20, 12,  4,  4,  5,  3, 26, 19,  8,  5,
          7, 27,  8, 14,  4, 22, 15,  8,  5,  0,  8,  0,  5,  6,  4, 25,  7,  6,
          8,  7,  6,  7,  2,  6, 21, 20,  6,  5,  8,  6,  0,  8,  5,  8,  4, 28,
          3, 20,  8, 19,  3,  2,  6,  7,  1,  3,  1, 17, 31, 15,  8,  9, 28,  9,
         17,  2,  9, 20, 19,  6,  3, 16,  7, 31,  4, 12,  9,  1, 21, 22,  3, 18,
          2, 21,  0, 16,  0, 22, 25,  9, 18, 12,  9,  9, 13, 31, 25, 21, 23,  1,
          0,  5,  6, 11, 26, 20,  5,  9,  9, 29, 29, 20,  2, 24, 30,  0,  5,  8,
          1, 31,  6, 21,  2, 31, 28,  4, 24, 33,  8, 20,  7,  7,  4,  8, 28, 12,
          1,  3, 32, 27, 26, 10, 25, 28]], device='cuda:0')

FID+ using minimal top-k set: 0

Number of minimal top-k edges connecting protein pseudo-atoms: 1 (20.0%)
% w.r.t. total number of minimal top-k edges: 1.1%)
Number of minimal top-k edges connecting ligand pseudo-atoms: 62 (72.1%)
% w.r.t. total number of minimal top-k edges: 68.9%)
Number of minimal top-k edges connecting protein and ligand pseudo-atoms: 27 (56.2%)
% w.r.t. total number of minimal top-k edges: 30.0%)

Trustworthiness of the explanation: 0.0

Number of relevant edges connecting protein pseudo-atoms: 1 (20.0%)
% w.r.t. total number of relevant edges: 1.5%)
Number of relevant edges connecting ligand pseudo-atoms: 43 (50.0%)
% w.r.t. total number of relevant edges: 66.2%)
Number of relevant edges connecting protein and ligand pseudo-atoms: 21 (43.8%)
% w.r.t. total number of relevant edges: 32.3%)

Shapley values for edges: 

(0,1): -8.374452590942383e-06
(0,2): -1.7746686935424805e-05
(0,8): 1.1920928955078125e-09
(0,15): 4.330337047576904e-05
(0,16): 0.00010925889015197754
(0,20): 0.00010313928127288819
(0,23): 8.711934089660644e-05
(0,25): -0.00010391175746917724
(0,26): 0.00010564088821411132
(0,28): 0.0002667635679244995
(0,31): -2.5523900985717775e-05
(1,0): 3.3974647521972653e-08
(1,2): -7.68899917602539e-06
(1,8): -4.153251647949219e-06
(1,9): -5.403459072113037e-05
(1,14): 1.8318891525268553e-05
(1,16): 0.00010084450244903565
(1,22): 0.0002679163217544556
(1,25): 0.0003860855102539062
(1,26): 0.000160866379737854
(1,28): 0.0004986727237701416
(2,0): -4.4614672660827636e-05
(2,1): -1.0495185852050782e-05
(2,8): -5.960464477539063e-10
(2,14): 4.166960716247558e-06
(2,15): 4.437506198883057e-05
(2,25): 0.00024148404598236083
(2,26): 0.0011195868253707885
(2,28): 0.001483064889907837
(2,31): -0.0005906772613525391
(3,4): 4.163384437561035e-06
(3,5): 1.2653470039367675e-05
(3,6): 5.960464477539063e-10
(3,18): 2.910315990447998e-05
(3,19): 6.306827068328857e-05
(3,20): 1.710176467895508e-05
(3,25): 2.384185791015625e-09
(3,26): 1.004040241241455e-05
(3,27): 0.0007572245597839356
(3,31): 0.0007034820318222046
(4,3): -3.808557987213135e-05
(4,5): 9.287595748901367e-06
(4,6): 0.0
(4,17): 0.00011169016361236572
(4,19): 9.821057319641114e-06
(4,20): 5.296409130096436e-05
(4,25): 0.00010271668434143066
(4,26): 0.0007789671421051025
(4,27): 6.067156791687012e-06
(4,28): -3.1876564025878904e-06
(4,31): 0.0005681717395782471
(5,3): -3.6132335662841795e-06
(5,4): 1.4293789863586426e-05
(5,6): 0.0
(5,17): 5.9165358543395996e-05
(5,18): 2.839326858520508e-05
(5,20): -0.0003709053993225098
(5,25): 0.00019519388675689697
(5,26): 0.00046408653259277343
(5,27): 0.00045683205127716064
(5,28): -1.4775991439819336e-05
(5,31): -1.1824369430541992e-05
(6,3): 1.8024444580078124e-05
(6,4): 4.172325134277344e-09
(6,5): 1.6689300537109377e-08
(6,7): 2.0183324813842774e-05
(6,17): 5.611658096313477e-05
(6,18): 4.663169384002686e-05
(6,19): 9.614467620849609e-05
(6,20): 0.0
(6,21): 0.001658582091331482
(6,22): 0.0005648636817932129
(6,23): 5.028426647186279e-05
(6,25): 0.00011966049671173095
(6,26): 0.00022866785526275634
(6,27): 0.00018653273582458496
(6,28): 0.0003722923994064331
(7,6): 2.918839454650879e-05
(7,8): 2.2121071815490722e-05
(7,9): -7.983684539794922e-05
(7,12): 1.624882221221924e-05
(7,20): 3.319203853607178e-05
(7,21): 0.0
(7,22): 3.171563148498535e-06
(7,23): 4.6995878219604494e-05
(7,25): 6.876528263092041e-05
(7,27): 0.00021349668502807618
(7,28): 0.000543450117111206
(7,31): 0.0003401130437850952
(8,0): 3.325939178466797e-07
(8,1): 3.755927085876465e-05
(8,2): -4.3641328811645505e-05
(8,7): 7.083415985107422e-06
(8,9): -1.4507174491882323e-05
(8,14): 5.554795265197754e-05
(8,15): -1.2937188148498536e-05
(8,16): 2.1451711654663085e-05
(8,20): 0.0003189641237258911
(8,21): 5.860567092895508e-05
(8,22): 7.007479667663575e-05
(8,23): 5.1286816596984866e-05
(8,25): -5.3443312644958496e-05
(8,26): -0.00022505879402160645
(8,27): 0.000426795482635498
(8,31): -0.0007631433010101318
(9,1): -0.00013135135173797608
(9,7): -8.257627487182617e-06
(9,8): 2.4080276489257813e-07
(9,15): 0.0006039243936538696
(9,21): -3.649294376373291e-05
(9,22): -5.2946209907531736e-05
(9,23): 0.00035647809505462647
(9,25): 0.0012660282850265503
(9,27): 0.000675864815711975
(9,28): 0.0003612840175628662
(9,31): -9.162604808807373e-05
(10,11): 0.0013312768936157226
(10,12): 0.00023029565811157225
(10,13): 0.0003779202699661255
(10,21): 0.00125268816947937
(10,28): 0.002236483693122864
(11,10): 0.0003096300363540649
(11,12): -5.982279777526855e-05
(11,13): -8.226752281188965e-05
(11,24): -0.0008695501089096069
(11,29): 0.0005814766883850097
(12,7): 5.960464477539063e-10
(12,10): 6.222724914550781e-05
(12,11): 0.00021490752696990968
(12,21): 5.9685111045837404e-05
(12,24): -0.00043695688247680664
(12,28): -0.000797606110572815
(12,29): -0.00031044602394104004
(13,10): 3.5868287086486815e-05
(13,11): 6.70856237411499e-05
(13,24): 0.002232375144958496
(13,30): 0.0003862959146499634
(14,1): 4.8577189445495606e-05
(14,2): 0.00011553704738616944
(14,8): 9.715557098388672e-07
(14,15): 6.213545799255371e-05
(14,16): -2.5060772895812988e-05
(14,20): 0.0002129751443862915
(14,23): 0.0008034747838973999
(15,0): 5.8232545852661134e-05
(15,2): 0.0
(15,8): 5.093216896057129e-06
(15,9): -1.8011927604675293e-05
(15,14): 6.122350692749024e-05
(15,16): -4.588603973388672e-05
(15,22): 0.0013219255208969116
(16,0): -4.172325134277344e-09
(16,1): 2.6881694793701172e-05
(16,8): 9.447336196899414e-06
(16,14): 0.000205802321434021
(16,15): 2.64585018157959e-06
(17,4): 3.114521503448486e-05
(17,5): -5.960464477539063e-10
(17,6): -2.268075942993164e-05
(17,18): -4.061639308929443e-05
(17,19): -5.495548248291016e-06
(17,20): -3.976225852966308e-06
(18,3): -6.227493286132813e-06
(18,5): -5.7220458984375e-08
(18,6): 1.7881393432617187e-09
(18,17): -1.0653138160705566e-05
(18,19): -2.2062063217163085e-05
(18,20): 3.1215548515319826e-05
(19,3): -2.438485622406006e-05
(19,4): -2.5843381881713866e-05
(19,6): 7.748603820800782e-09
(19,17): -1.5923380851745604e-05
(19,18): -5.555510520935058e-05
(19,20): 0.0001327592134475708
(20,0): 0.0004407775402069092
(20,3): 3.437280654907226e-05
(20,4): 3.541827201843262e-05
(20,5): 0.0005370783805847168
(20,6): -8.233189582824707e-06
(20,7): 2.18808650970459e-05
(20,8): 0.0003396165370941162
(20,14): 0.0006269067525863647
(20,17): 0.00022647440433502198
(20,18): 0.00030349373817443846
(20,19): 0.0016208600997924805
(20,21): 0.00010895192623138428
(20,22): 0.0001724076271057129
(20,23): -0.0001268792152404785
(20,33): 0.00052165687084198
(21,6): 0.0003944486379623413
(21,7): 2.384185791015625e-09
(21,8): -6.020069122314453e-08
(21,9): -1.5484094619750975e-05
(21,10): 6.801545619964599e-05
(21,12): 0.00010274052619934082
(21,20): -0.0002324157953262329
(21,22): -3.7666559219360355e-05
(21,23): 0.00022672414779663087
(21,33): -0.0008873552083969116
(22,1): 0.0009374713897705078
(22,6): 4.389345645904541e-05
(22,7): -2.5172829627990722e-05
(22,8): -3.337860107421875e-08
(22,9): -6.285905838012695e-05
(22,15): 0.001460026502609253
(22,20): -2.0457506179809572e-05
(22,21): -0.00010636210441589356
(22,23): 0.00018984615802764893
(23,0): 0.00010908186435699462
(23,6): -1.7881393432617187e-09
(23,7): 1.1920928955078125e-09
(23,8): -1.4263391494750977e-05
(23,9): 9.627342224121094e-05
(23,14): 0.0004991406202316284
(23,20): 7.731616497039795e-05
(23,21): -4.3791532516479495e-05
(23,22): 6.203532218933105e-05
(24,11): -0.0002075529098510742
(24,12): -2.7904510498046876e-05
(24,13): 0.0005878371000289917
(25,0): -0.00015900015830993652
(25,1): -0.0005736958980560303
(25,2): -0.0004278534650802612
(25,3): 1.028597354888916e-05
(25,4): -0.0011470681428909302
(25,5): -0.00017141342163085938
(25,6): 0.00019236624240875243
(25,7): -0.001026865243911743
(25,8): -0.0009260958433151245
(25,9): -0.000293843150138855
(25,26): -0.004734656810760498
(26,0): -5.036830902099609e-05
(26,1): -3.444135189056397e-05
(26,2): 0.0002117156982421875
(26,3): -9.173750877380371e-06
(26,4): -0.0008518588542938232
(26,5): 5.888938903808594e-07
(26,6): -0.0001913243532180786
(26,8): -0.0005203431844711304
(26,25): -0.006047069430351258
(26,33): 0.0010694962739944457
(27,3): -0.0019073987007141113
(27,4): -1.6945600509643555e-06
(27,5): -0.000518069863319397
(27,6): -0.0005964750051498413
(27,7): 8.684039115905762e-05
(27,8): -0.001299174427986145
(27,9): -0.0002880579233169556
(27,28): -0.006113421320915222
(28,0): -0.00046663761138916016
(28,1): -0.0016245174407958985
(28,2): -0.0007282263040542603
(28,4): 1.4258623123168945e-05
(28,5): -0.0002539980411529541
(28,6): 0.00015454113483428955
(28,7): -0.001057053804397583
(28,9): -3.0370354652404784e-05
(28,10): -0.005134850740432739
(28,12): -0.0016164827346801759
(28,27): -0.004552450180053711
(28,32): -0.0022291773557662964
(29,11): 0.0006670689582824707
(29,12): 5.761384963989258e-05
(29,30): -0.0004440939426422119
(30,13): 0.00014394581317901613
(30,29): -0.0003222697973251343
(31,0): 0.00015500426292419433
(31,2): 0.0017278242111206056
(31,3): 0.0008136564493179321
(31,4): 0.0033440005779266356
(31,5): 0.002758646011352539
(31,7): 0.004450719356536865
(31,8): 0.002953113317489624
(31,9): 0.0038933098316192628
(32,28): -0.001532961130142212
(33,20): -0.0009972310066223144
(33,21): -0.000671510100364685
(33,26): 0.00011455655097961426
