Test set index: 376

Target Class: 0

Target compound: TARGET

Sum of Shapley Values: 0.9695091733675892

Shapley values:
0.020561906653472507
-0.029502936646452302
0.012817308709211706
0.03870939800953871
0.0031857523451554065
0.0014514256574966037
0.017353527913833544
0.005266730046353699
0.02107532738817916
0.005096535649133361
0.03270447663248992
0.010048551619967117
0.0008144009544499961
0.0021346501782528652
-0.006041424924347472
-0.0005020857785950344
-0.0019183811784812958
0.007498820918530661
-0.0025705171962943363
0.027360119890841625
-0.0015475733004589472
-0.006180024845314392
0.10609075454247426
0.004131732214463135
-0.027552628821623553
0.004294399124091839
-0.00771049581106753
0.04354356335899835
0.038340281721892716
0.01249273557897865
0.0005674058159413462
0.009508375054109721
0.012912932650688389
0.0052702077028416346
0.05618191044114766
0.05035352571828201
0.02186072139850837
0.012047173751956486
-0.0017853175308276143
0.03330746892658282
5.8443764622353405e-05
0.20486318491752908
0.07260170580671209
0.053144101869783376
-0.0035619276909487365
0.02117169267380238
-0.029157794225869324
-0.00345022769376974
0.01192180851417292
0.002479470484664929
0.006217905290485184
-0.0005644743528876872
0.009832469477208325
0.00285788197576077
-0.0015311137129410987
-0.002482743373179298
0.002653284421473867
-0.003921263832240509
0.012639149843033064
0.006963912179317601
-0.0033507359952458255
0.0005714701997843419
0.004587763921311785
0.008379213770598994
-0.0007330866910206557
0.018005543470926668
-0.011722271841094
0.008303561153725438
-0.0036949523060329464
0.021659430952375797
-0.02018762143729026
0.02229741683212392
0.008607527582224807
-0.018333067261811106
-0.016265816583151602
0.005878777359047231
-0.014206987431137498
0.010946482354490916
-0.0016040185719872417
0.005211581627104738
0.006178536756700578
-0.0017264282396744408
-0.006155313464579338
-0.0006911685452245397
0.012942341949506308
0.009324731035457398
0.02817791954059519
0.002702142358733365
