Test set index: 336

Target Class: 1

Target compound: RANDOM

Sum of Shapley Values: -0.03394789497450329

Shapley values:
-0.0010568729257188548
0.0019304376968648286
0.014684835828375072
-0.020596533957868816
0.0004556823518447573
0.009890660420060158
-0.00021600792184472083
-0.0038172657787799835
0.006808515638113022
-0.0004122269153594971
0.00018636103408425697
0.0028422653675079347
-0.008129259273409843
-0.014693291406147183
-0.0022330637276172637
0.0021324579504172904
-0.0073686915636062625
-0.007957956492900849
-0.009645128846168518
0.0054011836042627695
0.018112625740468503
-0.019762022912036627
-0.0006221573054790496
0.011516160145401955
-0.0005773508548736572
-0.0002592051029205322
-0.0005575554817914963
-0.0026136321054946164
0.004692106219008565
-0.011552461054516244
0.00661769688129425
0.016282831079952303
-0.00045892897993326186
0.0042951709357492976
-0.003912314352637622
-0.007950162589550018
-0.010235467753373086
0.016145174838602543
-0.002638330209774722
-0.0016916980163193785
0.0033101276415891333
-0.00047495732142124327
0.00010279893875122071
-6.809232872910797e-06
0.0015311806229874492
-0.0021258458495140077
-1.9787177443504333e-05
-0.004394102458844884
0.0036078572273254396
0.0037552246831546654
0.002058442831039429
0.040646008374313015
-0.0073754499934148045
-0.022586585991084575
-0.05210271229967475
0.01377495214343071
0.00519603505730629
-0.0018808523740153759
