Interaction name: 5ung

Affinity: 9.470000267028809
Predicted class: 1
Predicted probability: 0.9795103669166565
Sum of phi edges: 0.2388586819171905

Interaction statistics:

Number of total edges connecting protein pseudo-atoms: 15
Number of total edges connecting ligand pseudo-atoms: 166
Number of total edges connecting protein and ligand pseudo-atoms: 67

Pertinent positive set edge index: tensor([[ 6],
        [10]], device='cuda:0')

FID- using pertinent positive set: 0.4179350733757019

Number of pertinent positive edges connecting protein pseudo-atoms: 0 (0.0%)
% w.r.t. total number of pertinent positive edges: 0.0%)
Number of pertinent positive edges connecting ligand pseudo-atoms: 1 (0.6%)
% w.r.t. total number of pertinent positive edges: 100.0%)
Number of pertinent positive edges connecting protein and ligand pseudo-atoms: 0 (0.0%)
% w.r.t. total number of pertinent positive edges: 0.0%)

Minimal top k set edge index: tensor([[ 6,  2, 39, 42, 35, 38,  2,  1,  5,  7,  7, 38,  4, 13, 38, 35, 40,  7,
         37,  5, 34, 23, 48, 12, 36, 55,  0,  4,  1, 23, 27, 38, 38, 10, 22, 37,
         38, 21,  3, 36, 39, 30,  1,  5, 23, 53, 13, 24, 63, 28, 10, 10, 13, 50,
         51, 38,  2, 58, 37,  8, 15, 13, 34, 10, 49, 38,  0, 42, 27, 24, 12, 36,
         22, 44, 29, 59, 30, 27, 24, 13, 31, 25, 60, 24, 16,  9, 40, 41, 11, 22,
         40, 34, 31, 53, 60, 38, 25,  5, 28, 22, 41, 35, 20, 10, 31, 38,  4, 32,
         30, 50, 26, 22, 23, 45, 31, 44, 49, 14, 23, 12,  4, 30, 28, 13, 25, 56,
         13,  8, 16,  9, 27,  9, 14, 15, 36, 24, 51, 21, 10, 28,  2, 19, 52, 49,
         20,  6, 42, 18, 46, 35, 10, 17, 29,  5, 22, 11, 11, 21, 10, 41, 37, 45,
         27,  4, 15, 55, 13, 12, 62, 25, 36, 27, 34, 51, 49, 24, 21,  8, 19, 33,
         17, 29,  0, 29, 42, 30, 56, 29, 42, 56, 32,  3, 23, 59, 23, 30, 15, 10,
         10, 19, 54, 27, 34, 11, 27,  4, 63,  1, 28, 64, 28,  2, 31, 24, 33, 58,
         63, 14, 58, 24, 47,  0, 25, 22, 23, 40, 24, 16, 19, 42, 28, 56, 34, 10,
         21,  3, 27, 40, 34, 48, 16, 20, 26, 28, 18, 25, 33, 33, 26, 15, 22, 36,
         28, 21, 26, 30, 10, 58, 13, 25, 31, 32, 23, 23, 23, 32, 45, 25, 19, 19,
         29,  6,  2, 25, 51,  5, 30, 22, 15, 10, 25, 16, 44, 27, 17,  3, 52, 25,
         14, 22, 61, 16, 50,  6, 22, 21, 60, 34, 41, 62, 14, 17, 20, 37, 56, 49,
         31, 13, 43, 16, 23, 43, 26, 20, 28, 31, 43, 20, 57, 19, 29, 30, 31, 28,
         65, 31, 33, 31, 50, 42, 32,  8, 18, 18,  3, 31, 38, 55, 37, 48, 15, 11,
         18, 11, 65, 34, 17, 35, 21, 29,  9,  0, 33, 51,  9, 16, 19, 61, 23, 62,
         31, 25, 28, 32, 61, 19, 22, 33, 34, 22, 61, 20, 22, 46, 49, 21, 29, 45,
         55, 31, 18, 25,  5,  4, 24,  9, 20, 35, 18, 18, 50,  9,  4, 25, 13, 34,
         11,  9, 56,  3, 53,  9, 22,  5, 54, 57, 10, 15, 15,  6, 45, 26, 32, 39,
         24, 25, 20, 26, 24, 17, 12, 53, 39,  8,  8, 51, 31, 37,  6,  4, 17, 12,
         58, 27, 57, 29,  9, 19, 10,  9, 37, 18, 27,  2, 10, 17, 19, 23, 20, 23,
          4, 26, 10, 16, 19, 27, 23, 47, 29,  4, 13, 14, 52,  2, 21,  9, 12, 61,
         11, 39, 19,  0, 36, 24, 30,  1, 12, 28, 27, 39, 37, 39, 27, 28,  7, 30,
          3,  9, 39,  4,  6,  1, 39,  6,  3,  3],
        [10, 28,  9, 20, 19, 30, 30, 15, 27, 27,  4, 37, 38, 20, 25, 20,  1,  5,
         23, 34, 31, 48, 30, 19, 17, 49, 27, 27, 36, 28, 11, 28, 22, 46, 30, 27,
         31,  9, 20, 16, 19, 24, 16,  4, 10, 19, 12, 30, 29, 22,  2,  9, 35, 19,
         16, 23,  9, 24, 24, 10, 49, 39, 59, 20, 28, 29,  4, 12, 23, 23,  9, 18,
         28, 47, 34, 34, 22, 37, 10,  3, 23, 30, 46, 27, 15, 28,  5,  4, 56,  9,
          4, 27, 27, 42, 56,  4, 24,  0, 10, 31,  5, 14, 13, 38, 26, 27, 34, 15,
         23, 14, 25, 49, 22, 42, 29,  9, 15, 58, 25, 13,  0, 10,  2, 19, 37, 28,
         18,  3, 32, 20, 58,  2, 50, 18,  1, 29, 19,  8, 28, 30, 22, 50, 17, 25,
          3, 20,  8, 13, 10, 13, 22, 15, 24, 25, 23, 26, 25, 51,  6,  0, 26, 10,
         25, 25, 33, 14, 51, 49, 26, 27, 33, 34, 58, 14, 12, 22, 10, 21, 35, 16,
         50, 61,  5, 27, 22, 31, 22, 23, 45, 11, 17, 21, 27, 23, 61, 28, 13,  3,
         47, 65, 21, 29, 11, 29, 24, 24, 48, 40,  9, 11, 56, 19, 24, 58, 15, 14,
         24, 35, 27, 25, 44, 41, 26, 56, 24,  0, 31, 13,  3, 53, 24, 21,  4, 30,
          3,  9, 31, 41, 26, 23, 18, 10, 34,  6, 32, 38, 36, 18, 27, 16, 24, 32,
         49, 54, 37, 25, 45, 34, 15, 34, 22, 16, 51, 31, 30, 36, 44, 29,  9,  2,
         38, 30, 20, 11, 23,  7, 48, 42, 32, 24, 23, 17, 45, 26, 36,  8, 18, 49,
         51,  2, 21, 51, 13, 28, 10, 56,  8, 29, 40, 56, 55, 16,  6, 31, 60, 22,
         61, 50, 57, 36, 29,  8, 11, 42, 23, 37, 42,  9, 21, 12, 11,  2, 34, 61,
         32, 28, 52, 30, 17, 43, 65, 43, 17, 16, 39, 62, 10, 57, 11, 63,  1, 27,
         53, 34, 19, 37, 52, 39, 61, 31, 45, 40, 32, 13, 19, 33, 39, 28, 59, 31,
         25, 31, 21, 33, 31, 51, 50, 17,  5, 38, 29,  2, 25, 60, 55, 57, 26, 53,
         54,  4, 36,  5, 41,  5,  4,  3, 12,  1, 15, 33, 22, 44,  7, 22, 36, 25,
         64, 21, 62, 19, 45, 22,  6, 40, 55, 43,  8, 58, 17, 22,  9, 31, 18, 10,
         63,  4, 19, 62, 28, 33, 42, 18, 13, 42, 60, 21, 38, 25,  9, 31, 18,  3,
         15,  7, 55, 63, 10, 53, 23, 12, 34, 52,  5, 10, 39, 32, 20,  4, 35, 37,
         41, 29, 21,  1, 13,  0, 38, 10, 25, 40, 16,  1, 33, 39, 28,  6, 39, 23,
         37, 35,  6,  7, 13, 37, 38, 14, 20, 38,  4, 12, 38,  2, 38, 31,  0,  6,
         10, 39,  3, 23, 19, 35,  6, 39, 12, 13]], device='cuda:0')

FID+ using minimal top-k set: 0

Number of minimal top-k edges connecting protein pseudo-atoms: 12 (80.0%)
% w.r.t. total number of minimal top-k edges: 5.9%)
Number of minimal top-k edges connecting ligand pseudo-atoms: 134 (80.7%)
% w.r.t. total number of minimal top-k edges: 65.4%)
Number of minimal top-k edges connecting protein and ligand pseudo-atoms: 59 (88.1%)
% w.r.t. total number of minimal top-k edges: 28.8%)

Trustworthiness of the explanation: 0.0

Number of relevant edges connecting protein pseudo-atoms: 6 (40.0%)
% w.r.t. total number of relevant edges: 4.3%)
Number of relevant edges connecting ligand pseudo-atoms: 100 (60.2%)
% w.r.t. total number of relevant edges: 71.4%)
Number of relevant edges connecting protein and ligand pseudo-atoms: 34 (50.7%)
% w.r.t. total number of relevant edges: 24.3%)

Shapley values for edges: 

(0,4): 0.0015018141269683837
(0,5): 0.0006473958492279053
(0,7): -0.0009970659017562867
(0,27): 0.002209901213645935
(0,40): 9.300529956817626e-05
(0,41): 0.0004942524433135987
(1,14): -0.0010927116870880127
(1,15): 0.003496628999710083
(1,16): 0.0018501460552215576
(1,35): -0.0042014729976654055
(1,36): 0.002167204022407532
(1,40): 0.0005441588163375854
(2,9): 0.0016123628616333007
(2,10): -0.00041636168956756594
(2,19): 0.0005288463830947876
(2,20): 0.0003653556108474731
(2,22): 0.0008935338258743286
(2,28): 0.005948470830917358
(2,30): 0.0035044300556182862
(2,39): -0.0008111047744750977
(3,8): 0.0003102391958236694
(3,9): 0.0004507791996002197
(3,10): -0.002554911971092224
(3,12): -0.006854532361030579
(3,13): -0.0103907310962677
(3,19): -0.00010144650936126709
(3,20): 0.001971123218536377
(3,21): 0.0006116068363189697
(3,39): 0.00015202045440673828
(4,0): 0.0010000663995742799
(4,5): -2.964615821838379e-05
(4,7): -5.229294300079346e-05
(4,23): -0.002802553176879883
(4,24): 0.0005503755807876587
(4,25): 0.0007325810194015503
(4,27): 0.002193870544433594
(4,31): -0.0003197062015533447
(4,34): 0.0010669147968292237
(4,38): 0.0029894673824310304
(4,40): -0.00074318528175354
(4,41): -0.00047699809074401854
(5,0): 0.0011004221439361573
(5,4): 0.0017759406566619873
(5,7): 0.00035996139049530027
(5,25): 0.0007895475625991821
(5,27): 0.003361096382141113
(5,34): 0.0024686110019683837
(5,40): -0.00012486577033996583
(5,41): -2.5765895843505858e-05
(6,9): -0.00030407190322875974
(6,10): 0.006211720108985901
(6,19): -0.0034418302774429322
(6,20): 0.0008669370412826539
(6,22): -0.00017524123191833496
(6,28): 0.0002852088212966919
(6,30): 0.00036968767642974853
(6,39): -0.005262202024459839
(7,0): -0.0019022434949874877
(7,4): 0.0031206905841827393
(7,5): 0.002635546326637268
(7,27): 0.0031629365682601927
(8,3): 0.0009651178121566772
(8,10): 0.0015784567594528199
(8,21): 0.0006698334217071534
(8,42): -0.0002840220928192139
(8,43): 0.00016240596771240233
(8,60): -0.00028716862201690676
(9,2): 0.0009459614753723145
(9,3): -3.2832622528076174e-05
(9,6): -0.0008402937650680543
(9,10): -0.00037430524826049806
(9,12): -0.0003912675380706787
(9,19): 8.18479061126709e-05
(9,20): 0.000953826904296875
(9,21): -9.145021438598633e-05
(9,22): -0.0001160973310470581
(9,28): 0.0011736911535263062
(9,39): -0.0026157355308532716
(9,44): -5.212008953094482e-05
(9,45): 0.0001004016399383545
(10,2): 0.0016980808973312378
(10,3): 0.000573045015335083
(10,6): 0.0007550179958343506
(10,8): -0.00014542877674102782
(10,9): 0.0016736876964569092
(10,20): 0.0015099424123764039
(10,21): -0.0005115526914596558
(10,22): 0.0008236771821975708
(10,23): -0.0003904992341995239
(10,24): 0.0003402930498123169
(10,28): 0.0009055882692337036
(10,30): 0.00045416831970214845
(10,38): 0.0010712075233459473
(10,39): -0.0004196357727050781
(10,45): 0.0004071694612503052
(10,46): 0.0020721226930618284
(10,47): 0.000572485327720642
(11,25): 0.0007809352874755859
(11,26): 0.0007810163497924805
(11,27): 0.00012667179107666015
(11,29): 0.0005515652894973755
(11,34): 0.000119742751121521
(11,37): -0.0008706438541412353
(11,56): 0.0011497569084167481
(11,64): -7.661998271942139e-05
(12,3): -0.00032922863960266113
(12,9): 0.0014012855291366576
(12,13): 0.0010151684284210206
(12,19): 0.00231442928314209
(12,20): -0.001128396987915039
(12,39): -0.0008435553312301636
(12,42): -0.0002599221467971802
(12,49): 0.0007186472415924072
(13,3): 0.0012286782264709472
(13,12): 0.0017408627271652223
(13,15): 0.0004047083854675293
(13,16): -0.0007496726512908936
(13,18): 0.0009675455093383789
(13,19): 0.0009908270835876465
(13,20): 0.002947215437889099
(13,35): 0.0016712790727615356
(13,36): -5.9892535209655764e-05
(13,39): 0.0015428286790847778
(13,50): 0.0002466273307800293
(13,51): 0.0007199627161026001
(14,1): -0.0007632762193679809
(14,35): 0.0005023908615112304
(14,50): 0.0009423059225082398
(14,51): 0.00029598832130432127
(14,55): 0.0002667236328125
(14,58): 0.0010164237022399901
(15,1): 0.00012722909450531007
(15,13): 0.0005947309732437134
(15,16): 0.000416601300239563
(15,17): -0.00015697836875915526
(15,18): 0.0009319555759429932
(15,32): 0.000343436598777771
(15,33): 0.0007224100828170777
(15,49): 0.0015484899282455443
(15,58): -0.000149766206741333
(16,1): -0.0005252188444137573
(16,13): 0.00048215329647064207
(16,15): 0.0011812812089920044
(16,17): 0.00032674431800842283
(16,18): 0.0004376572370529175
(16,32): 0.0009597426652908325
(16,33): 8.16190242767334e-05
(16,36): 0.00023545324802398682
(16,51): 0.0002857112884521484
(17,15): 0.0008023309707641601
(17,16): 0.0002609086036682129
(17,18): -0.0003258383274078369
(17,32): -0.000439116358757019
(17,33): -0.00025561869144439696
(17,36): 0.0003132098913192749
(17,50): 0.0006641191244125366
(17,52): 0.00010703086853027344
(18,13): 0.0008560901880264282
(18,15): -4.261612892150879e-05
(18,16): 0.0001553499698638916
(18,17): 0.00016000330448150634
(18,32): 0.0004353022575378418
(18,33): -4.677832126617431e-05
(18,36): -2.1321773529052736e-05
(18,52): -0.00040248155593872073
(18,53): 0.00012480795383453368
(19,2): 0.000375780463218689
(19,3): 0.0004796266555786133
(19,6): -0.000980430245399475
(19,9): 0.00037624537944793703
(19,12): 0.00020820319652557374
(19,13): -0.0005447900295257568
(19,20): -0.0004536223411560059
(19,35): 0.0006685143709182739
(19,39): 8.010625839233399e-05
(19,50): 0.0008900010585784912
(19,51): 3.919541835784912e-05
(19,53): -0.0003784859180450439
(19,65): 0.0005650615692138672
(20,2): 1.2563467025756836e-05
(20,3): 0.000873117446899414
(20,6): 0.00025815367698669436
(20,9): 0.00021018624305725099
(20,10): 0.0004372596740722656
(20,12): -3.3567547798156736e-05
(20,13): 0.0010713094472885132
(20,19): -0.00023451685905456543
(20,35): -0.0004627466201782227
(20,42): 0.00022540807723999022
(21,3): 0.000451892614364624
(21,8): 0.0009057074785232544
(21,9): 0.0020116204023361206
(21,10): 0.0006850576400756836
(21,28): -0.0008377200365066529
(21,51): 0.0007731246948242187
(21,54): 0.00041039884090423586
(21,56): 0.00027797043323516844
(21,57): 2.6923418045043946e-06
(21,61): 0.00010271191596984863
(22,2): 0.00028950810432434084
(22,6): -0.00011626720428466797
(22,9): 0.001136476993560791
(22,10): 0.000284162163734436
(22,23): 0.0007866412401199341
(22,24): 0.0004154461622238159
(22,25): 1.1559128761291504e-05
(22,28): 0.001339784264564514
(22,30): 0.0020713746547698975
(22,31): 0.0010899758338928222
(22,38): 2.4370551109313965e-05
(22,42): 0.0003567814826965332
(22,49): 0.0010374176502227783
(22,50): 3.684818744659424e-05
(22,56): 0.0004919350147247314
(23,4): -0.0004579901695251465
(23,10): 0.0017673426866531372
(23,22): 0.0010343891382217406
(23,24): 0.00048759937286376956
(23,25): 0.0010158562660217286
(23,27): 0.0006049162149429321
(23,28): 0.002146834135055542
(23,29): 0.00023452997207641603
(23,30): 0.0003842860460281372
(23,31): 0.0003868359327316284
(23,37): -0.00046465158462524416
(23,38): -0.0005571341514587402
(23,48): 0.0024234169721603395
(23,51): 0.00039365947246551515
(23,59): 6.782233715057372e-05
(23,61): 0.0006017768383026123
(24,4): -2.973973751068115e-05
(24,10): 0.001239405870437622
(24,22): 0.0006926214694976807
(24,23): 0.001406671404838562
(24,25): 0.0005010843276977539
(24,27): 0.0011876165866851808
(24,28): -0.0002492177486419678
(24,29): 0.0009185701608657836
(24,30): 0.001734594702720642
(24,31): 0.00048376083374023437
(24,37): -0.001016380786895752
(24,58): 0.0005263406038284302
(24,63): -0.00022097527980804443
(25,4): -0.00022844374179840088
(25,5): -2.318739891052246e-05
(25,11): 0.00036501705646514894
(25,22): -5.431890487670899e-05
(25,23): 0.0003274327516555786
(25,24): 0.0011005038022994995
(25,26): 0.0004934406280517578
(25,27): 0.0007129204273223877
(25,29): 0.00037737131118774413
(25,30): 0.0012075483798980712
(25,31): 5.100727081298828e-05
(25,34): 0.0004005324840545654
(25,37): 0.000990222692489624
(25,38): 0.0004343658685684204
(25,49): 0.0003021568059921265
(26,11): 0.00022691428661346434
(26,25): 0.0010397899150848388
(26,27): 0.0004196399450302124
(26,29): -0.000478169322013855
(26,31): -0.00018450498580932617
(26,34): 0.00043681085109710695
(26,37): 0.00041012704372406006
(26,62): -0.00024158656597137452
(27,0): -0.0005530965328216553
(27,4): -0.0012141841650009156
(27,5): -0.0004042845964431763
(27,7): -0.000364452600479126
(27,11): 0.0021442198753356934
(27,23): 0.0014324301481246947
(27,24): 0.0005506402254104614
(27,25): 0.0007341760396957398
(27,26): 0.0003149306774139404
(27,29): 0.0005623209476470947
(27,31): 0.0004488801956176758
(27,34): 0.0007124942541122437
(27,37): 0.0012798702716827392
(27,38): -0.0016398698091506958
(27,58): 0.0009486955404281616
(28,2): 0.0009974634647369385
(28,6): 0.0004357331991195679
(28,9): 0.0005402821302413941
(28,10): 0.0010987281799316405
(28,21): 4.903733730316162e-05
(28,22): 0.0017004388570785523
(28,23): 0.00022308111190795897
(28,24): 0.00047156453132629394
(28,30): 0.0009037762880325318
(28,31): -0.0016701018810272217
(28,38): -0.0011756718158721924
(28,49): 0.00041270554065704347
(28,56): 0.0005358946323394775
(28,61): 0.00019778966903686524
(29,11): 0.00020751416683197023
(29,23): 0.0006245720386505127
(29,24): 0.0007977563142776489
(29,25): -0.0005858111381530762
(29,26): 9.810924530029297e-07
(29,27): 0.000644327998161316
(29,31): 0.00010127842426300049
(29,34): 0.0013247036933898926
(29,38): 0.0003734445571899414
(29,61): 0.000661236047744751
(29,63): -0.0003676694631576538
(30,2): 0.00020663499832153322
(30,6): -0.0022486209869384765
(30,10): 0.0009985095262527465
(30,22): 0.0012851375341415405
(30,23): 0.0010517358779907227
(30,24): 0.0018609529733657837
(30,25): 0.00040853917598724363
(30,28): 0.000601016879081726
(30,31): 0.000630558729171753
(30,38): -0.0010572034120559693
(30,48): 0.0003588271141052246
(31,4): -2.0664334297180176e-05
(31,22): 0.00039947092533111574
(31,23): 0.0012083768844604493
(31,24): 0.0005273127555847168
(31,25): 5.889594554901123e-05
(31,26): 0.0010704934597015382
(31,27): 0.001128395199775696
(31,28): 0.00019058942794799804
(31,29): 0.0010226327180862427
(31,30): 0.00018860578536987306
(31,34): 0.00020214200019836426
(31,37): 0.00021764934062957765
(31,38): -0.00029515504837036133
(31,61): 0.00024949193000793456
(31,62): 0.0001502835750579834
(32,15): 0.0010646581649780273
(32,16): 0.0003949326276779175
(32,17): 0.000614171028137207
(32,18): -0.000184551477432251
(32,33): 4.054427146911621e-05
(32,36): 0.00038240253925323484
(32,65): 0.00016928255558013917
(33,15): 0.0005209702253341675
(33,16): 0.0006644982099533081
(33,17): 3.172874450683594e-05
(33,18): 0.0004233109951019287
(33,32): 8.771419525146484e-05
(33,36): 0.00042824864387512205
(33,52): 0.00019007980823516847
(34,4): 0.0004582732915878296
(34,5): 2.5093555450439453e-05
(34,11): 0.0005548101663589478
(34,25): -7.530152797698974e-05
(34,26): 0.00043981194496154783
(34,27): 0.0011307096481323242
(34,29): 0.00027315378189086915
(34,31): 0.002424945831298828
(34,37): 0.00010847985744476318
(34,58): 0.0007044428586959839
(34,59): 0.0015282660722732544
(35,1): -3.545701503753662e-05
(35,13): 0.00082985520362854
(35,14): 0.0010761040449142455
(35,19): 0.0039033961296081545
(35,20): 0.002679656744003296
(35,39): 0.00010353505611419678
(36,1): 0.0009209519624710083
(36,13): -0.0010069996118545533
(36,16): 0.0019443535804748535
(36,17): 0.002281028628349304
(36,18): 0.001355600357055664
(36,32): 0.00041442453861236574
(36,33): 0.0007125627994537353
(37,11): 0.00014096319675445555
(37,23): 0.0026109814643859863
(37,24): 0.0015922021865844727
(37,25): -0.00030116558074951173
(37,26): 0.0007348328828811646
(37,27): 0.002067006826400757
(37,31): 0.0002553856372833252
(37,34): -0.0003929901123046875
(37,38): -0.0015028679370880126
(38,4): 0.0011045020818710328
(38,10): 0.00015007555484771728
(38,22): 0.002106679677963257
(38,23): 0.0016162234544754028
(38,25): 0.002801251411437988
(38,27): 0.0010673725605010987
(38,28): 0.0021429187059402465
(38,29): 0.0015039610862731933
(38,30): 0.0036545199155807494
(38,31): 0.002041628360748291
(38,37): 0.002999439239501953
(39,2): -0.0016317170858383178
(39,3): -0.0027554911375045777
(39,6): -0.00432995855808258
(39,9): 0.005314591526985169
(39,10): -0.00020202457904815673
(39,12): -0.0013293206691741943
(39,13): -0.00028304338455200197
(39,19): 0.0019185930490493775
(39,35): -0.0008963388204574585
(40,0): 0.00048520982265472414
(40,1): 0.002662409543991089
(40,4): 0.0011337172985076904
(40,5): 0.0011727845668792725
(40,41): 0.0004411613941192627
(41,0): 0.0007417142391204834
(41,4): 0.0011504971981048584
(41,5): 0.001084085702896118
(41,40): 0.00027278482913970946
(42,8): 0.0008634650707244874
(42,12): 0.0014388579130172729
(42,20): 0.004816960692405701
(42,22): 0.0006335407495498657
(42,43): 0.00017041444778442382
(42,45): 0.0006217330694198609
(42,53): 0.00047348737716674806
(43,8): 0.0002301722764968872
(43,42): 0.00021574139595031738
(43,57): 0.00023889124393463134
(44,9): 0.0010202115774154664
(44,45): 0.0003223860263824463
(44,47): 0.0013250666856765747
(45,9): -0.00018005311489105224
(45,10): 0.0007341855764389038
(45,42): 0.0010335832834243775
(45,44): 0.000381430983543396
(45,53): -5.562305450439453e-06
(46,10): 0.0008320260047912598
(46,60): 7.4738264083862305e-06
(47,10): -0.0005582928657531738
(47,44): 0.0004952621459960938
(48,23): 0.00043934106826782227
(48,30): 0.00232954740524292
(48,63): 0.0001286548376083374
(49,12): 0.0006992655992507934
(49,15): 0.0010197269916534424
(49,22): 0.00025155305862426756
(49,25): 0.0008765238523483276
(49,28): 0.0015055429935455322
(49,55): 5.246996879577637e-06
(50,13): 0.0002853357791900635
(50,14): 0.0010506129264831543
(50,17): 0.00017240643501281738
(50,19): 0.00163987934589386
(50,22): -4.8722624778747556e-05
(51,13): 8.26340913772583e-05
(51,14): 0.0006996816396713256
(51,16): 0.0016168129444122314
(51,19): 0.0009121841192245483
(51,21): -0.0002905350923538208
(51,23): 0.0003614175319671631
(52,17): 0.0008805680274963379
(52,18): 0.00030324041843414305
(52,33): -0.0008013373613357543
(53,18): -0.0002641177177429199
(53,19): 0.0017574381828308104
(53,42): 0.0011235320568084718
(53,45): -0.00010204732418060302
(54,21): 0.000563226342201233
(54,55): -0.00013125240802764894
(55,14): 0.0007217854261398315
(55,49): 0.0022385233640670778
(55,54): -7.0148706436157225e-06
(55,57): 0.00014716744422912597
(56,11): 0.0006149178743362427
(56,21): 0.00047070622444152834
(56,22): 0.0006287658214569092
(56,28): 0.0009856146574020385
(56,60): 0.0002522581815719604
(56,62): -0.00010109603404998779
(57,21): 0.0002095884084701538
(57,43): -0.00014036834239959715
(57,55): -0.00036455035209655764
(58,14): 0.0005209571123123168
(58,15): -0.0003555566072463989
(58,24): 0.0016099125146865844
(58,27): 0.0005012065172195435
(58,34): 0.00040652871131896973
(59,23): 0.0006041109561920166
(59,34): 0.0013081133365631104
(60,8): 0.00027654170989990237
(60,46): 0.0011899763345718385
(60,56): 0.0011218076944351197
(61,21): 0.0002883601188659668
(61,23): -0.0008676791191101074
(61,28): 7.139205932617187e-05
(61,29): 2.2393465042114257e-05
(61,31): 3.931581974029541e-05
(62,26): 0.0007133924961090088
(62,31): 5.8990716934204104e-05
(62,56): 0.00026853024959564207
(63,24): 0.0005196923017501831
(63,29): 0.001709892749786377
(63,48): 0.000550186038017273
(64,11): 0.0005393141508102417
(65,19): 0.00010992705821990967
(65,32): 0.00019301354885101318
