Explaining class 0 for compound: O=S(=O)(c1ccnc2ccccc12)N1CCCCC1CCN1CCN(c2nsc3ccccc23)CC1
Shapley values for edges:
(0,1): 0.028683595872917498
(1,0): 0.023467386019199038
(1,2): 0.017380835156386658
(1,3): -0.010135264596879478
(1,13): -0.0011498903472853068
(2,1): 0.019809353025173507
(3,1): 0.048902572275897255
(3,4): -0.007886942704617431
(3,12): 0.0005594397416143825
(4,3): 0.01030623378405021
(4,5): -0.0069489792489611235
(5,4): 0.002665082185549243
(5,6): -0.02474659234157202
(6,5): -0.003893726343099005
(6,7): 0.005042196734154499
(7,6): -0.021774259757066962
(7,8): -0.006279976913347533
(7,12): -0.0024242639053472853
(8,7): 0.002690483288662337
(8,9): -0.003057947904864366
(9,8): 2.7723852926520805e-05
(9,10): 0.0012920962717257241
(10,9): -0.0024517080916367957
(10,11): 0.003199726059533721
(11,10): -0.0032525621069846265
(11,12): 0.0002114864290338797
(12,3): 0.016946292721361233
(12,7): 0.0014512262298400774
(12,11): -0.005569790772468851
(13,1): 0.010855630175614169
(13,14): 0.05410236492264883
(13,18): 0.0032431907747448607
(14,13): 0.0128735459893979
(14,15): 0.023426522233736882
(15,14): -0.004986261040645682
(15,16): 0.007664727917318012
(16,15): -0.01173035431169162
(16,17): 0.0005392973800172851
(17,16): 0.039915934323915755
(17,18): -0.033869892746857644
(18,13): 0.020447558995323245
(18,17): 0.1708044155865218
(18,19): -0.006681119389753357
(19,18): 0.017242506916194045
(19,20): 0.04251513239031402
(20,19): 0.03535157136120593
(20,21): 0.0458306972133075
(21,20): 0.04284247538332704
(21,22): 0.1227494940807575
(21,35): 0.09100715578274464
(22,21): 0.09604311019774034
(22,23): 0.022133200297873197
(23,22): 0.039911769604154615
(23,24): 0.02732436597322806
(24,23): 0.028917959486117112
(24,25): -0.01758760310255328
(24,34): 0.10710873958183648
(25,24): -0.03999028011372949
(25,26): 0.010009028016453071
(25,33): -0.00886550130950568
(26,25): -0.046599924505991354
(26,27): 0.0027772288931783707
(27,26): 0.015326035587133907
(27,28): 0.010807022451229206
(28,27): 0.011635936425856096
(28,29): 0.00689872059308141
(28,33): -0.009119944873909899
(29,28): 0.02212358569378194
(29,30): 0.013318927487931218
(30,29): -0.020639815494791804
(30,31): -0.002251397891877629
(31,30): -0.0033732163997010965
(31,32): -0.011027094089432176
(32,31): 0.014785088302680499
(32,33): 0.005568231810935086
(33,25): 0.004413656998460264
(33,28): 0.01285609820196737
(33,32): 0.0029880482255647115
(34,24): 0.0029734132832448757
(34,35): -0.0021682150585119867
(35,21): 0.023391793022910688
(35,34): 0.02809786983936848

Sum of Shapley values: 1.1149952556867593

Minimal top k set edge index:
[[18, 21, 24], [17, 22, 34]]

FID+: 0.9124592766165733

Pertinent positive set edge index:
[[18, 21, 24, 22, 21, 13, 3, 20, 21, 19, 17, 23, 20], [17, 22, 34, 21, 35, 14, 1, 21, 20, 20, 16, 22, 19]]

FID-: 0.4624978303909302

