Interaction name: 6d56

Affinity: 8.050000190734863
Predicted class: 1
Predicted probability: 0.8452209830284119
Sum of phi edges: 0.6827461975812908

Interaction statistics:

Number of total edges connecting protein pseudo-atoms: 13
Number of total edges connecting ligand pseudo-atoms: 104
Number of total edges connecting protein and ligand pseudo-atoms: 64

Pertinent positive set edge index: tensor([[13, 13, 12,  7, 38, 51,  7,  5, 18,  9,  8,  5, 17, 40,  9, 40,  5, 42,
         13, 40, 49, 12, 38, 44,  9, 52, 37, 38, 18, 19, 39, 42, 17, 11, 32, 38,
         32, 20, 15, 19, 37, 17,  8, 13, 52, 10, 50, 11, 52,  5, 17, 43, 48, 17,
         37, 22, 18, 43, 18, 23, 43, 24,  9, 48, 44, 40, 18, 32,  5, 51, 38, 42,
         37, 18, 36, 23, 26, 19, 19, 10,  8, 19, 40, 45, 19, 50, 52, 49,  6, 23,
         35,  7, 24, 51,  9, 10,  8, 46, 49, 22, 37,  5, 21,  6, 10, 10,  7, 12,
         41,  3, 18, 10,  5, 26],
        [39, 44, 39, 47, 23, 16, 44, 41, 45, 35, 36, 31, 41, 13, 34,  9, 33,  5,
         40, 23, 21, 20,  5, 15, 25, 16, 36, 20, 51, 43, 13, 12, 51, 42, 21, 12,
          7, 45, 44, 22, 19, 15, 40, 48, 51, 36, 48, 49, 15, 24, 34, 19, 13, 50,
          7, 46, 32, 22, 43, 48,  6,  5, 33, 23, 13,  8, 11, 22, 25, 52, 21, 11,
         24, 38,  8, 38, 12, 37,  7, 37, 22, 10,  6, 20,  9, 25, 49, 10, 43, 40,
         39, 19, 37, 17, 46, 52, 46,  9, 52, 32, 10, 42, 38, 32, 24, 49, 32, 38,
         17, 14,  6, 19,  7,  6]], device='cuda:0')

FID- using pertinent positive set: 0.3416135311126709

Number of pertinent positive edges connecting protein pseudo-atoms: 5 (38.5%)
% w.r.t. total number of pertinent positive edges: 6.0%)
Number of pertinent positive edges connecting ligand pseudo-atoms: 17 (16.3%)
% w.r.t. total number of pertinent positive edges: 20.5%)
Number of pertinent positive edges connecting protein and ligand pseudo-atoms: 61 (95.3%)
% w.r.t. total number of pertinent positive edges: 73.5%)

Minimal top k set edge index: tensor([[13, 13, 12,  7, 38, 51,  7,  5, 18,  9,  8,  5, 17, 40,  9, 40,  5, 42,
         13, 40, 49, 12, 38, 44,  9, 52, 37, 38, 18, 19, 39, 42, 17, 11, 32, 38,
         32, 20, 15, 19, 37, 17,  8, 13, 52, 10, 50, 11, 52,  5, 17, 43, 48, 17,
         37, 22, 18, 43, 18, 23, 43, 24,  9, 48, 44, 40, 18, 32,  5, 51, 38, 42,
         37, 18, 36, 23, 26, 19, 19, 10,  8, 19, 40, 45, 19, 50, 52, 49,  6, 23,
         35,  7, 24, 51,  9, 10,  8, 46, 49, 22, 37,  5, 21,  6, 10, 10,  7, 12,
         41,  3, 18, 10,  5, 26,  5, 52, 11, 36, 16, 11, 48,  6, 25,  7, 11,  7,
          6,  6, 33, 14,  9, 39, 10, 14, 32, 21, 50,  7,  6, 33, 38, 18, 17,  8,
         25, 34,  6,  8, 48, 28, 45, 46, 46, 20],
        [39, 44, 39, 47, 23, 16, 44, 41, 45, 35, 36, 31, 41, 13, 34,  9, 33,  5,
         40, 23, 21, 20,  5, 15, 25, 16, 36, 20, 51, 43, 13, 12, 51, 42, 21, 12,
          7, 45, 44, 22, 19, 15, 40, 48, 51, 36, 48, 49, 15, 24, 34, 19, 13, 50,
          7, 46, 32, 22, 43, 48,  6,  5, 33, 23, 13,  8, 11, 22, 25, 52, 21, 11,
         24, 38,  8, 38, 12, 37,  7, 37, 22, 10,  6, 20,  9, 25, 49, 10, 43, 40,
         39, 19, 37, 17, 46, 52, 46,  9, 52, 32, 10, 42, 38, 32, 24, 49, 32, 38,
         17, 14,  6, 19,  7,  6, 38, 10, 18, 37, 51, 27, 50, 12, 50, 37,  8, 33,
         27, 40,  5,  4, 28, 35, 28,  3,  6, 32, 33,  5, 18,  9, 18, 42,  8, 11,
          9,  9, 20, 17, 33, 15, 44, 22, 44, 38]], device='cuda:0')

FID+ using minimal top-k set: 0.3481074869632721

Number of minimal top-k edges connecting protein pseudo-atoms: 8 (61.5%)
% w.r.t. total number of minimal top-k edges: 8.2%)
Number of minimal top-k edges connecting ligand pseudo-atoms: 27 (26.0%)
% w.r.t. total number of minimal top-k edges: 27.6%)
Number of minimal top-k edges connecting protein and ligand pseudo-atoms: 63 (98.4%)
% w.r.t. total number of minimal top-k edges: 64.3%)

Trustworthiness of the explanation: 0.4554210341805775

Number of relevant edges connecting protein pseudo-atoms: 5 (38.5%)
% w.r.t. total number of relevant edges: 6.5%)
Number of relevant edges connecting ligand pseudo-atoms: 12 (11.5%)
% w.r.t. total number of relevant edges: 15.6%)
Number of relevant edges connecting protein and ligand pseudo-atoms: 60 (93.8%)
% w.r.t. total number of relevant edges: 77.9%)

Shapley values for edges: 

(0,5): -0.002508789151906967
(0,6): 0.00031875282526016234
(0,7): -0.003882811293005943
(0,11): 0.00021533019840717316
(0,13): -0.0013410882651805878
(0,20): -0.009760781824588775
(0,22): -0.0033780159056186676
(0,23): 7.87186622619629e-05
(1,2): 6.357677280902862e-05
(1,6): -0.0025501389801502227
(1,12): -0.0025906846672296524
(1,13): 0.00013071872293949128
(2,1): -0.0003099832683801651
(2,6): -0.0015746165812015533
(2,12): 0.00037857666611671446
(2,13): -0.0017154776304960252
(2,26): -0.00048383720219135284
(3,7): -0.0009875430911779404
(3,14): 0.0024512944370508193
(3,23): -0.00012215502560138702
(3,29): -6.379604339599609e-05
(4,7): 0.0005089503526687622
(4,14): -0.0005348466336727142
(4,23): 0.0003654666990041733
(5,0): -0.00014463953673839568
(5,7): 0.0023085978627204896
(5,8): 2.9794573783874512e-05
(5,11): -0.00024027876555919646
(5,15): -5.27741014957428e-05
(5,19): -8.17764550447464e-05
(5,22): 0.00031754881143569947
(5,24): 0.005882383286952972
(5,25): 0.004492487832903862
(5,31): 0.01142197385430336
(5,33): 0.009911472275853157
(5,38): 0.0022818251699209214
(5,41): 0.011948519572615623
(5,42): 0.0026343325525522232
(6,0): 4.992216825485229e-05
(6,1): -0.0004176769405603409
(6,2): -0.00034303460270166395
(6,11): -1.3853535056114198e-05
(6,12): 0.00185228168964386
(6,13): 0.0004996170848608017
(6,18): 0.0011802718043327331
(6,20): 0.0009319208562374115
(6,21): -1.6196370124816896e-05
(6,22): 7.2784721851348875e-06
(6,26): -0.00022691264748573304
(6,27): 0.0017003159970045089
(6,32): 0.002624569460749626
(6,40): 0.0016380589455366134
(6,43): 0.0030130834877490995
(7,0): 0.0006082314997911453
(7,3): -0.0008322636038064957
(7,4): -0.0008821216970682144
(7,5): 0.0012619114667177201
(7,14): -0.0016690088808536529
(7,19): 0.002944513186812401
(7,23): -0.0011180500686168672
(7,32): 0.0025225046277046206
(7,33): 0.0017666018754243851
(7,37): 0.0017890500277280808
(7,44): 0.01225283831357956
(7,47): 0.013653485961258411
(8,5): 2.729371190071106e-06
(8,9): -0.0001925045996904373
(8,11): 0.0011044740676879883
(8,15): 3.275379538536072e-05
(8,16): -7.561303675174714e-05
(8,17): 0.0008555762469768524
(8,19): 0.0001464705914258957
(8,22): 0.0034004803746938705
(8,24): -9.428724646568299e-05
(8,25): -0.00014969050884246825
(8,28): 0.00023329153656959534
(8,36): 0.011457287445664406
(8,40): 0.006416973322629928
(8,46): 0.002777149751782417
(9,8): 0.00012420833110809326
(9,16): 5.189739167690277e-05
(9,17): 3.549322485923767e-05
(9,19): 0.0005345804989337921
(9,24): -0.0002936615794897079
(9,25): 0.008677655346691609
(9,28): 0.0015294611454010009
(9,33): 0.004946483746170998
(9,34): 0.010551964566111564
(9,35): 0.011462469696998595
(9,40): -0.0015365283936262131
(9,46): 0.0028868506103754046
(10,15): -0.0003820472210645676
(10,16): -0.0002054446190595627
(10,17): -1.3758689165115357e-05
(10,19): 0.0023747540265321733
(10,24): 0.0025929250568151475
(10,25): -0.0005013458430767059
(10,28): 0.0014084043726325034
(10,36): 0.006226481795310974
(10,37): 0.0034679652005434034
(10,49): 0.002531175836920738
(10,52): 0.002879777625203133
(11,0): -0.00021427974104881286
(11,5): 0.00012849286198616028
(11,6): 3.2782554626464844e-09
(11,8): 0.001768205650150776
(11,18): 0.0020218474417924882
(11,19): -0.0001708630472421646
(11,20): -0.0009031436592340469
(11,21): -0.00015030592679977418
(11,22): -7.802583277225495e-05
(11,27): 0.0019093362241983413
(11,42): 0.007807692736387253
(11,49): 0.006007536575198174
(12,1): -0.0011195532232522966
(12,2): -9.991340339183807e-05
(12,6): 0.0003965405374765396
(12,20): 0.008996860310435294
(12,26): -0.00039978422224521635
(12,38): 0.0024895079433917998
(12,39): 0.013659755438566209
(12,42): -4.636406898498535e-05
(13,0): 0.00023052796721458434
(13,1): -8.028432726860046e-05
(13,2): -0.00014318250119686127
(13,6): -0.00014019712805747985
(13,26): 0.0004281527549028397
(13,39): 0.01398617599159479
(13,40): 0.009518845826387406
(13,44): 0.013985474556684495
(13,48): 0.0063666109740734105
(14,3): 0.0013898932933807374
(14,4): 0.0015329932421445846
(14,7): 0.00023714959621429444
(14,23): -6.428010761737824e-05
(15,5): -0.0001786515861749649
(15,8): -1.9847527146339416e-05
(15,10): 1.0341033339500428e-05
(15,16): 5.710802972316742e-05
(15,17): 0.0001358044147491455
(15,19): -0.0008954598009586334
(15,24): -0.00010078169405460358
(15,25): -0.00041898436844348906
(15,28): 0.00031248830258846284
(15,44): 0.0067625103890895846
(15,52): 0.00046376317739486693
(16,8): -2.662166953086853e-06
(16,9): 2.522096037864685e-05
(16,10): 6.778784096240997e-05
(16,15): 0.0006759513169527053
(16,17): -2.937018871307373e-07
(16,19): 4.442974925041199e-05
(16,24): 0.0006985023245215416
(16,25): -2.0949989557266236e-05
(16,51): 0.0019242177903652192
(16,52): 7.873319089412689e-05
(17,8): 0.001118074655532837
(17,9): 3.227390348911285e-05
(17,10): -5.362555384635925e-05
(17,15): 0.006513953506946564
(17,16): -0.00015942253172397615
(17,24): -0.00027857594192028047
(17,25): -7.108002901077271e-05
(17,28): -0.0006180889904499054
(17,34): 0.005852694883942604
(17,41): 0.01120429664850235
(17,50): 0.005565481185913086
(17,51): 0.007860799729824066
(18,6): 0.002433018162846565
(18,11): 0.004711509570479393
(18,20): 0.00024045996367931367
(18,21): 8.566953241825104e-05
(18,22): 1.091696321964264e-05
(18,27): -0.0018340763822197914
(18,32): 0.005317556783556938
(18,38): 0.004030368253588676
(18,42): 0.0011265865713357926
(18,43): 0.0052367039769887925
(18,45): 0.011542953103780746
(18,51): 0.008289143368601799
(19,5): 1.6850754618644715e-05
(19,7): 0.0035195742547512055
(19,8): 3.3324286341667176e-05
(19,9): 0.003338325917720795
(19,10): 0.0033995002508163453
(19,11): 0.0007493305951356888
(19,15): 2.99072265625e-05
(19,16): -8.431553840637207e-05
(19,22): 0.006575762256979942
(19,24): 5.041360855102539e-06
(19,25): -0.0004058627039194107
(19,28): 0.0006018238514661788
(19,37): 0.003650127649307251
(19,43): 0.008061077520251274
(20,0): -0.003783001974225044
(20,6): -2.980351448059082e-05
(20,11): 0.00011190786957740784
(20,12): -0.0008507928997278214
(20,18): -0.00014576822519302368
(20,21): -0.00021186240017414092
(20,22): -0.0004592142254114151
(20,27): -0.002282572537660599
(20,38): 0.0007835441827774048
(20,45): 0.006947605907917023
(21,6): 1.1542439460754394e-06
(21,11): 3.9306432008743285e-05
(21,18): -0.00024148397147655487
(21,20): -0.0004478134959936142
(21,22): 0.00015829443931579589
(21,32): 0.001320897303521633
(21,38): 0.002630215138196945
(21,49): 0.0002447225898504257
(22,0): -0.0004252081736922264
(22,5): 5.5850446224212646e-05
(22,6): -1.3612210750579834e-05
(22,8): 0.000393935963511467
(22,11): -1.5511810779571533e-05
(22,18): 7.63915479183197e-06
(22,19): 0.00012736290693283081
(22,20): 0.00034510463476181033
(22,21): 6.416983902454376e-05
(22,27): -0.0019138925522565842
(22,32): 0.002645099237561226
(22,43): 0.00016827061772346498
(22,46): 0.0053909985721111294
(23,0): 0.00016126848757266998
(23,3): -0.0007739553600549698
(23,4): -0.004190843775868416
(23,7): 7.3641538619995115e-06
(23,14): -0.0006055136024951935
(23,38): 0.0038922230154275895
(23,40): 0.0030049827694892885
(23,48): 0.005233420878648758
(24,5): 0.005124625489115715
(24,8): -0.00025494664907455445
(24,9): 9.407714009284973e-05
(24,10): -7.143840193748474e-05
(24,15): 0.0002552802860736847
(24,16): 0.0003240607678890228
(24,17): 2.294778823852539e-08
(24,19): 2.3096799850463867e-09
(24,25): -7.226839661598206e-06
(24,28): -0.0006966745108366013
(24,37): 0.002940993681550026
(25,5): 0.0006382916122674942
(25,8): -1.3860464096069335e-05
(25,9): 0.000991353467106819
(25,10): -8.148252964019776e-06
(25,15): 0.00010356329381465912
(25,16): -0.0004970441013574601
(25,17): 2.5891661643981933e-05
(25,19): -5.357347428798676e-05
(25,24): 8.163951337337493e-05
(25,28): -0.001006448045372963
(25,50): 0.0018205808103084564
(26,2): -0.0005185302346944809
(26,6): 0.0023044021427631378
(26,12): 0.0037152323871850967
(26,13): 5.02757728099823e-06
(27,6): 0.00014328643679618837
(27,11): 0.00033357687294483185
(27,18): 0.00010014288127422333
(27,20): 0.0003237980604171753
(27,22): -0.00022222094237804414
(28,8): 5.22814691066742e-06
(28,9): -6.442010402679443e-05
(28,10): 6.872490048408508e-06
(28,15): 0.0008204002678394317
(28,17): 0.00017638310790061952
(28,19): 0.00022918961942195893
(28,24): 0.0005017733573913575
(28,25): 0.0003005815297365189
(29,3): -0.00029314771294593813
(31,5): -0.00044552505016326905
(31,47): 0.00029080353677272795
(32,6): 0.0013754810392856598
(32,7): 0.007016372308135033
(32,18): 0.000540822446346283
(32,21): 0.007335875332355499
(32,22): 0.004628868475556373
(32,52): 0.00022362612187862396
(33,5): 0.0016208123415708542
(33,7): -0.0004037322103977203
(33,9): 0.0011620589345693589
(33,48): -0.0027623867243528367
(33,50): -0.0001909569650888443
(34,9): 0.0009775353968143462
(34,17): -0.00019688650965690613
(35,9): -0.0037958010286092757
(35,39): 0.002994479835033417
(36,8): 0.004011265784502029
(36,10): -0.0003682810068130493
(36,37): 0.0019279763102531434
(37,7): 0.005532713308930397
(37,10): 0.002641584128141403
(37,19): 0.006566847637295723
(37,24): 0.004142146930098534
(37,36): 0.008461608290672303
(37,41): -0.0013518299162387849
(38,5): 0.008993893042206763
(38,12): 0.0072815543413162235
(38,18): 0.0011418811976909638
(38,20): 0.008293660134077072
(38,21): 0.004315655454993248
(38,23): 0.013278130441904068
(39,12): -0.0006928747147321702
(39,13): 0.007978092953562737
(39,35): 0.0014363588392734528
(40,6): 0.003380887657403946
(40,8): 0.004784705862402916
(40,9): 0.010380431562662124
(40,13): 0.011133020520210266
(40,23): 0.009393951147794724
(41,5): -0.0004660147801041603
(41,17): 0.0024760162830352785
(41,37): -0.0006021320074796676
(42,5): 0.00956274650990963
(42,11): 0.004283340051770211
(42,12): 0.007946891486644745
(42,18): 3.43245267868042e-05
(43,6): 0.005223861932754517
(43,18): 0.0006226260960102082
(43,19): 0.005744996443390846
(43,22): 0.005240227431058884
(44,7): -0.0006065404042601586
(44,13): 0.004897250235080719
(44,15): 0.008747360184788704
(44,45): -0.0003005761653184891
(44,46): 0.0003953882306814194
(45,18): -0.0020124366879463195
(45,20): 0.0033415079116821287
(45,44): 0.0008184896409511567
(45,46): 0.0003048459440469742
(46,8): 1.1669397354125977e-05
(46,9): 0.0027076227962970732
(46,22): 0.0008139479905366898
(46,44): 0.0007874827831983566
(46,45): -0.00026795603334903715
(47,7): -0.0016324582695960998
(47,31): 0.00043509751558303835
(48,13): 0.005740021057426929
(48,23): 0.004944988936185837
(48,33): 0.0008403188735246658
(48,50): 0.0018748974800109864
(49,10): 0.003073434978723526
(49,11): 0.0006083386391401291
(49,21): 0.009017154611647128
(49,52): 0.002702748030424118
(50,17): 0.00044007889926433563
(50,25): 0.0031919102370738983
(50,33): 0.0013124652206897736
(50,48): 0.006106798127293586
(51,16): 0.012440667897462844
(51,17): 0.002902669161558151
(51,18): 0.000422244668006897
(51,52): 0.004384860172867775
(52,10): 0.002276864126324654
(52,15): 0.005888903066515922
(52,16): 0.008650518879294395
(52,32): -1.274101436138153e-05
(52,49): 0.003128386661410332
(52,51): 0.0062879852205514905
