Test set index: 773

Target Class: 0

Target compound: TARGET

Sum of Shapley Values: 1.0657051499720998

Shapley values:
-0.027778016682856385
0.11656770869829046
0.11117133238529167
0.12530660265620963
0.044595607320777386
0.04995454391864779
0.0029272317444508254
0.000824368966985281
0.0036648916375682087
0.008284226292561325
0.06757679517507058
-0.0020758949296693437
-0.009646194413120984
-0.013710229204031137
0.0023605878697066113
0.0018997513887010914
0.005470796612266889
-0.0019311175428693836
0.007189653796567468
-3.684185116148857e-05
-0.01886402891519767
0.006897451294765076
0.014686391912320598
0.006275116830799982
-0.011196131173177614
0.0440991049241616
0.0761102676655462
0.010795281719363337
0.014180267339035496
-0.030689492514342265
0.0013460925097522527
0.0011534076619804958
0.025069281748430722
-0.008944962356970145
0.24156977138748903
0.005798168563684135
-0.018658809274234044
0.01315212465736523
-0.02533104302910917
0.0037407557766831164
0.01618659622247072
0.08039042790823549
0.0631024193275122
0.01272410214351006
0.04505518138886886
0.004441602413769695

Pertinent Negative Set:
Pertinent set indices on edge ranking: [34, 3, 1]
Pertinent set edge index: tensor([[15,  1,  1],
        [16, 20,  0]], device='cuda:0')
FID+: 0.9989529845770448

Pertinent Positive Set:

Pertinent set edge index: tensor([[15,  1,  1,  1, 18, 12,  5, 19,  2, 20],
        [16, 20,  0,  2, 19, 11,  4, 18,  3,  1]], device='cuda:0')
FID-: 6.67572021484375e-05
Pertinent Negative Set GNNExplainer:
Pertinent set indices on edge ranking: [12, 24, 40, 9, 6, 37, 21, 10, 7, 42, 28, 11, 43, 22, 38, 23, 2, 25]
Pertinent set edge index: tensor([[ 5, 11, 18,  4,  3, 17, 10,  5,  3, 19, 12,  5, 19, 10, 17, 10,  1, 11],
        [10, 10, 17,  5,  2, 15,  5,  4,  4, 18, 18,  6, 20,  9, 18, 11,  2, 12]],
       device='cuda:0')
FID+: 0.9612213708460331

Pertinent Positive Set GNNExplainer:

Pertinent set edge index: tensor([[ 5, 11, 18,  4,  3, 17, 10,  5,  3, 19, 12,  5, 19, 10, 17, 10,  1, 11,
         12, 18, 20, 14,  4, 12, 15, 13,  1],
        [10, 10, 17,  5,  2, 15,  5,  4,  4, 18, 18,  6, 20,  9, 18, 11,  2, 12,
         11, 12,  1, 15,  3, 13, 16, 14, 20]], device='cuda:0')
FID-: 0.0005574822425842285