Explaining class 0 for compound: COc1ccc(-c2nnc(SCCCN3CCc4ccc(-c5cc(C)on5)cc4CC3)n2C)cn1
Shapley values for edges:
(0,1): 0.03202846101614669
(1,0): 0.025066471985578574
(1,2): -0.006409501337143539
(2,1): 0.0302563128930288
(2,3): -0.018425131508960937
(2,34): 0.013676624876108434
(3,2): 0.01005319777133217
(3,4): 0.0023705467307043103
(4,3): -0.0015186192466893008
(4,5): 0.0012840411021899673
(5,4): -0.007291374497688137
(5,6): -0.0160428230995622
(5,33): 0.011999269105286665
(6,5): -0.0008464712758694815
(6,7): -0.05855089160277565
(6,31): 0.010291025377009082
(7,6): 0.07131779766791638
(7,8): -0.0009452409376632901
(8,7): -0.010489660325158835
(8,9): 0.05427688133276171
(9,8): -0.07785214527071935
(9,10): 0.037216679558446736
(9,31): 0.01134221957281337
(10,9): -0.03482878880626705
(10,11): -0.004884948131811086
(11,10): 0.0020413553938845906
(11,12): -0.0068547865829123025
(12,11): 0.02089320781246149
(12,13): 0.00623255211668489
(13,12): 0.027798143011886055
(13,14): 0.09588139123078761
(14,13): 0.03653453417008713
(14,15): 0.10013939548530601
(14,30): 0.08116447869013536
(15,14): 0.1168713276429407
(15,16): 0.009450050958568618
(16,15): 0.014999559433761498
(16,17): -0.01679913844586549
(17,16): 0.08160266274659941
(17,18): 0.036012065008454976
(17,28): 0.017087189935860926
(18,17): -0.02963118684289234
(18,19): -0.0034431802518230968
(19,18): -0.013111821137833593
(19,20): 0.03012671229489217
(20,19): 0.004051449842924298
(20,21): 0.014577136162038968
(20,27): -0.005681319340616628
(21,20): 0.0049072453809501735
(21,22): -0.004782206293312229
(21,26): -0.02714814146446967
(22,21): 0.025996715870530363
(22,23): 0.003721197557543908
(23,22): 0.01968194544982319
(23,24): 0.012421415535752838
(23,25): -0.028218111854270624
(24,23): -0.025987104591313117
(25,23): 0.005227171906539252
(25,26): 0.022465491643393783
(26,21): 0.013845075978012909
(26,25): -0.01893699078001332
(27,20): 0.019736157300019076
(27,28): -0.0400878484911059
(28,17): -0.0027848081018315794
(28,27): 0.0131739169360439
(28,29): 0.13688658120776837
(29,28): -0.028717215052581003
(29,30): 0.011222566060258399
(30,14): 0.0897329142989959
(30,29): 0.02854951892809992
(31,6): -0.014376209993222826
(31,9): 0.003101750944802613
(31,32): 0.024563090856882634
(32,31): 0.05027452369120697
(33,5): -0.006703771335860376
(33,34): 0.010557464805839644
(34,2): -0.03612937316103488
(34,33): -0.0349570278809881

Sum of Shapley values: 0.920271647636805

Minimal top k set edge index:
[[28, 15, 14, 13, 30, 17, 14], [29, 14, 15, 14, 14, 16, 30]]

FID+: 0.9883276643231511

Pertinent positive set edge index:
[[28, 15, 14, 13, 30, 17], [29, 14, 15, 14, 14, 16]]

FID-: 0.3747931122779846

