Test set index: 152

Target Class: 0

Target compound: TARGET

Sum of Shapley Values: 1.0707504017183667

Shapley values:
0.010706383054159602
-0.011609461431060548
0.03645263109470963
0.002788593268045246
0.027763072257231437
0.02810232979057573
0.02171929732787035
-0.0058091753612324794
0.0463976394319536
0.00793519099930745
-0.010444503586766714
0.016985501046357803
-0.01370256490495341
-0.033490705903866734
0.02253111390497686
0.005270614351056796
-0.006292976625447883
-0.010490431972292904
-0.016562123770948595
0.04019941833698693
0.009849165548845793
-0.013417148459044808
-0.010226976757408976
-0.0037745414909145943
0.018401750395600908
0.003685385035705756
0.04201043777639502
-0.004531369635813551
0.006390325987345195
0.034778221808692986
0.10648140790801522
-0.0271370961374524
0.011754264936498482
-0.03152215267709298
0.1347878882851438
0.0063649545580075455
0.01709064838307861
0.0005382246722493414
0.0009694950974667836
-0.002059336231303064
0.019967900072445505
0.008656745571892091
0.09408089670843486
0.08090405055862361
0.0851837377148941
0.038007367979617464
0.04036920062837192
0.011962004640503556
0.043270519978997106
0.05838195512073883
0.00032816532379749516
0.08151207826375811
-0.008386262228968737
-0.020916052611860417
-0.004707680376236451
0.010988449597242203
-0.0014574899616471185
0.00048265991910686546
-0.006726738770041165
0.003025323949244729
-0.004072056884953265
-0.0005315058892705949
0.010660502719188556
0.012880525291459393
-0.04843363101272165
0.03244808831118249
-0.01746203112948111
-0.006743367175695975
0.04291516762159633
0.01232770454473046
0.006262824867572189
0.0010839883896552474
0.010195797315690862
-0.009807617553296656
0.0015950491656914418
-0.015672760118176955
0.03785642112670268
0.011437079738901339
