Sum of Shapley Values: 0.3948584952496808

0.05352226506215124
-0.05019186472452912
-0.05354045817702122
0.10242924691277305
-0.023796646930994335
-0.014797130255054452
0.04876713869476202
0.01113861362919155
0.03475367372902878
-0.012025344167797453
-0.022512327991966227
-0.04323414449108446
0.06751849060500902
0.00741290674841915
-0.02851360335329327
0.12493251029013994
-0.077909756756581
-0.019532105118952457
-0.1405886210839555
0.036431664249703795
-0.02108443468338666
0.027361454485920755
-0.01098488628968573
0.00877320760506356
-0.012617858302447549
0.0062413978119213055
-0.016976169748249014
0.007831074513113299
0.09429949794096038
-0.05967931964566934
-0.017158778951539232
-0.09517834601977061
0.05414182823022759
0.033394185617951204
-0.02854289671740854
-0.05977802656028795
0.0756808955431419
-0.041639825784109005
0.09909797858569179
-0.07880272947169276
0.02064641606637201
0.10580834415304252
0.09793940496049373
-0.012688369673913482
0.10544040609432934
-0.020230323331856405
0.07697062936261588
0.056329232588902774
