Sum of Shapley Values: 0.7432323613707328

-0.06542181148919543
0.12205524441313224
0.09283252521004495
0.029089374548468053
-0.07119082574233779
0.23759805434471878
-0.0028782095457084685
-0.20239994819241364
0.030036155875146787
0.010178519015870555
-0.021839777955089387
0.015508835252271123
0.08126816388656996
-0.03780443866757203
-0.046046068860712615
-0.036704636393297574
0.02989993503423527
-0.060472288497532264
-0.022196425804473233
0.026789082597515463
0.05368896766418956
-0.015265717957493144
0.006033315905417771
0.003822644143220788
0.002591400237775898
0.01470638535406221
-0.004280291368931126
0.030709423328708498
-0.014044625767828773
0.016093215613091846
0.030391496272718855
0.0007789622347593699
0.16952537644703322
-0.06797618037988991
-0.09207528091800325
0.1702893498403479
0.013275229968647263
-0.01670718959430777
-0.0013837958710395382
-0.017646653588764237
0.02185016063090937
-0.0029442463786275336
0.0208270235087917
0.013822197102150319
-0.004341588288615736
-0.002018400156629408
0.05348370990728915
0.01835837732051797
-0.015077873434578162
0.03307259159030335
0.0551877469827757
0.18803764972220843
0.010815245413663497
-0.10716845282683059
0.008875631816010891
0.015332603355832928
0.09919604424125834
-0.054903549729053855
