Explaining class 0 for compound: Cc1ncsc1-c1nnc(SCCCN2CCC3(CC3c3ccc(C(F)(F)F)cc3)C2)n1C
Shapley values for edges:
(0,1): -0.0020879319104155076
(1,0): -0.010580152098547147
(1,2): 0.014373630144970036
(1,5): -0.02543459619076793
(2,1): -0.027095182276159025
(2,3): -0.021699616844114214
(3,2): -0.01584789569705327
(3,4): 0.010403736409675015
(4,3): -0.009705059496992536
(4,5): -0.03785984096763199
(5,1): 0.006577929204422831
(5,4): 0.033233079582390426
(5,6): -0.0026954425436367456
(6,5): 0.017790682005363788
(6,7): -0.059262329185940515
(6,31): -0.005605280844870345
(7,6): 0.00465127610578479
(7,8): -0.017326802237988933
(8,7): 0.01501551437501708
(8,9): 0.05046788716097602
(9,8): -0.07311237928097859
(9,10): 0.03221093661318158
(9,31): 0.007913301791915102
(10,9): 0.006248980037437954
(10,11): -0.03121062927787915
(11,10): 0.09977071452018547
(11,12): -0.01350908593231348
(12,11): 0.042602908726476166
(12,13): 0.028072799960250458
(13,12): 0.034824720136966476
(13,14): 0.05418033080665687
(14,13): 0.08496786237451097
(14,15): 0.1578803163187415
(14,30): 0.1258161948248448
(15,14): 0.015454724797684262
(15,16): 0.044853289629789926
(16,15): 0.00637136942084194
(16,17): 0.015971782180404893
(17,16): 0.09341340622218469
(17,18): -0.008031258115443151
(17,19): -0.029415895123901404
(17,30): 0.018279762518493378
(18,17): 0.031696675018973386
(18,19): 0.007391707108597885
(19,17): 0.03886631039004223
(19,18): 0.040898810925755334
(19,20): -0.018817141424742098
(20,19): 0.006326746462037322
(20,21): 7.760132523848773e-05
(20,29): 0.00817832720128254
(21,20): -0.02201959769136022
(21,22): 0.0015712732588403708
(22,21): 9.048547452436271e-05
(22,23): 0.040498669686468626
(23,22): -0.02131329459600301
(23,24): 0.002078795292747348
(23,28): -0.0036080336407194936
(24,23): 0.033624498315026806
(24,25): -0.009186870341376854
(24,26): -0.022786621485791206
(24,27): -0.008279539800205826
(25,24): 0.0052103120486045075
(26,24): 0.007970281699607543
(27,24): 0.009845458092377642
(28,23): 0.0372997862523484
(28,29): -0.005226040990348242
(29,20): -0.01498072352533749
(29,28): -0.0067942194535368546
(30,14): 0.08867107672644932
(30,17): 0.03513444196662415
(31,6): -0.01020489815365276
(31,9): 0.010440937914532019
(31,32): 0.06980833256581076
(32,31): 0.04901559087148644

Sum of Shapley values: 1.012346895338834

Minimal top k set edge index:
[[14, 14, 11, 17, 30, 14, 31], [15, 30, 10, 16, 14, 13, 32]]

FID+: 0.982997190207243

Pertinent positive set edge index:
[[14, 14, 11, 17, 30, 14, 31, 13, 8, 32], [15, 30, 10, 16, 14, 13, 32, 14, 9, 31]]

FID-: 0.28261011838912964

