Test set index: 112

Target Class: 0

Target compound: TARGET

Sum of Shapley Values: 0.8096767514131209

Shapley values:
-0.020009593537020486
-0.004753769091512385
0.00770225502539427
0.002158061497561409
-0.016730123423683883
-0.022905162209786046
-0.0034697605001829594
0.010620927445501893
-0.011434344449363485
-0.029435540516530034
0.0027282774148187816
0.014209700958596281
0.000992403594353991
0.005474230339964845
-0.026293129348906236
0.0044735544742361705
0.02241890583824584
-0.012750200571207158
0.01673793492478815
0.024526252756071655
-0.015663410750096154
0.1032520949856481
-0.008221919325036766
0.01039927657035328
-0.05175008016989824
0.048386999840654414
-0.017668247725892
0.017945271497710726
0.029865234543930783
0.020167042236089408
0.08134549095462365
0.03175436516899483
0.13027016352465057
0.12606783085406253
0.009907185824925068
0.03532256815880975
-0.004895328939966415
-0.022587653708130605
0.05922047573606471
0.009233924898548235
-0.00863789696590329
1.2487786589428416e-05
0.00833216232931882
0.00478133301751352
0.042838982551169975
0.03494611369325025
0.002158412929725682
0.008344695241350803
-0.00013171429183767903
0.0038438224962402258
0.0012537010723979892
0.0014967649827134818
0.0011787483230829982
0.00933797769804225
-0.010372142749253807
-0.017834985582573296
-0.0038862616017545032
0.02104416707472713
-0.01829610018718838
2.5684392675998353e-05
-0.009703520571087455
0.03494281451834706
0.030312318570382225
0.01401152793486364
-0.0049430435113860085
0.0016854813786574315
0.006134932256880285
0.002516753103749339
0.007039252960257787
0.018952416198953836
-0.005117964213171757
0.019358000264096484
0.016225488863946935
0.04121417665095728

Pertinent Negative Set:
Pertinent set indices on edge ranking: [32, 33, 21, 30, 38, 25]
Pertinent set edge index: tensor([[14, 14,  9, 13, 17, 11],
        [15, 30, 10, 14, 16, 10]], device='cuda:0')
FID+: 0.9817626643925905

Pertinent Positive Set:

Pertinent set edge index: tensor([[14, 14,  9, 13, 17, 11, 19],
        [15, 30, 10, 14, 16, 10, 17]], device='cuda:0')
FID-: 0.017394185066223145
Pertinent Negative Set GNNExplainer:
Pertinent set indices on edge ranking: [69, 48, 1, 68, 12, 37, 35, 58, 25, 39, 30, 28, 40, 26, 10, 29, 34, 60]
Pertinent set edge index: tensor([[30, 20,  1, 30,  5, 16, 15, 24, 11, 17, 13, 12, 17, 11,  5, 13, 15, 24],
        [17, 21,  0, 14,  6, 17, 16, 25, 10, 18, 14, 13, 19, 12,  1, 12, 14, 27]],
       device='cuda:0')
FID+: 0.9999868814893489

Pertinent Positive Set GNNExplainer:

Pertinent set edge index: tensor([[30, 20,  1, 30,  5, 16, 15, 24, 11, 17, 13, 12, 17, 11,  5, 13, 15, 24,
         27,  4, 25, 16, 14, 19, 26, 10, 20, 18, 17, 19, 10, 20, 22, 14],
        [17, 21,  0, 14,  6, 17, 16, 25, 10, 18, 14, 13, 19, 12,  1, 12, 14, 27,
         24,  5, 24, 15, 15, 20, 24,  9, 19, 17, 16, 17, 11, 29, 23, 30]],
       device='cuda:0')
FID-: 0.09162771701812744