Test set index: 112

Target Class: 0

Target compound: TARGET

Sum of Shapley Values: 0.9809661411787816

Shapley values:
0.000137461935903766
0.004740926720203796
0.05294584970344963
0.005858001128202719
-0.03807710425447666
-0.01174482756252781
0.007582772087262399
0.038594756135549996
-0.015808091670067016
-0.04566071602201106
-0.015464867964818664
0.06762480044695747
-0.013543517265203586
-0.0005448825157140263
-0.008755213708948061
0.004842282096105833
0.00833450968653571
-0.004058039944345901
0.01687080367850741
0.03248057033115746
-0.016407650854080982
0.053604216032674804
0.014934401272866143
0.003580583904149613
-0.009023506399023795
-0.009152486738114338
-0.024084099354540967
0.022655891722480406
0.010789105913766677
0.04305549244433256
0.05607548307402312
0.07968557714323754
0.097542594420349
0.09727499546430582
0.04680510918664596
0.023754286336210694
-0.001378225703028726
0.014777269478942026
0.010785864902323257
0.013876739252528523
0.020027560106154186
0.0010662144554158914
0.016627809251268763
0.006456149935369883
-0.003717597674022763
0.0030383011428439964
0.03479949032862942
0.027606617161229297
-0.01762280472730547
-0.005837082580376363
0.014834986453137642
-0.002076020466321319
0.005652887175843136
0.021906190843855984
-0.025331333348432215
0.005056214151043284
-0.011270621022135776
0.002265448001520616
-0.0005676986656538628
0.0006556157354981106
0.028124709450818162
0.00488025110033962
-0.003351399738928087
-0.00353962945545319
0.01672554377311371
0.006285542935814571
-0.011341856015365782
0.0026389282805507164
0.08580943084583875
0.09543045611616499
-0.010889487369077033
0.015711127954066095
0.047049466418808174
-0.0016443839172419394

Edge Index:
tensor([[ 0,  1,  1,  1,  2,  2,  3,  3,  4,  4,  5,  5,  5,  6,  6,  6,  7,  7,
          8,  8,  9,  9,  9, 10, 10, 11, 11, 12, 12, 13, 13, 14, 14, 14, 15, 15,
         16, 16, 17, 17, 17, 17, 18, 18, 19, 19, 19, 20, 20, 20, 21, 21, 22, 22,
         23, 23, 23, 24, 24, 24, 24, 25, 26, 27, 28, 28, 29, 29, 30, 30, 31, 31,
         31, 32],
        [ 1,  0,  2,  5,  1,  3,  2,  4,  3,  5,  1,  4,  6,  5,  7, 31,  6,  8,
          7,  9,  8, 10, 31,  9, 11, 10, 12, 11, 13, 12, 14, 13, 15, 30, 14, 16,
         15, 17, 16, 18, 19, 30, 17, 19, 17, 18, 20, 19, 21, 29, 20, 22, 21, 23,
         22, 24, 28, 23, 25, 26, 27, 24, 24, 24, 23, 29, 20, 28, 14, 17,  6,  9,
         32, 31]], device='cuda:0')

Edge index shape: torch.Size([2, 74])
