Test set index: 112

Target Class: 0

Target compound: TARGET

Sum of Shapley Values: 0.7613058472176248

Shapley values:
0.005349039648760323
-0.00550841261158987
0.016551347188887285
0.0003049299723397464
-0.04026936083460055
-0.08720187835303164
0.01472454563690821
0.01200572559997501
-0.055058476340864033
-0.037456798709511255
-0.006222844339588871
0.019131197797014464
0.0017968071572008171
0.0012806353729005338
-0.04483173042494912
-0.025531911110264777
0.053279995212151654
-0.003988384172824544
0.0016997258884227052
0.06660919998718404
-0.026274236816257898
-0.027926068077371653
0.01733691341933013
0.061519509627521306
-0.003275590978362448
-0.0007318405183764299
-0.00764507955474612
0.01142726229150878
-0.010577065356255905
0.04636459585506415
0.18939108504655816
-0.02297092991831563
0.09714922151746194
0.030586251967953754
0.10998052551347566
-0.013297037728178876
-0.00263093032502411
-0.010578802654021259
0.03778897504403694
0.00024315665551512212
-0.018931300981117262
-0.009141806635095158
0.00805687803990736
-0.0001959520578797358
0.031028685818731104
0.017116567539029858
0.030331122975579206
-0.046102103066839956
-0.01365046530366385
-0.012567294803574072
0.035198324089322455
-0.005624562787141077
0.0278122024867443
0.025747932398106226
-0.01725787363448802
0.009025755232343892
-0.021555949978719183
-0.02387870371123199
0.00511528755025668
0.039280531420882975
0.0006991171766412663
-0.004748234584168287
-0.02664770216503939
-0.0059780373467944155
0.0326612755318825
0.03395722124934103
0.017917366615582984
-0.00977166801631938
0.1170766231523785
0.01217493284180776
0.01431156254928652
0.011141430483000788
0.20575647870923988
-0.05959506114640433

Edge Index:
tensor([[ 0,  1,  1,  1,  2,  2,  3,  3,  4,  4,  5,  5,  5,  6,  6,  6,  7,  7,
          8,  8,  9,  9,  9, 10, 10, 11, 11, 12, 12, 13, 13, 14, 14, 14, 15, 15,
         16, 16, 17, 17, 17, 17, 18, 18, 19, 19, 19, 20, 20, 20, 21, 21, 22, 22,
         23, 23, 23, 24, 24, 24, 24, 25, 26, 27, 28, 28, 29, 29, 30, 30, 31, 31,
         31, 32],
        [ 1,  0,  2,  5,  1,  3,  2,  4,  3,  5,  1,  4,  6,  5,  7, 31,  6,  8,
          7,  9,  8, 10, 31,  9, 11, 10, 12, 11, 13, 12, 14, 13, 15, 30, 14, 16,
         15, 17, 16, 18, 19, 30, 17, 19, 17, 18, 20, 19, 21, 29, 20, 22, 21, 23,
         22, 24, 28, 23, 25, 26, 27, 24, 24, 24, 23, 29, 20, 28, 14, 17,  6,  9,
         32, 31]], device='cuda:0')

Edge index shape: torch.Size([2, 74])

Pertinent negative set:

[72, 30, 68, 34, 32]
tensor([[31, 13, 30, 15, 14],
        [32, 14, 14, 14, 15]], device='cuda:0')

Pertinent positive set:

tensor([[14, 30,  9, 13, 15, 14, 17, 30],
        [15, 14, 10, 14, 14, 30, 16, 17]], device='cuda:0')
