Test set index: 112

Target Class: 0

Target compound: TARGET

Sum of Shapley Values: 0.9598265066766121

Shapley values:
-0.016583195246870578
0.0036114878443246675
0.029575124372871384
-0.003367156761477544
-0.0030738293974006924
-0.030285967608698797
0.027642695749628944
0.012789003591690582
-0.03207760352124761
-0.021143811027272613
0.005514832590232585
0.028117301734326555
-0.00021356912115864612
0.008291252045085564
-0.0030858438821361922
-0.013631201504597713
0.005564816751039159
-0.004164532898680053
0.0003348365022948177
0.03388826097161158
-0.0016552686780054618
0.010136742550124957
-0.02559021257406283
0.006192311178844889
-0.0011426722033428477
0.002140595094696831
-0.008978248650128109
0.024898966883314243
-0.010138599563589852
0.058681541772689395
0.00897415832937995
0.022235084991358782
0.24697929656824008
0.10213265959398496
0.044111733341045865
0.023589265086268005
0.00857147934035401
-0.0232390938833253
0.051513186790733904
0.040053037606607375
0.002399457066652945
0.003622290413556167
-0.0017081236046622272
-0.007258349389964396
0.04148136975897677
0.039934166059804724
0.02746529861908321
0.041995346029647856
-0.007525916621296097
-0.002337680350656213
0.020762984257918875
-0.0190060188546743
0.010303702007185316
-0.008600799195050942
-0.013023092093084648
-0.03160785850493519
0.004698022982674739
0.008801684347625422
-0.006530976596757105
-0.005364281280507071
0.00691746960577529
0.03377190639504161
0.0074839192023554236
0.0069599162965420435
-0.011382572722923772
-0.0026785028464406425
-0.0007559201508774041
-0.0006469024846422662
0.07402335836271062
0.06521635071189355
0.015397304286319309
0.020753584591769722
0.08160539809043507
-0.04250889247163861

Edge Index:
tensor([[ 0,  1,  1,  1,  2,  2,  3,  3,  4,  4,  5,  5,  5,  6,  6,  6,  7,  7,
          8,  8,  9,  9,  9, 10, 10, 11, 11, 12, 12, 13, 13, 14, 14, 14, 15, 15,
         16, 16, 17, 17, 17, 17, 18, 18, 19, 19, 19, 20, 20, 20, 21, 21, 22, 22,
         23, 23, 23, 24, 24, 24, 24, 25, 26, 27, 28, 28, 29, 29, 30, 30, 31, 31,
         31, 32],
        [ 1,  0,  2,  5,  1,  3,  2,  4,  3,  5,  1,  4,  6,  5,  7, 31,  6,  8,
          7,  9,  8, 10, 31,  9, 11, 10, 12, 11, 13, 12, 14, 13, 15, 30, 14, 16,
         15, 17, 16, 18, 19, 30, 17, 19, 17, 18, 20, 19, 21, 29, 20, 22, 21, 23,
         22, 24, 28, 23, 25, 26, 27, 24, 24, 24, 23, 29, 20, 28, 14, 17,  6,  9,
         32, 31]], device='cuda:0')

Edge index shape: torch.Size([2, 74])

Pertinent Negative Set:
Pertinent set indices on edge ranking: [32, 33, 72, 68]
Pertinent set edge index: tensor([[14, 14, 31, 30],
        [15, 30, 32, 14]], device='cuda:0')
Pertinent Positive Set:

Pertinent set edge index: tensor([[14, 14, 31, 30, 30],
        [15, 30, 32, 14, 17]], device='cuda:0')