Test set index: 112

Target Class: 0

Target compound: TARGET

Sum of Shapley Values: -0.06637356256834666

Shapley values:
-0.001805628389120102
0.010495738172722894
0.0006917375326156616
0.0019368314277380704
-0.023088239878416062
0.0020512976683676244
-0.0006843194738030433
0.005610839724540711
-0.02621515085134888
-0.04216186182573438
-0.0069034604728221895
0.011085989028215408
-0.004141884446144104
0.0010541856288909912
-0.018307231926446548
-0.002734048962593079
0.010536957886070014
-0.0002023283750168048
0.004870690405368805
0.018337343267921823
-0.011530210673809051
0.002603570365754422
-0.004282773733139038
-0.0003945220673631411
-0.011012421660125256
0.019172537587583065
0.0052714931964874265
0.0025321189989335833
0.007512078881263733
0.001233543858406847
0.006506166714243591
0.0031242515973281117
0.016161022037267686
0.006334196235984564
0.006966280341148376
-0.0001919982396066189
-0.000979651603847742
0.00023783743614330888
0.00038281232118606565
-0.0007665908336639404
-0.0018965128809213638
-0.0008520732168108225
0.0013951574079692365
-0.001000843346118927
0.001182933747768402
0.0007929598353803158
0.00038194894790649414
-0.001515049636363983
-0.0017492078430950643
-0.003654977190308273
0.0008206774380232673
-0.00035622901162156494
0.00046095579862594606
-0.0009772683680057525
-0.0013257351517677307
-0.0033774684826494194
-0.001976035023108125
-0.00014542006421834231
-0.04967800770653412
-0.036394900769737434
-0.033601048402197194
0.010686847809702159
0.005871912464499474
0.0387343291300931
0.0017571711540222167
0.0004052025079727173
0.0016074758768081666
-1.4544210862368346e-05
-0.002847417017289615
0.003544926794274943
0.004642022335901857
0.009786383844912053
0.005825111459125764
-0.0022140377009054646

Edge Index:
tensor([[ 0,  1,  1,  1,  2,  2,  3,  3,  4,  4,  5,  5,  5,  6,  6,  6,  7,  7,
          8,  8,  9,  9,  9, 10, 10, 11, 11, 12, 12, 13, 13, 14, 14, 14, 15, 15,
         16, 16, 17, 17, 17, 17, 18, 18, 19, 19, 19, 20, 20, 20, 21, 21, 22, 22,
         23, 23, 23, 24, 24, 24, 24, 25, 26, 27, 28, 28, 29, 29, 30, 30, 31, 31,
         31, 32],
        [ 1,  0,  2,  5,  1,  3,  2,  4,  3,  5,  1,  4,  6,  5,  7, 31,  6,  8,
          7,  9,  8, 10, 31,  9, 11, 10, 12, 11, 13, 12, 14, 13, 15, 30, 14, 16,
         15, 17, 16, 18, 19, 30, 17, 19, 17, 18, 20, 19, 21, 29, 20, 22, 21, 23,
         22, 24, 28, 23, 25, 26, 27, 24, 24, 24, 23, 29, 20, 28, 14, 17,  6,  9,
         32, 31]], device='cuda:0')

Edge index shape: torch.Size([2, 74])

Pertinent Negative Set:
