Test set index: 112

Target Class: 0

Target compound: TARGET

Sum of Shapley Values: 1.0363258543167932

Shapley values:
-0.06577965548842785
0.06370023450402335
0.04510375628974783
0.016512545047600524
-0.045367625995129036
-0.040925927933937005
0.04725203635239656
0.06949564221758103
-0.02979602491076464
-0.029840690388691832
-0.0009817519903405176
0.09663259320946971
0.012999810704478733
-0.030491618046555268
-0.0036969009985765577
-0.003777072740909677
-0.037040230078561664
-0.0074253358419304385
0.009125744927356355
0.00882119690708381
-0.010802335005161754
-0.02519875109853247
-0.0026555228813857057
0.019195639831244896
-0.0517421818831377
0.07260225363474898
0.03359303852901053
0.011139382401072621
0.032723398923897175
-0.009246510534628936
0.06302631741837748
0.030927004158577777
0.2158302273343124
0.11405464771526505
-0.04868460051397576
0.055902485653005624
0.013272654420675885
-0.066128597409611
0.15368742907966854
0.06965395969486618
-0.010984761586363133
0.0064835301973390005
-0.02617323178202824
-0.039919226457923195
0.04213237235966515
0.1479757887857472
0.0022185733818149886
0.011732894060210141
-0.004590004204966729
-0.004569431250230518
0.009018555646612362
0.0009104623912291826
0.0006512598278968282
-0.0011516174281016372
0.0005796598113181795
0.007709731234159571
-0.0012777680335287855
0.02171698696455412
-0.07362293135385815
-0.0417330822098177
-0.028801071194696274
0.10021281559541748
0.07259983898472643
0.06511425771347865
0.002214027434672225
0.0020465440396155586
0.012144253485766265
-0.0009856480830347104
0.020667113737828514
-0.0028709404798122006
-0.008061640434155286
-0.002906437771665474
0.006380306924317023
0.005794008796402992

Edge Index:
tensor([[ 0,  1,  1,  1,  2,  2,  3,  3,  4,  4,  5,  5,  5,  6,  6,  6,  7,  7,
          8,  8,  9,  9,  9, 10, 10, 11, 11, 12, 12, 13, 13, 14, 14, 14, 15, 15,
         16, 16, 17, 17, 17, 17, 18, 18, 19, 19, 19, 20, 20, 20, 21, 21, 22, 22,
         23, 23, 23, 24, 24, 24, 24, 25, 26, 27, 28, 28, 29, 29, 30, 30, 31, 31,
         31, 32],
        [ 1,  0,  2,  5,  1,  3,  2,  4,  3,  5,  1,  4,  6,  5,  7, 31,  6,  8,
          7,  9,  8, 10, 31,  9, 11, 10, 12, 11, 13, 12, 14, 13, 15, 30, 14, 16,
         15, 17, 16, 18, 19, 30, 17, 19, 17, 18, 20, 19, 21, 29, 20, 22, 21, 23,
         22, 24, 28, 23, 25, 26, 27, 24, 24, 24, 23, 29, 20, 28, 14, 17,  6,  9,
         32, 31]], device='cuda:0')

Edge index shape: torch.Size([2, 74])

Pertinent Negative Set:
Pertinent set indices on edge ranking: [32, 38, 45, 33, 61]
Pertinent set edge index: tensor([[14, 17, 19, 14, 25],
        [15, 16, 18, 30, 24]], device='cuda:0')
Pertinent Positive Set:

Pertinent set edge index: tensor([[14, 17],
        [15, 16]], device='cuda:0')