Test set index: 741

Target Class: 0

Target compound: TARGET

Sum of Shapley Values: 0.8715706369093961

Shapley values:
0.002317446410344015
-0.030781993818526216
-0.022704823370171736
-0.10046197604073319
0.040497539043927555
0.020345894337848183
0.0002652805445566288
0.04667893638296882
0.026192484656861244
-0.015209269304055067
-0.035765517554049865
0.02781012939724681
0.006975560060207877
0.021441015961795172
0.05363883094305403
0.0036784241949326985
0.0262041824274275
0.02139442470863169
0.07270548315824223
0.0584994542828971
0.011597232122245988
-0.025017276103950433
-0.006906372999781275
0.029838493935099887
-0.007828729460183094
0.046836054293414635
0.03952205297580112
0.04799092560198974
0.027077699713807673
0.014301828899461737
0.013157982614345578
0.027638237166348535
0.06658976005883414
0.18031146594891503
0.1263502368103389
-0.013529683855770176
0.0025739223163504877
-0.007271370834639641
0.0015534184944509064
0.029795084060673632
0.005789247403031684
0.043812407823381555
-0.04588924187941365
0.008167687132058576
0.005519146594780543
-0.007869717844214573
0.016109117490997527
-0.02398473653430125
-0.016034625736172883
0.02253012448806476
-0.017391159021578406
0.0023008355287678114
0.01657238941191382
-0.0038006873534137103
-0.00526757525367515
0.004094073380514407
-0.017801918197610945
0.007633697213181502
-0.003285573145641753
0.005648939980966575
-0.00040351083868159834
0.003387881294628597
-0.007240677292145228
-0.0004915383016864501
-0.006021397618197393
0.0378146028789586
0.06878247159439102
-0.037132856984378904
-0.012195237689408792
0.007412132395853742
-0.01655595039248517
0.009059818199752054

Minimal top-k Set:
Set indices on edge ranking: [33, 34, 18, 66]
Set edge index: tensor([[15, 15,  9, 29],
        [16, 29,  8, 28]], device='cuda:0')
FID+: 0.9261889606714249

Pertinent Positive Set:

Pertinent set edge index: tensor([[15, 15,  9, 29, 15,  9,  7, 12, 12,  3, 18,  2, 12, 29],
        [16, 29,  8, 28, 14, 10,  6, 30, 11,  5, 28,  1, 13, 15]],
       device='cuda:0')
FID-: 0.16423046588897705
Minimal top-k Set GNNExplainer:
Set indices on edge ranking: [33, 13, 66, 19, 64, 21, 47, 18, 30, 57, 26, 37]
Set edge index: tensor([[15,  6, 29,  9, 28, 10, 21,  9, 14, 25, 12, 17],
        [16, 31, 28, 10, 29,  9, 20,  8, 13, 26, 13, 16]], device='cuda:0')
FID+: 0.9329271540045738

Pertinent Positive Set GNNExplainer:

Pertinent set edge index: tensor([[15,  6, 29,  9, 28, 10, 21,  9, 14, 25, 12, 17,  6, 28, 12,  7, 15,  7,
         15, 18, 13, 11, 23, 22],
        [16, 31, 28, 10, 29,  9, 20,  8, 13, 26, 13, 16,  5, 18, 11,  6, 14,  8,
         29, 17, 12, 10, 22, 21]], device='cuda:0')
FID-: 0.014312207698822021