Test set index: 741

Target Class: 0

Target compound: TARGET

Sum of Shapley Values: 1.0806506731760055

Shapley values:
0.06261031415233233
-0.02401886451784484
-0.04950086060113613
-0.007769463220284513
0.054039859224008696
-0.004330267077931449
0.060957894359475795
0.034997818155856265
-0.018035958518593402
-0.01001287536268904
-0.06433297562340483
0.03883750166526852
0.0022923109853421634
0.0009543646863644658
0.03195874601734064
0.018733733171686265
-0.005267943324177068
0.02732929794529096
0.006935736670915685
0.026544942805119116
0.018831798740136355
-0.012083112778574585
-0.0010750709728063253
-0.0027496887858426133
-0.004531682066334138
0.022822311076206993
-0.029251124787027863
0.01712605199194783
0.04520274317121803
0.008991896603788617
0.03370449611862491
0.034168297177206625
0.09140653404192987
0.15363213984539764
0.20495061082576252
0.046910686434301116
0.03664520078550754
0.006021122790329509
0.007878101125802478
0.049474354161383106
-0.0009906947881633196
0.07112785432190301
-0.043896352079584776
-0.0045614165775065855
0.000620936945517814
-0.01044282574105309
0.0175100531860036
-0.019330589131204123
-0.014236038468892605
0.009532629499288337
-0.004386653203241406
3.7434603816919825e-05
0.011503970570202152
-0.0015665615871441822
0.0021557617553038897
0.001031558792946464
-0.007798396349234483
-0.0009414384450532098
-0.0037142461250966596
0.005774821976621889
-0.0016866658383532203
-0.00021360777462480198
-0.0015625109269916187
-0.0062575739301561325
-0.00542216130193156
0.022159907861865655
0.09931866602205618
0.008904427801954768
-0.020392217474823303
0.014307323975424578
0.018644605530696114
0.03442169298356164

Minimal top-k Set:
Set indices on edge ranking: [34, 33, 66]
Set edge index: tensor([[15, 15, 29],
        [29, 16, 28]], device='cuda:0')
FID+: 0.8386019319295883

Pertinent Positive Set:

Pertinent set edge index: tensor([[15, 15, 29, 15, 18,  0,  3,  2, 18, 16],
        [29, 16, 28, 14, 28,  1,  4,  1, 17, 15]], device='cuda:0')
FID-: 0.00011599063873291016
Minimal top-k Set GNNExplainer:
Set indices on edge ranking: [71, 30, 28, 62, 69, 41, 11, 60, 13, 32, 66, 16]
Set edge index: tensor([[31, 14, 13, 27, 31, 18,  6, 27,  6, 15, 29,  8],
        [30, 13, 12, 26,  6, 28,  5, 19, 31, 14, 28,  7]], device='cuda:0')
FID+: 0.9998710692598252

Pertinent Positive Set GNNExplainer:

Pertinent set edge index: tensor([[31, 14, 13, 27, 31, 18,  6, 27,  6, 15, 29,  8, 24,  8,  9,  6, 28, 12,
          9],
        [30, 13, 12, 26,  6, 28,  5, 19, 31, 14, 28,  7, 23,  9, 10,  7, 18, 30,
          8]], device='cuda:0')
FID-: 0.013753414154052734