Test set index: 741

Target Class: 0

Target compound: TARGET

Sum of Shapley Values: 0.9464676080213187

Shapley values:
-0.021024923273860897
0.00997311723453297
0.15903955845277032
-0.02901532199330203
-0.08704220547029695
0.1522077848102161
0.15880051182835112
-0.020384067458070563
-0.04476304882088078
0.044224844221840254
-0.024843003130115737
0.05489613997505709
0.008038319529762665
0.007968293759494474
0.013473547493208378
-0.0007573745836406731
0.0027739276163212014
0.020474548258516103
0.014789614184430797
0.003953625049321598
0.00019511404343344933
-0.0073165465837303455
-0.013238423910760291
0.0018202634501619096
-0.007060772668618003
0.012820904953887642
-0.042630007024765444
0.00373523739750965
0.029984608735386845
-0.022449880367654246
0.05785077262256325
0.016437655048088116
0.09765412265683983
0.06771532114677123
0.1104279653210201
0.03653180153493765
0.06018928082172706
-0.02009385534730818
0.04821006008004509
-0.042572648319340774
0.008257120963159755
0.047494669101489626
-0.07117660739774982
0.027963481653525232
-0.0036645647511881468
-0.035101057583652034
-0.007601514050486469
-0.005340286480245896
-0.023476645293443132
0.09620723030946061
-0.0033338150626025277
0.002858202309597344
0.013270796797154549
-0.025369526516379994
7.062339094400683e-05
-0.004452444757893925
-0.0001539309821344055
0.015250555104322092
-0.01857354496791806
0.0003149002375038243
0.012810963706230012
-3.3316609208715874e-05
-0.006176977537267756
0.06723372704814044
-0.010999099801180119
-0.011685449514731485
0.06931278666123065
-0.01324199441902469
0.007067076374033945
0.0028155198571706984
6.939970519025354e-05
0.004856469253422982

Minimal top-k Set:
Set indices on edge ranking: [2, 6]
Set edge index: tensor([[1, 3],
        [2, 4]], device='cuda:0')
FID+: 0.750066414475441

Pertinent Positive Set:

Pertinent set edge index: tensor([[ 1,  3,  3, 15, 15, 22, 29, 15, 28, 16, 14,  6, 17],
        [ 2,  4,  1, 29, 14, 21, 28, 16, 18, 17, 13,  5, 18]], device='cuda:0')
FID-: 0.42215949296951294
Minimal top-k Set GNNExplainer:
Set indices on edge ranking: [30, 49, 28, 41, 43, 62]
Set edge index: tensor([[14, 22, 13, 18, 19, 27],
        [13, 21, 12, 28, 20, 26]], device='cuda:0')
FID+: 0.8829308375716209

Pertinent Positive Set GNNExplainer:

Pertinent set edge index: tensor([[14, 22, 13, 18, 19, 27,  6,  8,  6,  8,  6, 13, 29,  9,  7, 15, 22, 28,
          7, 23, 12, 27, 12, 27, 16],
        [13, 21, 12, 28, 20, 26,  5,  9,  7,  7, 31, 14, 28,  8,  6, 14, 23, 18,
          8, 22, 30, 19, 11, 22, 15]], device='cuda:0')
FID-: 0.03465688228607178