Interaction name: 5kr2

Predicted class: 1
Predicted probability: 0.8700709342956543
Sum of phi edges: 0.8705817312002182

Interaction statistics:

Number of total edges connecting protein pseudo-atoms: 12
Number of total edges connecting ligand pseudo-atoms: 135
Number of total edges connecting protein and ligand pseudo-atoms: 95

Pertinent positive set edge index: tensor([[13, 62, 45, 55, 46, 46, 59, 36, 32, 25, 49, 52, 53, 30, 39, 46, 22, 27,
         18, 32,  5, 10, 47, 13, 37, 62, 13, 52,  2, 45, 18, 60,  6, 61, 18, 60,
         38, 22, 62, 17, 48, 14, 54, 38, 17, 54, 53,  9, 38, 52, 40, 61, 18, 17,
         34, 26, 62, 52, 53, 18, 17, 41,  3, 27, 41, 54,  1, 59, 37, 22, 46, 50,
         36, 52, 40, 57, 44, 36, 19,  1, 27, 29, 19, 59,  4, 34, 33, 22, 15, 40,
         18, 22,  9, 17, 29, 15, 59, 52, 46, 24, 39, 59, 48, 59, 29, 27, 36,  0,
          0, 40, 26, 19, 36],
        [31, 13, 30, 28, 35, 16, 19, 52, 31, 49, 33, 28, 51, 47,  2, 39, 62, 61,
          5, 14, 40, 42, 30,  6, 16, 38, 37, 27, 41, 56, 60, 34, 29, 23, 45, 57,
         58, 50, 22,  9, 17, 32, 20, 60,  0, 21, 27, 17, 45, 36,  1, 35, 54, 47,
          6,  5, 16, 19, 28, 52, 60,  5,  7, 28, 52, 27, 15, 18, 57, 36, 29, 54,
         59, 41,  5, 14, 46, 12,  8, 30, 46, 59,  2, 31, 10, 30, 10, 35, 31,  2,
          2, 25,  6, 54, 46,  1, 13, 22, 18, 33,  0, 36, 20, 22,  9, 55, 46, 40,
         39,  3, 53,  5, 48]], device='cuda:0')

FID- using pertinent positive set: 0.25006431341171265

Number of pertinent positive edges connecting protein pseudo-atoms: 6 (50.0%)
% w.r.t. total number of pertinent positive edges: 7.4%)
Number of pertinent positive edges connecting ligand pseudo-atoms: 26 (19.3%)
% w.r.t. total number of pertinent positive edges: 32.1%)
Number of pertinent positive edges connecting protein and ligand pseudo-atoms: 49 (51.6%)
% w.r.t. total number of pertinent positive edges: 60.5%)

Minimal top k set edge index: tensor([[13, 62, 45, 55, 46, 46, 59, 36, 32, 25, 49, 52, 53, 30, 39, 46, 22, 27,
         18, 32,  5, 10, 47, 13, 37, 62, 13, 52,  2, 45, 18, 60,  6, 61, 18, 60,
         38, 22, 62, 17, 48, 14, 54, 38, 17, 54, 53,  9, 38, 52, 40, 61, 18, 17,
         34, 26, 62, 52, 53, 18, 17, 41,  3, 27, 41, 54,  1, 59, 37, 22, 46, 50,
         36, 52, 40, 57, 44, 36, 19,  1, 27, 29, 19, 59,  4, 34, 33, 22, 15, 40,
         18, 22,  9, 17, 29, 15, 59, 52, 46, 24, 39, 59, 48, 59, 29, 27, 36,  0,
          0, 40, 26, 19, 36, 11,  1, 44, 46,  2, 28, 42, 13,  5,  7, 22,  8, 27,
         20, 13, 10, 27, 14, 50, 29, 18,  6, 16, 45, 19, 30, 27, 60,  8, 29, 30,
         26, 25, 25, 26, 26, 28, 26, 25, 30, 27, 25, 30, 28, 25, 28, 29, 29, 27,
         29, 29, 27, 25, 28, 22, 31, 37, 37, 37, 38, 38, 38, 38, 38, 38, 38, 39,
         39, 50, 40, 49, 42, 42, 44, 45, 45, 46, 46, 46, 49, 47, 48, 48, 37, 50,
         36, 36, 31, 31, 31, 31, 31, 32, 32, 32, 32, 33, 33, 33, 33, 30, 33, 34,
         34, 34, 34, 34, 35, 35, 35, 35, 36, 51, 51, 36, 33, 24, 48, 24, 12,  4,
         12, 12,  4, 13,  3, 24, 13, 13, 14, 14, 14, 12, 15, 15, 15, 16, 61,  2,
         16, 16, 16,  6, 16, 17, 17, 17, 15, 12, 12, 11,  6],
        [31, 13, 30, 28, 35, 16, 19, 52, 31, 49, 33, 28, 51, 47,  2, 39, 62, 61,
          5, 14, 40, 42, 30,  6, 16, 38, 37, 27, 41, 56, 60, 34, 29, 23, 45, 57,
         58, 50, 22,  9, 17, 32, 20, 60,  0, 21, 27, 17, 45, 36,  1, 35, 54, 47,
          6,  5, 16, 19, 28, 52, 60,  5,  7, 28, 52, 27, 15, 18, 57, 36, 29, 54,
         59, 41,  5, 14, 46, 12,  8, 30, 46, 59,  2, 31, 10, 30, 10, 35, 31,  2,
          2, 25,  6, 54, 46,  1, 13, 22, 18, 33,  0, 36, 20, 22,  9, 55, 46, 40,
         39,  3, 53,  5, 48, 10, 37,  9, 27, 40, 51,  7, 62, 22, 42, 59, 10, 54,
         18, 34, 25,  5, 37, 22, 34, 19,  1, 37, 15, 21, 38, 52, 17, 19, 19, 29,
         27, 10, 36, 50, 28, 27, 11, 33, 21, 53, 12, 20, 55, 23, 11, 38, 30, 11,
         21, 20, 26, 22, 26, 23,  1, 15, 31, 32, 19, 20, 21, 29, 30, 34, 54,  5,
         40, 26, 39, 48,  6, 10, 59, 20, 31, 17, 34, 44, 25, 62, 49, 18, 14, 58,
         62, 35, 13, 14, 15, 32, 37, 15, 16, 37, 56, 12, 22, 24, 35, 45, 36, 19,
         20, 21, 29, 38, 24, 25, 33, 62, 22, 53, 28, 33, 49, 62, 36, 35, 18, 18,
         22, 33,  9,  0, 17, 36,  1, 14,  1, 13, 31,  8, 16, 37, 45,  1, 27, 17,
         15, 31, 32,  0, 62,  2,  3,  6, 32,  5,  4, 28,  2]], device='cuda:0')

FID+ using minimal top-k set: 0.3863910436630249

Number of minimal top-k edges connecting protein pseudo-atoms: 6 (50.0%)
% w.r.t. total number of minimal top-k edges: 6.5%)
Number of minimal top-k edges connecting ligand pseudo-atoms: 35 (25.9%)
% w.r.t. total number of minimal top-k edges: 37.6%)
Number of minimal top-k edges connecting protein and ligand pseudo-atoms: 52 (54.7%)
% w.r.t. total number of minimal top-k edges: 55.9%)

Trustworthiness of the explanation: 0.5100090051686275

Number of relevant edges connecting protein pseudo-atoms: 4 (33.3%)
% w.r.t. total number of relevant edges: 8.3%)
Number of relevant edges connecting ligand pseudo-atoms: 12 (8.9%)
% w.r.t. total number of relevant edges: 25.0%)
Number of relevant edges connecting protein and ligand pseudo-atoms: 32 (33.7%)
% w.r.t. total number of relevant edges: 66.7%)

Shapley values for edges: 

(0,1): -0.001130223274230957
(0,3): -0.003487110137939453
(0,6): 0.0
(0,13): 0.0
(0,17): -0.00012399256229400635
(0,39): 2.631545066833496e-05
(0,40): 2.956390380859375e-05
(1,0): 0.0
(1,6): 0.0
(1,13): 0.0
(1,14): 0.0
(1,15): 0.0014926791191101074
(1,16): 0.0
(1,30): 0.0008002519607543945
(1,31): 0.0
(1,34): -0.021383047103881836
(1,37): 1.3530254364013672e-05
(1,40): -0.0057641491293907166
(2,6): 0.0
(2,9): 0.0
(2,17): 0.0
(2,18): -0.02767080068588257
(2,19): -0.011628344655036926
(2,20): -0.0002358555793762207
(2,21): -0.023854762315750122
(2,39): -0.011314302682876587
(2,40): 7.450580596923828e-06
(2,41): 0.021168798208236694
(3,0): -0.0024445801973342896
(3,6): -0.003137648105621338
(3,7): 0.002180635929107666
(3,17): 0.0
(3,40): -8.26716423034668e-05
(4,9): 0.0
(4,10): 0.00047588348388671875
(4,12): -0.011620938777923584
(4,18): 0.0
(4,19): 0.0
(4,41): 0.0
(4,43): 0.0
(5,10): -7.063150405883789e-05
(5,11): 0.0
(5,12): 0.0
(5,18): -0.00363922119140625
(5,19): 0.0
(5,22): 3.993511199951172e-06
(5,26): -1.7285346984863281e-06
(5,27): 0.0
(5,39): 0.0
(5,40): 0.025653332471847534
(5,41): -0.0009516477584838867
(6,0): 0.0
(6,1): 5.960464477539063e-08
(6,2): 0.0
(6,3): -0.02667522430419922
(6,7): -0.0018855929374694824
(6,9): -7.992982864379883e-05
(6,13): -0.00024431943893432617
(6,17): 0.0
(6,29): 0.01838618516921997
(6,34): -0.0009668469429016113
(6,42): 0.0
(7,3): 0.0
(7,6): -0.0008499026298522949
(7,17): 0.0
(7,42): 2.4437904357910156e-06
(8,9): 0.0
(8,10): 1.4901161193847656e-06
(8,12): -0.0017771124839782715
(8,18): 0.0
(8,19): 2.9802322387695312e-08
(9,2): 0.0
(9,4): 0.0
(9,6): 0.00020319223403930664
(9,8): 0.0
(9,17): 0.011194109916687012
(9,18): 0.0
(9,19): 0.0
(9,20): 0.0
(9,21): -0.010093212127685547
(9,29): -0.0004407167434692383
(9,44): -5.91278076171875e-05
(10,4): -0.0016348958015441895
(10,5): 0.0
(10,8): -0.0001342296600341797
(10,11): -0.0014182329177856445
(10,18): 0.0
(10,22): 0.0
(10,25): 1.1920928955078125e-07
(10,33): 0.0
(10,36): -0.0010377168655395508
(10,42): 0.024095386266708374
(11,5): 0.0
(11,10): 1.519918441772461e-05
(11,12): -0.00011408329010009766
(11,22): -0.0005333423614501953
(11,26): 0.0
(11,27): 0.0
(11,28): 0.0
(12,4): 0.0
(12,5): 0.0
(12,8): 0.0
(12,11): -0.0034273266792297363
(12,18): 0.0
(12,22): 0.0
(12,25): -5.960464477539063e-08
(12,33): 0.0
(12,36): -0.0006082653999328613
(13,0): 0.0
(13,1): 0.0
(13,6): 0.0232294499874115
(13,14): 0.0
(13,31): 0.11219429969787598
(13,34): 1.7881393432617188e-07
(13,37): 0.021249741315841675
(13,48): -0.028190195560455322
(13,59): -0.016645997762680054
(13,62): 5.245208740234375e-06
(14,1): 0.0
(14,13): 0.0
(14,16): -2.86102294921875e-06
(14,31): 0.0
(14,32): 0.012510538101196289
(14,37): 5.960464477539063e-08
(14,57): -0.006302401423454285
(15,1): 0.00017261505126953125
(15,16): 0.0
(15,31): 0.00032235682010650635
(15,32): 0.0
(15,37): 0.0
(15,45): 0.0
(15,59): -0.10585153102874756
(16,1): 0.0
(16,14): -0.0006586909294128418
(16,15): 0.0
(16,31): 0.0
(16,32): 0.0
(16,37): 5.960464477539063e-08
(16,46): -2.980232238769531e-07
(16,62): 0.0
(17,0): 0.012389957904815674
(17,2): 0.0
(17,3): 0.0
(17,6): 0.0
(17,7): -0.006371885538101196
(17,9): 0.014678418636322021
(17,45): -0.0013041496276855469
(17,46): 0.0
(17,47): 0.0048510730266571045
(17,48): -5.960464477539063e-08
(17,54): 0.00019812583923339844
(17,60): 0.0026016533374786377
(18,2): 0.0002338886260986328
(18,4): 0.0
(18,5): 0.02680373191833496
(18,8): 0.0
(18,9): 0.0
(18,10): -2.9802322387695312e-08
(18,12): 0.0
(18,19): 5.960464477539063e-08
(18,20): 0.0
(18,45): 0.017313063144683838
(18,46): -0.006197750568389893
(18,48): 0.0
(18,50): -0.0002243518829345703
(18,52): 0.002844393253326416
(18,54): 0.005587756633758545
(18,59): -0.0008358955383300781
(18,60): 0.01887248456478119
(19,2): 0.0005400180816650391
(19,4): -9.310245513916016e-05
(19,5): 2.0802021026611328e-05
(19,8): 0.0008842647075653076
(19,9): 0.0
(19,18): 0.0
(19,20): 0.0
(19,21): 5.960464477539063e-08
(19,29): -0.0024119317531585693
(19,34): 0.0
(19,38): 0.0
(19,52): -0.004903435707092285
(19,59): -0.009742870926856995
(20,2): -4.738569259643555e-05
(20,9): 0.0
(20,18): 2.980232238769531e-07
(20,19): 0.0
(20,21): 0.0
(20,29): -0.016368627548217773
(20,30): 0.0
(20,34): 0.0
(20,38): 0.0
(20,45): 0.0
(20,48): -0.00805695354938507
(20,54): 0.0
(21,2): -0.0004584789276123047
(21,9): 0.0
(21,19): 0.0
(21,20): 0.0
(21,29): 0.0
(21,30): 0.0
(21,34): -2.9802322387695312e-08
(21,38): 0.0
(21,54): -0.001679539680480957
(22,5): -1.642853021621704e-05
(22,10): 0.0
(22,11): -0.004125356674194336
(22,12): 0.0
(22,23): 0.0
(22,24): 0.0
(22,25): 0.00022274255752563477
(22,33): 0.0
(22,35): 0.0003972649574279785
(22,36): 0.0014234334230422974
(22,50): 0.015058040618896484
(22,52): -0.00024771690368652344
(22,53): 0.0
(22,59): 2.1457672119140625e-06
(22,62): 0.02944640815258026
(23,22): 0.0
(23,24): 0.0
(23,25): 0.0
(23,33): 0.0
(23,35): 0.0
(23,36): 0.0
(23,61): 0.0
(24,22): -5.602836608886719e-06
(24,23): 0.0
(24,25): 0.0
(24,33): 7.221102714538574e-05
(24,35): 0.0
(24,36): 0.0
(24,62): 0.0
(25,10): 0.0
(25,12): 0.0
(25,22): 0.0
(25,23): 0.0
(25,24): -8.77678394317627e-05
(25,33): 0.0
(25,35): -0.0011304616928100586
(25,36): 0.0
(25,49): 0.046376585960388184
(25,54): -0.036617934703826904
(26,5): 0.004530906677246094
(26,11): 0.0
(26,27): 0.0
(26,28): 0.0
(26,48): -1.0728836059570312e-06
(26,50): 0.0
(26,51): -0.009784162044525146
(26,52): -0.021671578288078308
(26,53): 2.282857894897461e-05
(26,61): -0.02457296848297119
(27,5): 5.960464477539063e-08
(27,11): 0.0
(27,26): 0.0
(27,28): 0.002076089382171631
(27,46): 0.0007163882255554199
(27,48): -0.0019403398036956787
(27,52): 2.9802322387695312e-08
(27,53): 0.0
(27,54): 3.5762786865234375e-07
(27,55): 3.987550735473633e-05
(27,61): 0.02775488793849945
(28,11): 0.0
(28,26): 0.0
(28,27): 0.0
(28,51): 5.900859832763672e-06
(28,52): -3.975629806518555e-05
(28,53): -2.2351741790771484e-08
(28,55): 0.0
(29,6): -5.960464477539063e-08
(29,9): 4.011392593383789e-05
(29,19): 0.0
(29,20): 0.0
(29,21): 0.0
(29,30): 0.0
(29,34): 5.960464477539063e-08
(29,38): 0.0
(29,46): 0.0001888573169708252
(29,59): 0.000563502311706543
(30,1): -7.152557373046875e-07
(30,20): 0.0
(30,21): 0.0
(30,29): 0.0
(30,34): -0.003328457474708557
(30,38): 4.470348358154297e-08
(30,45): 0.0
(30,47): 0.039351433515548706
(31,1): 0.0
(31,13): 0.0
(31,14): 0.0
(31,15): 0.0
(31,16): -0.0037946850061416626
(31,32): 0.0
(31,37): 0.0
(31,45): -1.1861324310302734e-05
(31,59): -0.021067336201667786
(32,14): 0.026585429906845093
(32,15): 0.0
(32,16): 0.0
(32,31): 0.05263754725456238
(32,37): 0.0
(32,56): 0.0
(33,10): 0.00039752572774887085
(33,12): 0.0
(33,22): 0.0
(33,23): -2.4139881134033203e-05
(33,24): 0.0
(33,25): -5.960464477539063e-08
(33,35): 0.0
(33,36): 0.0
(33,49): 0.0
(34,1): -2.8014183044433594e-06
(34,6): 0.004584789276123047
(34,13): -0.008400112390518188
(34,19): 0.0
(34,20): 0.0
(34,21): 0.0
(34,29): 0.0
(34,30): 0.00047212839126586914
(34,38): 0.0
(34,46): -1.5914440155029297e-05
(34,59): -0.0080491304397583
(34,60): -5.960464477539063e-08
(35,22): -0.00010567903518676758
(35,23): -1.1920928955078125e-07
(35,24): 0.0
(35,25): 0.0
(35,33): 0.0
(35,36): -0.002424106001853943
(35,46): -0.026727259159088135
(35,61): -0.008571207523345947
(35,62): 0.0
(36,10): -3.874301910400391e-06
(36,12): 0.0009001493453979492
(36,22): 0.0
(36,23): -5.960464477539063e-08
(36,24): -0.002668343484401703
(36,25): -0.0024954676628112793
(36,33): 0.0
(36,35): 0.0
(36,46): 3.159046173095703e-05
(36,48): 1.8894672393798828e-05
(36,52): 0.05308789014816284
(36,59): 0.0012774467468261719
(36,62): 0.0
(37,1): -0.014107897877693176
(37,13): -0.0019661635160446167
(37,14): 0.0
(37,15): 0.0
(37,16): 0.022890746593475342
(37,31): 0.0
(37,32): 0.0
(37,57): 0.0014443397521972656
(38,19): 0.0
(38,20): 0.0
(38,21): 0.0
(38,29): 0.0
(38,30): 0.0
(38,34): 0.0
(38,45): 0.010101765394210815
(38,54): 0.0
(38,58): 0.016023576259613037
(38,60): 0.01241236925125122
(38,62): -1.239776611328125e-05
(39,0): 6.955862045288086e-05
(39,2): 0.03927472233772278
(39,5): 0.0
(39,40): 0.0
(39,46): -0.002700209617614746
(40,0): -0.017552509903907776
(40,1): 0.009237974882125854
(40,2): 0.0003031492233276367
(40,3): 2.288818359375e-05
(40,5): 0.001165926456451416
(40,39): 0.0
(41,2): -0.017816439270973206
(41,4): -1.1920928955078125e-07
(41,5): 0.002207815647125244
(41,52): 0.0017525553703308105
(42,6): 0.0
(42,7): 5.602836608886719e-06
(42,10): 0.0
(43,4): -3.5762786865234375e-07
(44,9): 8.881092071533203e-06
(44,46): 0.0010614991188049316
(44,59): 0.0
(45,15): 5.960464477539063e-08
(45,17): -0.0005093216896057129
(45,18): -3.457069396972656e-05
(45,20): 0.0
(45,30): 0.0689774751663208
(45,31): 0.0
(45,38): -0.00038236379623413086
(45,56): 0.01921859383583069
(46,16): 0.06353616714477539
(46,17): 0.0
(46,18): 8.821487426757812e-05
(46,27): 8.761882781982422e-06
(46,29): 0.0013851523399353027
(46,34): 0.0
(46,35): 0.06556260585784912
(46,36): -0.0016077756881713867
(46,39): 0.03625491261482239
(46,44): 0.0
(47,17): -0.013177752494812012
(47,30): 0.023588120937347412
(47,62): 0.0
(48,13): -0.01688547432422638
(48,17): 0.013921022415161133
(48,18): 0.0
(48,20): 6.720423698425293e-05
(48,26): -2.9802322387695312e-08
(48,27): -5.960464477539063e-08
(48,36): 0.0
(48,49): 0.0
(49,25): 0.0
(49,33): 0.041990041732788086
(49,48): 0.0
(50,18): -0.003732725977897644
(50,22): 5.960464477539063e-08
(50,26): 0.0
(50,54): 0.0013415217399597168
(50,58): 0.0
(51,26): -0.006679832935333252
(51,28): 0.0
(51,53): 0.0
(52,18): -1.2755393981933594e-05
(52,19): 0.0035514235496520996
(52,22): 0.00010085105895996094
(52,26): -6.4373016357421875e-06
(52,27): 0.02124202251434326
(52,28): 0.04162922501564026
(52,36): 0.009813427925109863
(52,41): 0.0012363195419311523
(53,22): -0.013072386384010315
(53,26): -0.00014716386795043945
(53,27): 0.011451348662376404
(53,28): 0.0032613277435302734
(53,51): 0.04151517152786255
(54,17): -0.018737196922302246
(54,18): -0.00015822052955627441
(54,20): 0.012466847896575928
(54,21): 0.01150590181350708
(54,25): -0.002568960189819336
(54,27): 0.0016252398490905762
(54,38): 0.0
(54,50): -0.00213836133480072
(55,27): -4.291534423828125e-06
(55,28): 0.06878876686096191
(56,32): -0.0021551847457885742
(56,45): -5.960464477539063e-08
(57,14): 0.0011287331581115723
(57,37): -0.0060164183378219604
(57,60): 0.0
(58,38): -0.003560483455657959
(58,50): 0.0
(59,13): 0.0001583099365234375
(59,15): -0.007104165852069855
(59,18): 0.0014461874961853027
(59,19): 0.05655506253242493
(59,22): 4.571676254272461e-05
(59,29): -1.1324882507324219e-06
(59,31): 0.0004968643188476562
(59,34): 0.0
(59,36): 6.73532485961914e-05
(59,44): -0.006148293614387512
(60,17): 2.9802322387695312e-08
(60,18): 0.0
(60,34): 0.018712729215621948
(60,38): -5.960464477539062e-07
(60,57): 0.016502976417541504
(61,23): 0.017520606517791748
(61,26): -2.9802322387695312e-08
(61,27): 0.0
(61,35): 0.007440298795700073
(62,13): 0.08058235049247742
(62,16): 0.004294335842132568
(62,22): 0.014930099248886108
(62,24): -8.285045623779297e-06
(62,35): -0.0016288310289382935
(62,36): 0.0
(62,38): 0.022604525089263916
(62,47): -0.00011628866195678711
