Test set index: 633

Target Class: 0

Target compound: TARGET

Sum of Shapley Values: 0.8759492935109298

Shapley values:
-0.0759062197276506
0.1059296122575487
0.036701039959495654
0.004222344487773739
-0.007217593945507303
0.009655292826589256
-0.0066879128122877066
-0.013887174162130478
0.02244571469675731
0.011676417775547563
-0.008971020271916555
-0.014123550214688719
-0.00735055950946949
0.001886162625304848
-0.002745884976148725
0.0056395560038205225
0.021928715662286553
-0.0006984913549534133
0.0018081135852803388
0.015950281685679607
0.031137972591330793
0.027639591890227272
0.0025788512611956806
0.011093169921758786
-0.012891122027686393
-0.014422668812709183
0.04107389371200357
0.07370281515877196
0.10628119264500356
0.1194031946681849
0.16052264189423823
0.03415027112813577
0.02356595142016902
0.00669630536676878
-0.00967329708571981
0.0349068658311703
0.016898625415013743
0.04261051657679632
-0.05435247353351201
-0.007051068616320215
0.005730408156786666
0.022783458061066922
0.006024935739254318
-0.0019401689958464985
0.00046284221940585013
-0.0014003765163922766
0.020286718397023406
0.00017368931722685943
-0.0017711828312187094
-0.015182255129759951
0.008881041413566564
-0.006060254557469679
-0.019716397046312496
0.019695631249570123
-0.0015889373038284716
-7.317070439765095e-05
-0.005136611006918024
0.017360266132211623
-0.005671744606721738
-0.009335644775710156
-0.03519743519016555
-0.014300485898550451
0.016435673019839347
-0.014088642393633038
-0.01474627885776286
0.019154173156049902
-0.027113718518177798
0.017231949748368294
0.004775732676200025
-0.002114875411840673
0.05808560119005322
-0.013036539180028735
0.06569100760916605
-0.008570373837714805
-0.029108275272294034
0.01475834121967381
0.022476964359461518
-0.012704448470207375
0.015561201986091096
0.033584081372160096
-0.0020621569660788713
-0.006513138145712375
-0.00385875670382375
0.007580872279468402
0.0010845965128650548
0.0059801262959044265
0.006305437919976242
0.003010337803953291

Minimal top-k Set:
Set indices on edge ranking: [30, 29, 28, 1, 27, 72, 70]
Set edge index: tensor([[13, 13, 13,  1, 12, 31, 30],
        [35, 14, 12,  0, 13, 32, 31]], device='cuda:0')
FID+: 0.9101631119847298

Pertinent Positive Set:

Pertinent set edge index: tensor([[13, 13, 13,  1, 12],
        [35, 14, 12,  0, 13]], device='cuda:0')
FID-: 1.1920928955078125e-07
Minimal top-k Set GNNExplainer:
Set indices on edge ranking: [83, 33, 34, 87, 77, 9, 66, 31, 65, 71, 82, 68, 76, 63, 55, 80, 86, 78, 69, 27, 25, 67, 3, 28, 1, 30, 24]
Set edge index: tensor([[37, 15, 15, 38, 34,  4, 28, 14, 28, 31, 36, 29, 33, 27, 24, 35, 38, 34,
         30, 12, 11, 29,  1, 13,  1, 13, 11],
        [ 4, 14, 16, 37, 16,  5, 29, 13, 27, 30, 37, 30, 31, 28, 23, 34,  1, 35,
         29, 13, 12, 28, 38, 12,  0, 35, 10]], device='cuda:0')
FID+: 0.6683356463909149

Pertinent Positive Set GNNExplainer:

Pertinent set edge index: tensor([[37, 15, 15, 38, 34,  4, 28, 14, 28, 31, 36, 29, 33, 27, 24, 35, 38, 34,
         30, 12, 11, 29,  1, 13,  1, 13],
        [ 4, 14, 16, 37, 16,  5, 29, 13, 27, 30, 37, 30, 31, 28, 23, 34,  1, 35,
         29, 13, 12, 28, 38, 12,  0, 35]], device='cuda:0')
FID-: 0.18649470806121826