Interaction name: 5doh

Affinity: 7.489999771118164
Predicted class: 1
Predicted probability: 0.8091087937355042
Sum of phi edges: 0.6330841968208545

Interaction statistics:

Number of total edges connecting protein pseudo-atoms: 7
Number of total edges connecting ligand pseudo-atoms: 142
Number of total edges connecting protein and ligand pseudo-atoms: 43

Pertinent positive set edge index: tensor([[ 5, 11, 30, 10, 37,  8, 41, 16,  9, 38, 20, 31, 10, 21,  8, 30, 11, 16,
         40, 17, 30, 38, 41, 20, 16, 16, 19, 31, 27, 37, 40, 32, 19, 33,  8,  5,
          8, 19, 12, 20, 38, 28, 10, 10, 42, 42, 38, 21, 28],
        [30, 44,  0, 40, 20, 36, 13, 32, 36, 26, 23,  5, 42, 37, 34,  2, 12, 24,
         25, 24,  5, 19, 18, 10, 14, 39,  7, 30,  8, 21, 10, 33, 38,  7, 43, 31,
         18,  5, 13, 37,  6,  4, 25, 20, 10, 23, 11, 32, 17]], device='cuda:0')

FID- using pertinent positive set: 0.3015591502189636

Number of pertinent positive edges connecting protein pseudo-atoms: 2 (28.6%)
% w.r.t. total number of pertinent positive edges: 4.9%)
Number of pertinent positive edges connecting ligand pseudo-atoms: 14 (9.9%)
% w.r.t. total number of pertinent positive edges: 34.1%)
Number of pertinent positive edges connecting protein and ligand pseudo-atoms: 25 (58.1%)
% w.r.t. total number of pertinent positive edges: 61.0%)

Minimal top k set edge index: tensor([[ 5, 11, 30, 10, 37,  8, 41, 16,  9, 38, 20, 31, 10, 21,  8, 30, 11, 16,
         40, 17, 30, 38, 41, 20, 16, 16, 19, 31, 27, 37, 40, 32, 19, 33,  8,  5,
          8, 19, 12, 20, 38, 28, 10, 10, 42, 42, 38, 21, 28,  6, 32,  0, 33, 41,
          7,  6, 38, 17, 11, 28, 13,  8, 12, 40, 11, 19, 37, 39, 19,  9, 41, 15,
         40, 23, 42, 35, 27, 23, 43, 25,  6,  9, 32, 17,  9,  8, 36, 18,  6, 40,
         41, 11,  7,  6, 20, 21,  8, 21, 12, 13, 44,  3, 14, 39, 25,  5, 35, 21,
          0, 21, 18, 18, 36, 22, 43, 10, 27, 15, 10,  5, 16, 14, 26,  9, 32, 43,
         18, 22, 28, 14, 32, 24, 20, 15, 11, 27, 22, 20, 28, 11,  5, 27, 11, 10,
         22,  7,  5,  5, 23, 20, 27, 21, 13, 26, 28,  4,  6, 18, 15,  3, 12,  5,
          0, 14,  5, 14, 10,  8, 12, 23, 22,  5, 12, 17, 30,  2, 23, 22,  5, 18,
          9,  2,  1,  5, 18, 11, 22, 42, 11, 12],
        [30, 44,  0, 40, 20, 36, 13, 32, 36, 26, 23,  5, 42, 37, 34,  2, 12, 24,
         25, 24,  5, 19, 18, 10, 14, 39,  7, 30,  8, 21, 10, 33, 38,  7, 43, 31,
         18,  5, 13, 37,  6,  4, 25, 20, 10, 23, 11, 32, 17, 38, 16, 30, 32,  6,
         33, 22, 14, 15, 38, 16, 12, 35, 15, 39,  6,  9,  9, 40, 41, 35, 19, 12,
         26, 20, 22, 43, 17, 42, 23, 40, 11, 10, 21, 18, 37, 11,  8, 41, 21, 15,
         21,  8, 19, 41,  3,  3, 32, 18, 11, 44, 13,  7, 38, 16, 10, 16,  9,  0,
          7,  6, 17, 21,  9,  6, 37,  1, 21, 13, 17, 12,  5, 16, 28, 19,  8, 35,
          8, 42, 14, 28, 42, 16,  0, 28, 23, 20, 27, 27, 13, 22, 26, 23, 19,  9,
         21, 34, 27, 23, 27, 18, 22, 22, 14, 14, 15, 28, 19,  5, 14, 21, 18, 17,
         20, 26,  6, 15, 23,  9, 27, 18, 19, 24, 28, 25, 29,  4, 43, 10, 25, 12,
          2,  9, 29, 18, 11,  1, 18, 32,  2, 25]], device='cuda:0')

FID+ using minimal top-k set: 0.34855741262435913

Number of minimal top-k edges connecting protein pseudo-atoms: 6 (85.7%)
% w.r.t. total number of minimal top-k edges: 5.1%)
Number of minimal top-k edges connecting ligand pseudo-atoms: 72 (50.7%)
% w.r.t. total number of minimal top-k edges: 61.5%)
Number of minimal top-k edges connecting protein and ligand pseudo-atoms: 39 (90.7%)
% w.r.t. total number of minimal top-k edges: 33.3%)

Trustworthiness of the explanation: 0.4650375157481869

Number of relevant edges connecting protein pseudo-atoms: 4 (57.1%)
% w.r.t. total number of relevant edges: 6.8%)
Number of relevant edges connecting ligand pseudo-atoms: 22 (15.5%)
% w.r.t. total number of relevant edges: 37.3%)
Number of relevant edges connecting protein and ligand pseudo-atoms: 33 (76.7%)
% w.r.t. total number of relevant edges: 55.9%)

Shapley values for edges: 

(0,7): 0.000986739844083786
(0,20): 0.000106753408908844
(0,21): -1.1920928955078125e-09
(0,30): 0.005483465790748596
(1,2): 2.418041229248047e-05
(1,4): 2.18915194272995e-05
(1,5): -0.005396658182144165
(1,9): -0.0039260140806436535
(1,10): -0.015518604144454003
(1,11): -0.0001395300030708313
(1,23): -0.009769606739282607
(1,29): 4.5632421970367434e-05
(1,30): -5.142033100128174e-05
(2,1): 2.733275294303894e-05
(2,4): 6.775841116905212e-05
(2,9): 4.6352744102478025e-05
(2,11): 1.444891095161438e-05
(2,23): -0.0007788379490375519
(2,29): -0.009197338297963143
(2,30): -0.0008805893361568451
(3,7): 0.0012772293388843537
(3,20): -1.4036893844604492e-05
(3,21): 0.00010837867856025696
(4,1): 1.3223364949226379e-05
(4,2): 8.397772908210755e-06
(4,5): -7.414400577545166e-05
(4,10): -0.004868394136428833
(4,11): -4.8096030950546266e-05
(4,24): -0.0004045717418193817
(4,28): 0.00013731218874454498
(4,31): -0.0008763183653354645
(5,1): -0.0024787405133247374
(5,4): -4.794925451278687e-05
(5,6): 9.216904640197753e-05
(5,10): 1.3441294431686401e-05
(5,11): -4.8478320240974424e-05
(5,12): 0.00058294877409935
(5,16): 0.0011504936963319778
(5,17): 0.00010737292468547821
(5,18): 4.49526309967041e-05
(5,19): -0.00022969827055931093
(5,23): 0.000186457559466362
(5,24): 8.264824748039246e-05
(5,25): 5.0686895847320556e-05
(5,26): 0.00021348997950553894
(5,27): 0.0001928919553756714
(5,28): 8.621811866760254e-06
(5,30): 0.03347022473812103
(5,31): 0.007121180444955826
(6,5): 5.839765071868896e-07
(6,10): -0.00010515376925468445
(6,11): 0.0030161844938993453
(6,12): -5.654692649841309e-06
(6,17): -0.00011837564408779145
(6,18): -1.3505741953849793e-05
(6,19): 0.00013179972767829895
(6,20): -1.8727779388427734e-05
(6,21): 0.002392823547124863
(6,22): 0.005388100445270538
(6,27): -1.4030784368515015e-05
(6,38): 0.005622974708676338
(6,41): 0.0021579524129629133
(7,0): -0.0007109017670154571
(7,3): -0.001473042219877243
(7,19): 0.002166954427957535
(7,20): 1.0541081428527832e-05
(7,21): -4.27602231502533e-05
(7,33): 0.005399178564548492
(7,34): 0.00019314542412757874
(8,9): 9.166844189167023e-05
(8,11): 0.0025217171013355256
(8,18): 0.007102385461330414
(8,19): 1.8897652626037597e-06
(8,20): -4.6193674206733705e-05
(8,21): 2.0280331373214722e-05
(8,22): -8.935853838920593e-05
(8,23): 8.565783500671387e-06
(8,27): -0.000333380326628685
(8,32): 0.0015804830938577652
(8,34): 0.01092215694487095
(8,35): 0.004914537146687508
(8,36): 0.015511008501052857
(8,43): 0.00716535285115242
(9,1): -0.0011246033012866975
(9,2): 4.6679899096488956e-05
(9,8): -5.8973431587219236e-05
(9,10): 0.002887351140379906
(9,11): 4.260241985321045e-06
(9,19): 0.0004513131827116013
(9,22): 2.2594928741455077e-05
(9,23): 3.095388412475586e-05
(9,35): 0.004134517759084701
(9,36): 0.013826533704996109
(9,37): 0.0025533220171928407
(10,1): 0.0006921055167913437
(10,4): -0.0011878523230552673
(10,5): -3.1292438507080077e-09
(10,6): 2.7285516262054445e-06
(10,9): 0.00020596206188201903
(10,11): -7.24906474351883e-05
(10,12): 4.321858286857605e-06
(10,17): 0.0005852948874235153
(10,18): -7.28711485862732e-05
(10,19): 2.634882926940918e-05
(10,20): 0.00611674077808857
(10,22): -7.600389420986175e-05
(10,23): 9.169310331344605e-05
(10,25): 0.0062951773405075075
(10,27): -0.0005220592767000198
(10,40): 0.018911878913640975
(10,42): 0.011608772575855256
(11,1): 4.289567470550537e-05
(11,2): 3.96951287984848e-05
(11,4): 1.4877393841743469e-05
(11,5): 1.4269351959228516e-06
(11,6): 0.00444618858397007
(11,8): 0.0021736685186624525
(11,9): -0.0002852796763181686
(11,10): 1.7054378986358643e-07
(11,12): 0.010833652839064598
(11,18): -8.813589811325074e-06
(11,19): 0.00020818889141082763
(11,22): 0.00021798580884933473
(11,23): 0.000262971967458725
(11,27): -1.1280924081802368e-06
(11,38): 0.00499244399368763
(11,44): 0.029317293912172318
(12,5): 4.917383193969727e-09
(12,6): 2.5031566619873046e-05
(12,10): -1.5048682689666747e-06
(12,11): 0.0015157385170459748
(12,13): 0.0068095532059669495
(12,15): 0.004861988201737404
(12,16): -4.364579916000366e-05
(12,17): -5.1490887999534605e-05
(12,18): 0.00010741010308265686
(12,24): -9.558111429214478e-05
(12,25): 3.8035362958908084e-05
(12,26): -0.0001451721042394638
(12,27): 9.080618619918823e-05
(12,28): 7.607117295265198e-05
(13,12): 0.004976061135530472
(13,14): 0.0001654769480228424
(13,15): -0.00011670216917991638
(13,24): -0.00016679316759109496
(13,25): -0.0002555125206708908
(13,26): -4.854515194892883e-05
(13,28): -0.00028031185269355774
(13,41): -0.0002803806960582733
(13,44): 0.0014958009868860245
(14,13): -1.8142908811569213e-05
(14,15): 9.189158678054809e-05
(14,16): 0.0005785798281431198
(14,24): -3.2434239983558655e-05
(14,25): 3.279142081737518e-05
(14,26): 9.50758159160614e-05
(14,28): 0.00029896438121795654
(14,38): 0.0012159828841686248
(15,12): 0.003592824935913086
(15,13): 0.0005921714007854461
(15,14): 0.00011571332812309266
(15,16): -7.254377007484436e-05
(15,17): -0.0007684794068336487
(15,24): -5.2518248558044434e-05
(15,25): -5.106143653392792e-05
(15,26): -0.00022411152720451356
(15,28): 0.00027857840061187747
(15,40): -3.510937094688416e-05
(16,5): 0.0005801700055599213
(16,12): -1.7877072095870972e-05
(16,14): 0.008897522985935212
(16,15): -0.0002007460594177246
(16,17): -2.0116567611694337e-09
(16,24): 0.010797281339764596
(16,25): 5.451217293739319e-06
(16,26): -9.545184671878815e-05
(16,28): -0.0013012684881687163
(16,32): 0.013872897773981095
(16,39): 0.00864020325243473
(17,5): -2.2351741790771484e-09
(17,6): 1.031339168548584e-05
(17,10): -0.0002603069692850113
(17,12): -2.4667084217071535e-05
(17,15): 0.005250455141067505
(17,16): -1.8821358680725097e-05
(17,18): 0.0026074980199337007
(17,24): 0.010189941674470902
(17,25): 7.337659597396851e-05
(17,26): -3.2384693622589114e-05
(17,27): -0.00018464431166648865
(17,28): -0.00023371011018753052
(18,5): 0.00013040900230407715
(18,6): -1.4616847038269042e-05
(18,8): 0.00035289958119392393
(18,10): 7.271766662597656e-08
(18,11): 4.4146627187728883e-05
(18,12): 4.976667463779449e-05
(18,17): 0.0008966118097305298
(18,19): -4.809930920600891e-05
(18,20): -4.886090755462646e-07
(18,21): 0.0008354952931404114
(18,22): 8.826553821563721e-06
(18,23): -7.450580596923829e-10
(18,41): 0.002408766895532608
(19,5): 0.006870923787355423
(19,6): -1.5740245580673217e-05
(19,7): 0.008330931887030602
(19,8): 2.433359622955322e-07
(19,9): 0.0044257774949073795
(19,10): 9.265542030334472e-06
(19,11): -5.896836519241333e-05
(19,18): -0.00028105705976486203
(19,20): -5.824774503707886e-05
(19,21): -1.0761693120002747e-05
(19,22): -2.029314637184143e-05
(19,23): 2.7084797620773317e-05
(19,27): -0.00013190090656280517
(19,38): 0.007648277729749679
(19,41): 0.0042113478481769565
(20,0): 0.00028708286583423615
(20,3): 0.0018641557544469833
(20,6): 1.722581684589386e-05
(20,7): -0.0005374503880739212
(20,8): -2.4446770548820496e-05
(20,10): 0.0090813909471035
(20,18): 0.00017798781394958495
(20,19): -0.0006061002612113952
(20,21): -0.0008238992840051651
(20,22): -1.4212951064109803e-05
(20,23): 0.012040702402591705
(20,27): 0.0002241237461566925
(20,37): 0.006769734844565392
(21,0): 0.0010037031769752503
(21,3): 0.0015984686464071273
(21,6): 0.000900198370218277
(21,7): -0.0017030256241559983
(21,8): -3.1292438507080077e-09
(21,18): 0.0015257200598716735
(21,19): -0.00011224769055843353
(21,20): -0.00011743366718292237
(21,22): 0.00016560599207878112
(21,27): -0.00023376666009426118
(21,32): 0.005747694447636604
(21,37): 0.011486661732196807
(21,41): -0.00031618371605873107
(22,6): 0.0007653681188821793
(22,8): -1.4901161193847657e-09
(22,9): 5.960464477539063e-10
(22,10): 6.037101149559021e-05
(22,11): 3.6107003688812256e-06
(22,18): 4.112586379051208e-05
(22,19): 8.419930934906007e-05
(22,20): -3.545917570590973e-05
(22,21): 0.0001957276463508606
(22,23): 2.2351741790771484e-09
(22,27): 0.00022773735225200653
(22,42): 0.0003525410592556
(23,1): -0.0027699442207813263
(23,2): -0.0003556469827890396
(23,5): -0.0010883407294750213
(23,8): 6.524473428726196e-07
(23,9): -6.707027554512024e-05
(23,10): 2.384185791015625e-09
(23,11): 3.340095281600952e-07
(23,18): 9.006395936012268e-05
(23,19): -0.00014415070414543153
(23,20): 0.003422667384147644
(23,22): -1.5419721603393555e-06
(23,27): 0.00018462657928466797
(23,42): 0.0032027664035558703
(23,43): 6.433188915252685e-05
(24,4): -0.0023792535811662675
(24,5): 2.2798776626586914e-08
(24,12): 2.1089687943458558e-05
(24,13): -1.8779933452606201e-06
(24,14): 2.1048933267593383e-05
(24,15): -0.00012084290385246277
(24,16): 0.00029016345739364625
(24,17): -0.00018038526177406312
(24,25): 2.8846114873886107e-05
(24,26): -5.405053496360779e-05
(25,5): -4.097819328308106e-09
(25,10): 0.0011521963775157928
(25,12): -3.632664680480957e-05
(25,13): -0.00023698523640632629
(25,14): -0.00021072253584861756
(25,15): -0.000306532084941864
(25,16): -1.0528117418289184e-05
(25,17): -2.450674772262573e-05
(25,24): 2.464205026626587e-05
(25,26): -7.004335522651672e-05
(25,28): -0.0005874427407979965
(25,40): 0.003081379383802414
(26,5): -3.687761723995209e-05
(26,12): 9.37238335609436e-06
(26,13): -0.00018205493688583374
(26,14): 0.0001638193428516388
(26,15): 2.766028046607971e-06
(26,16): -4.918932914733887e-05
(26,17): 1.4879629015922546e-05
(26,24): -1.0209381580352783e-05
(26,25): -0.00018407702445983888
(26,28): 0.0005440275371074676
(26,38): -0.00017947018146514894
(26,40): -0.0001411328464746475
(27,5): -1.043081283569336e-09
(27,6): -2.0116567611694337e-09
(27,8): 0.008082728385925293
(27,10): -5.87204098701477e-05
(27,11): 2.1004676818847657e-06
(27,12): -4.762411117553711e-07
(27,17): 0.0033189231902360917
(27,19): -3.3421814441680907e-06
(27,20): 0.0002572892606258392
(27,21): 0.0006522870063781738
(27,22): 0.00017101839184761048
(27,23): 0.00021225661039352416
(28,4): 0.006612245962023735
(28,5): -3.1292438507080077e-09
(28,12): 3.742784261703491e-05
(28,13): 0.0002232934534549713
(28,14): 0.0003081030398607254
(28,15): 0.00014005035161972047
(28,16): 0.004985343441367149
(28,17): 0.00567188911139965
(28,25): -6.786420941352844e-05
(28,26): -2.4863407015800477e-05
(29,1): -1.6030073165893555e-05
(29,2): -0.008560629785060883
(29,30): -0.00010384351015090942
(30,0): 0.019209550991654396
(30,1): -1.5306919813156128e-05
(30,2): 0.010846969485282899
(30,5): 0.009967922568321227
(30,29): 7.070019841194152e-05
(30,31): -0.0007218831777572632
(31,4): 2.1383166313171388e-08
(31,5): 0.011907680109143257
(31,30): 0.008276242762804031
(32,8): 0.00040919065475463867
(32,16): 0.005608988329768181
(32,21): 0.0026679356396198273
(32,33): 0.00768256701529026
(32,42): 0.0002984181046485901
(33,7): 0.007534171417355537
(33,32): 0.005473019778728485
(34,7): -0.0018693243712186813
(34,8): -0.00021830089390277861
(35,8): -0.00027198612689971924
(35,9): 0.001117306873202324
(35,43): 0.0033505151420831682
(36,8): 0.002471829950809479
(36,9): 0.0007770074158906937
(37,9): 0.004318648800253868
(37,20): 0.018703212067484855
(37,21): 0.008068301528692246
(37,43): -0.0005860313773155213
(38,6): 0.0067420174926519395
(38,11): 0.005860572010278702
(38,14): 0.005330349132418632
(38,19): 0.009699139967560768
(38,26): 0.012071969509124756
(39,16): 0.0011920831352472305
(39,40): 0.004252028986811638
(40,10): 0.008003960773348808
(40,15): 0.002365822494029999
(40,25): 0.010207640379667282
(40,26): 0.003573847785592079
(40,39): 0.004598806500434875
(41,6): 0.005467673540115356
(41,13): 0.01496262900531292
(41,18): 0.00925127811729908
(41,19): 0.003693089336156845
(41,21): 0.0023475247621536255
(42,10): 0.00592576302587986
(42,22): 0.00340921513736248
(42,23): 0.005874560102820396
(42,32): 4.089035093784332e-05
(43,8): -7.343396544456481e-05
(43,23): 0.003127811849117279
(43,35): 0.0003806902468204498
(43,37): 0.0007512938976287842
(44,11): -0.0035999412834644318
(44,13): 0.0013157714158296586
