Interaction name: 5q19

Affinity: 7.320000171661377
Predicted class: 1
Predicted probability: 0.870994508266449
Sum of phi edges: 0.8103014454990626

Interaction statistics:

Number of total edges connecting protein pseudo-atoms: 16
Number of total edges connecting ligand pseudo-atoms: 134
Number of total edges connecting protein and ligand pseudo-atoms: 78

Pertinent positive set edge index: tensor([[46, 54,  8, 31, 34, 13, 14, 11,  5, 10, 39,  9, 34, 37, 27,  5, 19, 58,
         15, 27, 19, 45,  5,  5, 18,  5, 51, 56, 16, 37, 12,  5, 44, 14, 51, 35,
         39, 36,  6, 51, 18, 46, 15, 49, 13, 14, 49, 34, 35, 16,  7, 25, 51, 34,
          5,  6, 21,  5, 58, 11, 14,  8,  5, 30, 54, 21, 10, 51, 21,  8, 12, 33,
         24, 55, 30,  4, 12, 35, 18, 18, 35],
        [22, 24, 47,  4, 10, 53, 40, 50, 56, 48, 28, 38, 26, 10, 57, 29, 57, 12,
         56, 41, 41, 14, 54, 48, 46, 44,  6, 15, 42, 23, 52, 25, 35, 39, 13,  5,
         14, 42, 49,  9, 45, 11, 57, 12, 52, 55, 39, 21, 44, 44, 35, 55, 21,  7,
         26,  1, 43,  0,  7, 46, 45, 19, 35,  1, 23, 36, 37,  8, 34, 37, 49, 10,
         54, 25, 20, 20, 58,  7, 51, 33, 16]], device='cuda:0')

FID- using pertinent positive set: 0.32106608152389526

Number of pertinent positive edges connecting protein pseudo-atoms: 3 (18.8%)
% w.r.t. total number of pertinent positive edges: 4.5%)
Number of pertinent positive edges connecting ligand pseudo-atoms: 9 (6.7%)
% w.r.t. total number of pertinent positive edges: 13.4%)
Number of pertinent positive edges connecting protein and ligand pseudo-atoms: 55 (70.5%)
% w.r.t. total number of pertinent positive edges: 82.1%)

Minimal top k set edge index: tensor([[46, 54,  8, 31, 34, 13, 14, 11,  5, 10, 39,  9, 34, 37, 27,  5, 19, 58,
         15, 27, 19, 45,  5,  5, 18,  5, 51, 56, 16, 37, 12,  5, 44, 14, 51, 35,
         39, 36,  6, 51, 18, 46, 15, 49, 13, 14, 49, 34, 35, 16,  7, 25, 51, 34,
          5,  6, 21,  5, 58, 11, 14,  8,  5, 30, 54, 21, 10, 51, 21,  8, 12, 33,
         24, 55, 30,  4, 12, 35, 18, 18, 35, 57, 34, 36, 37,  4, 57, 51, 16, 30,
         36,  5, 39,  9, 51,  9, 35, 39, 16, 27, 46, 11, 12, 39, 23,  7, 11, 49,
         34, 11,  8, 10, 38, 43, 34, 19,  9, 30, 44,  5, 31, 10, 49, 31, 21, 21,
          6, 33, 27, 58, 37,  5, 16,  6,  7, 23,  5, 45,  6, 18,  6, 43, 16, 30,
          9, 20, 27, 51, 12, 26, 20, 48, 45, 33,  6,  8, 19, 22, 13],
        [22, 24, 47,  4, 10, 53, 40, 50, 56, 48, 28, 38, 26, 10, 57, 29, 57, 12,
         56, 41, 41, 14, 54, 48, 46, 44,  6, 15, 42, 23, 52, 25, 35, 39, 13,  5,
         14, 42, 49,  9, 45, 11, 57, 12, 52, 55, 39, 21, 44, 44, 35, 55, 21,  7,
         26,  1, 43,  0,  7, 46, 45, 19, 35,  1, 23, 36, 37,  8, 34, 37, 49, 10,
         54, 25, 20, 20, 58,  7, 51, 33, 16, 19, 12, 27, 13, 23, 15, 18, 27,  4,
         43, 46, 49, 37, 49, 51, 21, 20, 35, 45,  5, 58, 34, 11, 54, 34, 39, 51,
          9, 49, 51, 33, 42, 19,  6, 43, 33,  8, 16, 28,  2, 34,  6,  5, 35, 51,
         58, 26, 16, 11,  8, 33, 36, 20, 58, 37, 19, 19,  8,  8, 34, 36, 43, 18,
         34, 39, 36, 48,  1,  4, 28, 10, 27,  5, 51, 18,  2, 46, 37]],
       device='cuda:0')

FID+ using minimal top-k set: 0.3883802890777588

Number of minimal top-k edges connecting protein pseudo-atoms: 7 (43.8%)
% w.r.t. total number of minimal top-k edges: 6.5%)
Number of minimal top-k edges connecting ligand pseudo-atoms: 24 (17.9%)
% w.r.t. total number of minimal top-k edges: 22.4%)
Number of minimal top-k edges connecting protein and ligand pseudo-atoms: 76 (97.4%)
% w.r.t. total number of minimal top-k edges: 71.0%)

Trustworthiness of the explanation: 0.49410857581812495

Number of relevant edges connecting protein pseudo-atoms: 5 (31.2%)
% w.r.t. total number of relevant edges: 5.9%)
Number of relevant edges connecting ligand pseudo-atoms: 11 (8.2%)
% w.r.t. total number of relevant edges: 12.9%)
Number of relevant edges connecting protein and ligand pseudo-atoms: 69 (88.5%)
% w.r.t. total number of relevant edges: 81.2%)

Shapley values for edges: 

(0,3): -0.00013974372297525405
(0,5): -0.0031827030703425407
(0,6): 0.00016811035573482513
(0,7): 0.0008224277198314667
(0,18): 0.000181056372821331
(0,19): -0.0007337888702750206
(0,22): -0.0019514403119683266
(0,26): -0.001248294748365879
(0,28): -0.00946914877742529
(0,30): 3.8423165678977964e-05
(0,31): -0.0011807572469115257
(0,32): 5.198679864406586e-05
(1,4): 3.639906644821167e-06
(1,5): 2.593621611595154e-06
(1,6): -0.0076668794453144075
(1,12): -0.0023598543182015417
(1,14): -0.0009615017101168632
(1,20): 0.00015016261488199234
(1,28): -0.006560138091444969
(1,30): -0.0038520921766757965
(1,32): 0.0006654353067278862
(2,16): 0.0004888135939836502
(2,17): 0.0001489386335015297
(2,19): -0.0009119977056980133
(2,21): 8.152753114700318e-05
(2,26): -0.004216211102902889
(2,27): 0.0007228490710258484
(2,31): -0.002692229524254799
(3,0): -0.0005861076712608337
(3,4): -0.000992218255996704
(3,5): -0.0016937378421425819
(3,9): 0.0003746989369392395
(3,10): -0.001606706939637661
(3,17): 0.00021838806569576263
(3,18): 4.584722220897675e-05
(3,19): -0.0010688403993844985
(3,21): -0.003290519565343857
(3,26): 6.568130105733871e-05
(3,31): 0.0002167603000998497
(4,1): -8.087780326604844e-05
(4,3): -7.75812566280365e-05
(4,5): -0.0003543701022863388
(4,6): -0.0015561405569314956
(4,10): 0.0007292399927973747
(4,12): 8.502300828695297e-05
(4,13): 0.0008364396169781684
(4,20): 0.004674993008375167
(4,23): 0.004302192777395249
(4,26): -0.0012478481605648995
(4,28): -0.008497788682579993
(4,30): -0.0003591923788189888
(4,31): -0.0002539665251970291
(5,0): 0.006209434010088444
(5,1): -0.0004314272105693817
(5,3): 0.0007672475278377533
(5,4): -0.0002122468501329422
(5,6): -0.00011572062969207764
(5,8): -2.770226448774338e-05
(5,14): -0.0001526881754398346
(5,18): -5.4740309715270995e-05
(5,19): 0.0022221256792545317
(5,20): -0.0004161924868822098
(5,25): 0.008245663978159427
(5,26): 0.006621481999754906
(5,28): 0.0027704960107803344
(5,29): 0.0121608916670084
(5,30): 1.8606409430503845e-05
(5,31): 0.0005452726781368255
(5,33): 0.002355159968137741
(5,35): 0.005857674516737461
(5,44): 0.009029568396508694
(5,46): 0.00398791516199708
(5,48): 0.01045715868473053
(5,54): 0.01109087087213993
(5,56): 0.014107966646552086
(6,0): 1.2589618563652039e-05
(6,1): 0.006260553263127804
(6,4): -0.0002577732503414154
(6,5): -1.9371509552001954e-09
(6,7): -7.636554539203644e-05
(6,8): 0.0021182098612189293
(6,11): -0.0001512768864631653
(6,18): 0.000775076262652874
(6,20): 0.002317800223827362
(6,22): -0.00036566987633705137
(6,28): -0.0003548102825880051
(6,34): 0.002031865417957306
(6,49): 0.007755392454564572
(6,51): 0.0013376737013459205
(6,58): 0.002472154274582863
(7,0): -9.422674775123597e-06
(7,6): -0.00014993265271186828
(7,11): 7.352810353040695e-05
(7,22): 0.00019494261592626572
(7,28): -4.051998257637024e-05
(7,30): 5.495890974998474e-05
(7,34): 0.003435305133461952
(7,35): 0.006848039925098419
(7,58): 0.002299826517701149
(8,5): -9.046271443367005e-06
(8,6): 0.00072714414447546
(8,14): -0.00013071611523628234
(8,15): -0.0003062494099140167
(8,18): 0.001299191303551197
(8,19): 0.005900508426129818
(8,20): -7.079526782035827e-05
(8,25): 0.00011415392160415649
(8,29): -0.0003737137466669083
(8,30): 0.001224098689854145
(8,37): 0.00514531672000885
(8,47): 0.01855321429669857
(8,51): 0.0031178058683872223
(9,3): -0.00043860822916030884
(9,17): -0.0004356172680854797
(9,18): 0.00016285687685012817
(9,26): -1.313328742980957e-05
(9,31): 0.00025381870567798615
(9,33): 0.0028122270107269285
(9,34): 0.001750490888953209
(9,37): 0.00384556420147419
(9,38): 0.013045005649328232
(9,51): 0.003779205158352852
(10,3): -0.0002511407807469368
(10,4): -5.21540641784668e-10
(10,12): -6.198935210704803e-05
(10,13): 0.00025665991008281706
(10,23): -0.0008548836037516594
(10,24): 0.00015757143497467042
(10,33): 0.0030342474952340126
(10,34): 0.002748611718416214
(10,37): 0.005322700850665569
(10,48): 0.013301605097949505
(11,6): -0.0003013143688440323
(11,7): 0.0001201852411031723
(11,22): -0.00014500904828310013
(11,28): -2.3060403764247893e-05
(11,30): 7.050395011901855e-05
(11,39): 0.0034091391414403913
(11,46): 0.005972239375114441
(11,49): 0.0032034338638186454
(11,50): 0.014383141472935677
(11,58): 0.003572087436914444
(12,1): 0.0016004914417862893
(12,4): 5.497083067893982e-05
(12,10): 2.7048587799072267e-06
(12,13): 6.175227463245392e-05
(12,23): -8.608177304267884e-05
(12,24): -0.00033968985080718995
(12,34): 0.003551364205777645
(12,49): 0.005070666931569576
(12,52): 0.008313371613621712
(12,58): 0.004669062048196793
(13,4): -0.0002790871262550354
(13,10): -0.000539913959801197
(13,12): -0.0001082480326294899
(13,23): -0.0004823312908411026
(13,24): -0.0002562303468585014
(13,37): 0.0012285174429416657
(13,51): -0.00044740237295627595
(13,52): 0.007452756837010383
(13,53): 0.01712792620062828
(14,1): -0.0004466526210308075
(14,5): -1.1130422353744508e-05
(14,8): -0.00016226701438426972
(14,15): -7.691279053688049e-05
(14,20): 2.9994696378707887e-05
(14,25): -0.00014942169189453126
(14,29): 0.00017251044511795043
(14,39): 0.008203107491135597
(14,40): 0.015143557973206044
(14,45): 0.005955095924437046
(14,55): 0.0073514128103852276
(15,8): 7.671773433685302e-05
(15,14): -4.939720034599304e-05
(15,20): -1.2093707919120789e-05
(15,25): 0.0003206894919276237
(15,29): 0.00033806316554546356
(15,56): 0.011481370888650417
(15,57): 0.007616023607552052
(16,2): -0.0014656972885131836
(16,17): -0.00011690244078636169
(16,21): 3.0347928404808045e-05
(16,27): 0.004152406752109527
(16,35): 0.0037436383217573166
(16,36): 0.0023457600548863413
(16,42): 0.008588137663900852
(16,43): 0.0018685683980584145
(16,44): 0.006966609992086887
(17,2): -0.00032602280378341675
(17,3): 0.000277332067489624
(17,9): -0.000810566209256649
(17,16): -0.000747375264763832
(17,18): -0.001146552599966526
(17,19): 1.9330009818077086e-05
(17,21): -3.634795546531677e-05
(17,26): -1.7505064606666563e-05
(17,27): -5.6787021458148955e-05
(17,31): -9.255900979042053e-05
(18,0): -0.00011957608163356781
(18,3): 0.00017173226922750473
(18,5): 7.647439837455749e-05
(18,6): 0.0006094248220324517
(18,8): 0.0021092163398861883
(18,9): 0.0010563219711184502
(18,17): -0.00045182175934314726
(18,19): 0.0002640881389379501
(18,21): -2.9201507568359376e-05
(18,26): -9.685344994068145e-06
(18,27): -0.00010361939668655395
(18,30): 0.0010918211936950684
(18,31): -0.0001348716765642166
(18,33): 0.004519851505756378
(18,45): 0.007693877965211868
(18,46): 0.010455186776816845
(18,51): 0.004610412158071995
(19,0): -6.661340594291688e-05
(19,2): 0.0012820428237318993
(19,3): 6.679791957139969e-05
(19,5): 0.0009662168100476265
(19,8): 0.0010694677382707596
(19,17): 1.1642985045909881e-05
(19,18): 9.685754776000977e-10
(19,21): -0.0005084503814578056
(19,26): -8.720047771930695e-05
(19,27): -8.90752486884594e-05
(19,31): -0.00011365190148353577
(19,41): 0.011315795369446277
(19,43): 0.002835962101817131
(19,45): 0.0011188223585486413
(19,57): 0.011809113584458828
(20,1): 0.00011218465864658356
(20,4): -0.0007378294318914413
(20,5): 1.6391277313232422e-09
(20,6): 8.87300819158554e-05
(20,8): 7.1687996387481686e-06
(20,14): 3.405429422855377e-05
(20,15): 0.000209476500749588
(20,25): -0.00020274806767702101
(20,28): 0.001582002192735672
(20,29): -0.0003281225264072418
(20,30): -0.0003801746666431427
(20,39): 0.001692768670618534
(21,2): -0.000431094653904438
(21,3): 0.0005632685869932175
(21,16): -0.0005422887951135636
(21,17): -0.00021270401775836946
(21,18): 3.7252902984619143e-10
(21,19): 0.00012359440326690675
(21,26): -0.00038495805114507675
(21,27): -1.8332302570343017e-05
(21,31): -4.803583025932312e-05
(21,34): 0.0052088131755590435
(21,35): 0.0025473113358020784
(21,36): 0.005419177711009979
(21,43): 0.006248105838894844
(21,51): 0.0024757410958409307
(22,0): -0.005919161327183247
(22,6): -0.0002084403485059738
(22,7): -1.416712999343872e-05
(22,11): 4.996456205844879e-05
(22,28): 3.8444995880126954e-08
(22,30): -1.8720366060733795e-05
(22,46): 0.0012645259872078895
(23,4): -0.000545969232916832
(23,10): 1.540336757898331e-05
(23,12): 0.0001100778579711914
(23,13): -3.6161765456199647e-06
(23,24): 0.00011086937040090561
(23,37): 0.002249360457062721
(23,54): 0.003481374531984329
(24,10): 0.0005233672261238098
(24,12): -0.000506766177713871
(24,13): 4.8942528665065765e-05
(24,23): 2.7978047728538514e-05
(24,54): 0.005019565634429454
(25,5): -0.000770401656627655
(25,8): 1.2665987014770509e-09
(25,14): 0.00010210148990154266
(25,15): -2.612736076116562e-05
(25,20): -4.8676282167434694e-05
(25,29): 0.0008122798800468445
(25,55): 0.006770174130797386
(26,0): -0.000753604955971241
(26,2): -0.0010021629929542542
(26,3): -0.00016428694128990174
(26,4): 0.0015932642668485641
(26,5): -0.00040602561086416244
(26,9): -0.0013731104508042337
(26,17): -7.404319941997528e-05
(26,18): -3.879129886627197e-05
(26,19): -6.935253739356995e-05
(26,21): 6.457045674324036e-05
(26,27): -0.00010603025555610656
(26,33): 0.0012149696052074432
(26,34): -0.0005120429396629334
(27,2): 0.0006262897700071335
(27,16): 0.002465323694050312
(27,17): -0.000315510593354702
(27,18): -0.00019294291734695435
(27,19): -1.968368887901306e-06
(27,21): 9.690746665000916e-06
(27,26): -8.642368018627167e-05
(27,31): 0.00010981079190969467
(27,36): 0.0016243331879377365
(27,41): 0.011364360190927982
(27,45): 0.0037219204381108285
(27,57): 0.012677545137703418
(28,0): -0.002816323488950729
(28,1): -0.006416656821966171
(28,4): -0.0013332339376211167
(28,5): -0.0003486882150173187
(28,6): -4.647262394428253e-06
(28,7): -6.641682237386704e-05
(28,11): -6.634995341300964e-05
(28,20): -0.0007402629032731056
(28,22): -4.584789276123047e-06
(28,30): -0.0006586537510156631
(28,39): -0.0026989790797233583
(29,5): -0.0018077490478754044
(29,8): 1.1559277772903443e-05
(29,14): -6.996549665927887e-05
(29,15): -6.237640976905823e-05
(29,20): 0.0002585285156965256
(29,25): 8.479654788970946e-06
(30,0): 6.654314696788788e-05
(30,1): 0.005827089212834835
(30,4): 0.004096745103597641
(30,5): 1.1505782604217529e-05
(30,7): 9.222045540809632e-05
(30,8): 0.0027720429375767707
(30,11): 0.00014887452125549315
(30,18): 0.0017589838057756424
(30,20): 0.00470536794513464
(30,22): 0.0002785089612007141
(30,28): -0.00019052781164646148
(31,0): 0.0005211110413074493
(31,2): 0.0027568941935896874
(31,3): 0.0002902913838624954
(31,4): 0.01797295458614826
(31,5): 0.0025766967236995697
(31,9): -0.00022620510309934617
(31,17): 2.5433972477912903e-05
(31,18): -9.746238589286804e-05
(31,19): -3.741830587387085e-06
(31,21): -4.82090562582016e-05
(31,27): -0.00032250478863716126
(32,0): 2.4124234914779664e-05
(32,1): -0.0004958988726139068
(32,34): -0.0004176092892885208
(32,45): -0.0022039521858096124
(33,5): 0.0014921756088733674
(33,9): 0.00021092284470796584
(33,10): 0.005035950653254986
(33,18): 1.6038864850997923e-05
(33,26): 0.0024711379408836366
(33,35): -3.370612859725952e-05
(33,40): -0.0005390416830778122
(34,6): 0.002931109629571438
(34,7): 0.006644952893257141
(34,9): 0.0033248622715473177
(34,10): 0.017850963957607748
(34,12): 0.004374996498227119
(34,21): 0.007242855504155159
(34,26): 0.01280833974480629
(34,32): -0.00031537465751171114
(35,5): 0.007996782511472702
(35,7): 0.004648379907011986
(35,16): 0.004504440128803253
(35,21): 0.003774905651807785
(35,33): -0.00014146298170089722
(35,40): -0.00033539343625307085
(35,44): 0.007171676270663738
(36,16): 9.948104619979859e-05
(36,21): 0.0011058605834841728
(36,27): 0.004358268305659294
(36,42): 0.007768977060914039
(36,43): 0.004005043134093285
(37,8): 0.002380340099334717
(37,9): 0.0007757716998457909
(37,10): 0.012693440914154053
(37,13): 0.004332430213689804
(37,23): 0.008333907164633274
(38,9): -0.0025681591033935545
(38,42): 0.003019920215010643
(39,11): 0.003490120954811573
(39,14): 0.007893159948289395
(39,20): 0.003762163631618023
(39,28): 0.013102932460606098
(39,49): 0.003868233934044838
(40,14): 0.0008377479761838913
(40,33): 1.9238218665122987e-05
(40,35): 0.00019102375954389573
(41,19): -0.0018013136461377144
(41,27): -0.0006838115304708481
(41,47): 4.575017839670181e-05
(41,58): -0.00020065635442733764
(42,16): 0.0007871676981449127
(42,36): -0.0018576467037200927
(42,38): -0.0008091139048337936
(43,16): -0.0007994912192225457
(43,19): 0.0029856733605265616
(43,21): 0.0008761032298207283
(43,36): 0.0019078363850712776
(44,5): -0.00045835666358470914
(44,16): 0.002771381437778473
(44,35): 0.00821395929902792
(45,14): 0.011149208508431912
(45,18): -0.0009689393639564514
(45,19): 0.002153978943824768
(45,27): 0.0015157120302319526
(45,32): -0.0010065000876784325
(46,5): 0.0037178556621074678
(46,11): 0.007622808255255222
(46,18): -0.0006948459148406982
(46,22): 0.021368564888834953
(47,8): -0.004125733375549317
(47,41): 0.0003253568336367607
(47,58): 0.0004693309962749481
(48,5): -0.0006746505945920945
(48,10): 0.001557232141494751
(48,51): -6.573863327503205e-05
(49,6): 0.002700957879424095
(49,11): 0.0002512356638908386
(49,12): 0.007534576654434204
(49,39): 0.007334844283759594
(49,51): 0.003351115919649601
(50,11): -0.0016080085933208466
(50,52): -0.00013881593942642213
(51,6): 0.009018373265862465
(51,8): 0.005248259045183659
(51,9): 0.007734975405037403
(51,13): 0.00811200451105833
(51,18): 0.004240037351846695
(51,21): 0.006764291040599346
(51,48): 0.0016100043058395385
(51,49): 0.0037981335073709486
(52,12): -0.0009399163722991944
(52,13): 0.00023628808557987213
(52,50): 0.0003293574973940849
(53,13): -0.0010735126212239265
(54,5): -0.008775900341570378
(54,23): 0.005808768756687641
(54,24): 0.018805712684988974
(55,14): -0.0008526653796434402
(55,25): 0.004868269711732864
(56,5): -0.0005823252350091934
(56,15): 0.0086549923568964
(57,15): 0.004251413121819496
(57,19): 0.004410686939954758
(57,27): -0.0017670243605971336
(58,6): -3.7449002265930174e-05
(58,7): 0.006018697395920754
(58,11): 0.0023836111277341842
(58,12): 0.011562539786100388
(58,41): -0.00013875722885131836
(58,47): -0.0005092390999197959
