Interaction name: 1o0f

Predicted class: 0
Predicted probability: 0.9555233120918274
Sum of phi edges: 0.03845385789871217

Interaction statistics:

Number of total edges connecting protein pseudo-atoms: 5
Number of total edges connecting ligand pseudo-atoms: 86
Number of total edges connecting protein and ligand pseudo-atoms: 48

Pertinent positive set edge index: tensor([[26],
        [33]], device='cuda:0')

FID- using pertinent positive set: 0.08529496192932129

Number of pertinent positive edges connecting protein pseudo-atoms: 1 (20.0%)
% w.r.t. total number of pertinent positive edges: 100.0%)
Number of pertinent positive edges connecting ligand pseudo-atoms: 0 (0.0%)
% w.r.t. total number of pertinent positive edges: 0.0%)
Number of pertinent positive edges connecting protein and ligand pseudo-atoms: 0 (0.0%)
% w.r.t. total number of pertinent positive edges: 0.0%)

Minimal top k set edge index: tensor([[26, 13, 30, 10, 13, 28, 32, 20, 21, 29, 22, 20, 19, 22, 17, 20, 13, 20,
         23,  8, 14,  2,  4,  4,  7, 10, 27, 23, 10,  9,  6,  8, 20,  7,  5, 14,
         23, 12, 18,  6,  8, 15, 31, 31, 20, 31, 19,  1, 20, 14,  0, 22, 16, 23,
         28,  6,  3, 14, 18, 17, 11,  2, 23,  8,  6,  0, 15,  5, 16,  9, 11, 25,
         15,  1, 11, 28, 26, 25,  4, 21, 17,  8, 21,  4, 16,  6, 15,  6, 18, 15,
          6,  5, 28,  9, 20, 21,  7,  9,  0, 15, 18, 27,  2, 27, 27,  5,  7, 17,
         19,  6,  8, 14,  5, 30,  3, 14, 27,  3,  0,  4,  1, 25,  0,  7,  5,  8,
          3, 25,  9,  1,  3,  8,  9,  2,  4,  5, 22,  5,  4,  1,  3,  2, 11,  3,
          8, 31, 19,  5,  7,  5,  0, 29,  0, 12, 28,  1, 28, 26,  9, 25,  6, 16,
          0,  7, 26, 25,  3,  4, 27, 17,  6,  0,  4,  1,  8,  9,  2, 28,  1,  2,
          9,  6, 22,  6,  8, 28,  0, 26,  0, 31, 20, 23, 22,  6, 18,  4,  6, 26,
         15,  8,  1, 25,  7,  8,  4, 26, 26,  9,  1,  2, 28, 26,  8, 25, 12, 26,
          2,  8,  7, 27,  9, 28,  6, 19, 22, 21, 27, 29,  3, 23, 25,  8,  3, 13,
         16, 31, 20, 18, 28,  7, 12, 17, 25,  7,  7,  5, 20, 20, 21, 33, 10, 23,
         21, 21, 28, 22, 10, 22, 25, 12, 31, 31, 14, 12, 20, 24, 19, 20, 21, 33,
         12, 24, 11, 23, 20, 33, 21, 24],
        [33, 24, 13, 13, 11, 12, 28,  4, 12, 11,  1, 19, 17, 15, 18,  3, 30, 14,
         14, 23, 16, 14, 19, 26, 23, 11,  8, 21, 21, 23, 21, 14, 18, 21, 26, 15,
          6, 29, 19, 23, 22, 14,  5,  9,  5,  2, 18, 22,  0,  1, 26,  6, 15,  8,
         32, 18,  4,  2,  3, 19, 24, 28,  0, 21,  5, 25,  9, 17, 14, 22, 12,  8,
         22,  2, 10, 27,  6,  7, 25,  8,  4, 20,  9, 17,  1, 27,  2, 22, 17, 16,
          7, 27,  5,  7, 17, 10, 12, 27, 15,  8,  5,  5, 25, 28,  6,  3, 31,  6,
          3, 28,  2,  8, 25, 29, 26, 23,  4,  6, 16, 31,  8,  2, 23,  8,  4, 31,
          5,  5, 21, 16, 20, 25, 25, 31,  3, 31,  9, 18, 27, 14, 27, 26, 29, 31,
          9,  3,  4, 28, 20,  6,  1, 30, 28, 21,  9,  0,  0,  0,  1,  3, 26,  0,
         31, 22,  5,  9, 25,  5,  9,  5, 20, 20, 20, 25, 15, 31,  1,  6, 28, 15,
         28, 25,  8, 17,  7, 10,  8,  3,  2,  4, 33,  9,  7,  4, 20, 28, 19, 25,
          0,  0, 26,  6, 27, 27,  6,  2,  4,  8,  9,  8,  2,  1, 26,  0, 24,  8,
          0, 16, 25,  3, 15,  4,  3,  6, 21,  6,  7, 12, 18, 22,  4,  1, 19, 10,
          8,  0,  6,  6,  1,  9, 10, 20,  1, 28,  6, 20,  8,  7,  7, 26, 12,  7,
         23, 22,  7, 23, 28, 20, 26, 11,  7,  8, 20,  7, 23, 12, 20, 21, 20, 20,
         28, 13, 13, 20, 22, 21, 33, 11]], device='cuda:0')

FID+ using minimal top-k set: 0

Number of minimal top-k edges connecting protein pseudo-atoms: 4 (80.0%)
% w.r.t. total number of minimal top-k edges: 5.0%)
Number of minimal top-k edges connecting ligand pseudo-atoms: 53 (61.6%)
% w.r.t. total number of minimal top-k edges: 66.2%)
Number of minimal top-k edges connecting protein and ligand pseudo-atoms: 23 (47.9%)
% w.r.t. total number of minimal top-k edges: 28.7%)

Trustworthiness of the explanation: 0.0

Number of relevant edges connecting protein pseudo-atoms: 3 (60.0%)
% w.r.t. total number of relevant edges: 5.2%)
Number of relevant edges connecting ligand pseudo-atoms: 41 (47.7%)
% w.r.t. total number of relevant edges: 70.7%)
Number of relevant edges connecting protein and ligand pseudo-atoms: 14 (29.2%)
% w.r.t. total number of relevant edges: 24.1%)

Shapley values for edges: 

(0,1): 2.058744430541992e-06
(0,2): -0.00015807092189788817
(0,8): -0.00014272928237915039
(0,15): 0.000139579176902771
(0,16): 8.038282394409179e-05
(0,20): -7.146656513214111e-05
(0,23): 7.057666778564453e-05
(0,25): 0.0003295278549194336
(0,26): 0.0006589210033416748
(0,28): -4.2748451232910156e-06
(0,31): -4.54181432723999e-05
(1,0): -1.1238455772399903e-05
(1,2): 0.00029209911823272703
(1,8): 7.836401462554932e-05
(1,9): -0.00024633824825286865
(1,14): 2.0402073860168458e-05
(1,16): 5.8614611625671386e-05
(1,22): 0.0007001447677612304
(1,25): -8.607447147369384e-05
(1,26): -0.00020642101764678956
(1,28): -0.00010645627975463867
(2,0): -0.0002741539478302002
(2,1): -0.00010438501834869385
(2,8): -0.00025030672550201415
(2,14): 0.0017770183086395263
(2,15): -0.00011050879955291748
(2,25): 0.00012850284576416016
(2,26): 1.4790296554565429e-05
(2,28): 0.00035404562950134275
(2,31): 4.3081045150756834e-05
(3,4): 0.00041206300258636477
(3,5): 6.120681762695313e-05
(3,6): 8.078217506408691e-05
(3,18): -0.0003688246011734009
(3,19): -0.0004132610559463501
(3,20): 5.758702754974365e-05
(3,25): -6.001055240631103e-05
(3,26): 8.765757083892823e-05
(3,27): 1.7687082290649415e-05
(3,31): 6.809830665588379e-06
(4,3): 3.8504600524902344e-05
(4,5): -6.204366683959961e-05
(4,6): -0.00022617518901824952
(4,17): 0.00023475050926208496
(4,19): 0.0015375024080276488
(4,20): -8.42207670211792e-05
(4,25): 0.0002621126174926758
(4,26): 0.0014433306455612182
(4,27): 3.307223320007324e-05
(4,28): -0.0001963019371032715
(4,31): 7.845282554626465e-05
(5,3): 0.00012205064296722413
(5,4): 6.406426429748535e-05
(5,6): 2.1505355834960936e-06
(5,17): 0.0003227007389068604
(5,18): 3.546237945556641e-05
(5,20): -0.000723385214805603
(5,25): 9.073495864868164e-05
(5,26): 0.0009957981109619141
(5,27): 0.00017605543136596678
(5,28): 3.763437271118164e-06
(5,31): 3.669857978820801e-05
(6,3): -0.0003137713670730591
(6,4): -0.00018443882465362548
(6,5): 0.00034236133098602294
(6,7): 0.00018235445022583008
(6,17): -0.00012926578521728514
(6,18): 0.00044667959213256836
(6,19): -0.0001963508129119873
(6,20): -6.998836994171143e-05
(6,21): 0.0011029160022735596
(6,22): 0.00020425677299499512
(6,23): 0.0009451544284820556
(6,25): -0.0001188361644744873
(6,26): -4.2279362678527834e-05
(6,27): 0.0002170717716217041
(6,28): 9.69630479812622e-05
(7,6): -0.0007023471593856812
(7,8): 6.973981857299804e-05
(7,9): -0.0005385065078735351
(7,12): 0.00014461815357208252
(7,20): 2.9975175857543945e-06
(7,21): 0.0010701614618301393
(7,22): -5.076348781585693e-05
(7,23): 0.0013199090957641602
(7,25): -0.00027928650379180906
(7,27): -0.00022208750247955324
(7,28): -0.0006897240877151489
(7,31): 0.00011561095714569092
(8,0): -0.0002042752504348755
(8,1): -0.000396578311920166
(8,2): 9.497463703155518e-05
(8,7): -0.00013217508792877198
(8,9): 6.198883056640625e-06
(8,14): 0.0010885846614837645
(8,15): -9.141266345977784e-05
(8,16): -0.0002753186225891113
(8,20): 0.000248490571975708
(8,21): 0.00035110414028167726
(8,22): 0.0008921849727630615
(8,23): 0.0018166786432266236
(8,25): 5.7064294815063476e-05
(8,26): -0.0002576106786727905
(8,27): -0.00022279977798461914
(8,31): 6.186187267303466e-05
(9,1): -3.382205963134766e-05
(9,7): 0.00016560494899749755
(9,8): -0.00024039089679718018
(9,15): -0.0002816087007522583
(9,21): 5.973637104034424e-05
(9,22): 0.0003144800662994385
(9,23): 0.0011776632070541382
(9,25): 4.784524440765381e-05
(9,27): 0.00014064371585845948
(9,28): -0.00011611878871917725
(9,31): -9.914159774780273e-05
(10,11): 0.0012818586826324463
(10,12): -0.0007948040962219238
(10,13): 0.004273013472557068
(10,21): 0.0012118387222290038
(10,28): -0.0011956512928009034
(11,10): 0.00028985559940338136
(11,12): 0.00031233370304107667
(11,13): -0.0026392680406570434
(11,24): 0.0003619343042373657
(11,29): 8.373260498046874e-06
(12,7): -0.0016828650236129761
(12,10): -0.0006459003686904907
(12,11): -0.0014190113544464112
(12,21): -7.3325634002685545e-06
(12,24): -0.00026999235153198244
(12,28): -0.002256960868835449
(12,29): 0.0009718310832977295
(13,10): -0.00043301522731781006
(13,11): 0.003988733887672425
(13,24): 0.0069882082939147945
(13,30): 0.001889880895614624
(14,1): 0.0006930601596832276
(14,2): 0.0004045277833938599
(14,8): 9.165048599243165e-05
(14,15): 0.0009944111108779908
(14,16): 0.001794455051422119
(14,20): -0.0015755927562713624
(14,23): 8.470475673675537e-05
(15,0): -0.00020394980907440186
(15,2): 0.00021435797214508056
(15,8): 0.00013606250286102295
(15,9): 0.00032497942447662354
(15,14): 0.0008890461921691894
(15,16): 0.00019425749778747558
(15,22): 0.0002981489896774292
(16,0): -4.535675048828125e-05
(16,1): 0.00022261083126068115
(16,8): -0.00047056376934051514
(16,14): 0.0003213518857955933
(16,15): 0.0005522435903549195
(17,4): 0.0002509021759033203
(17,5): -6.501495838165283e-05
(17,6): 0.00010491549968719483
(17,18): 0.0020299035310745238
(17,19): 0.00036839425563812257
(17,20): -0.0006620955467224122
(18,3): 0.00037109315395355224
(18,5): 0.00013427674770355224
(18,6): -0.0005037635564804077
(18,17): 0.00020381510257720946
(18,19): 0.0009589433670043945
(18,20): -0.00019559860229492187
(19,3): 9.796082973480225e-05
(19,4): 3.9595365524292e-06
(19,6): -0.0003201937675476074
(19,17): 0.002318902611732483
(19,18): 0.0007379394769668579
(19,20): -0.0018812203407287597
(20,0): 0.0006946718692779541
(20,3): 0.002001453638076782
(20,4): 0.003353952169418335
(20,5): 0.0007448983192443847
(20,6): -0.0005031329393386841
(20,7): -0.0007264673709869385
(20,8): -0.0007246571779251098
(20,14): 0.0018372303247451783
(20,17): 0.00016520321369171143
(20,18): 0.001084948182106018
(20,19): 0.0024289506673812866
(20,21): -0.0020275527238845827
(20,22): -0.0030427122116088866
(20,23): -0.0018235170841217042
(20,33): -0.00017723441123962402
(21,6): -0.0003448706865310669
(21,7): -0.0007800096273422241
(21,8): 0.0002535909414291382
(21,9): 0.00024021506309509277
(21,10): 0.00014537990093231202
(21,12): 0.003318430781364441
(21,20): -0.0020917463302612305
(21,22): -0.0010037451982498169
(21,23): -0.000857686996459961
(21,33): -0.003949559330940247
(22,1): 0.0030394601821899414
(22,6): 0.0005997604131698608
(22,7): -0.00018430531024932862
(22,8): -0.00012867629528045654
(22,9): 3.65293025970459e-05
(22,15): 0.002051764130592346
(22,20): -0.0012397855520248414
(22,21): -0.0003208547830581665
(22,23): -0.0010996907949447632
(23,0): 0.0003534531593322754
(23,6): 0.0009819114208221437
(23,7): -0.0008274704217910766
(23,8): 0.0005365586280822753
(23,9): -0.00018410801887512208
(23,14): 0.0018247079849243164
(23,20): -0.002648667097091675
(23,21): 0.001224491000175476
(23,22): -0.00037209153175354003
(24,11): -0.005526078343391419
(24,12): -0.001841774582862854
(24,13): -0.002556570768356323
(25,0): -0.00026396095752716063
(25,1): -0.0006747275590896606
(25,2): 7.685184478759765e-05
(25,3): -3.6154389381408694e-05
(25,4): -0.00038426220417022707
(25,5): 6.0890316963195804e-05
(25,6): -0.0002068793773651123
(25,7): 0.0002739214897155762
(25,8): 0.0003026825189590454
(25,9): -5.961537361145019e-05
(25,26): -0.0013140958547592162
(26,0): -3.162980079650879e-05
(26,1): -0.00025426506996154783
(26,2): -0.00022832930088043213
(26,3): -0.00014409542083740234
(26,4): -0.0002336949110031128
(26,5): -5.1093101501464846e-05
(26,6): 0.00027833402156829834
(26,8): -0.0002713751792907715
(26,25): -0.0002031189203262329
(26,33): 0.010251762866973877
(27,3): -0.00028082430362701415
(27,4): 8.373618125915527e-05
(27,5): 0.00013265907764434815
(27,6): 0.00012274324893951416
(27,7): -0.00035140037536621096
(27,8): 0.0012564820051193238
(27,9): -6.346404552459717e-05
(27,28): 0.00012309253215789795
(28,0): -2.8911232948303223e-05
(28,1): -0.0005227959156036377
(28,2): -0.0002533400058746338
(28,4): -0.0003061574697494507
(28,5): 0.00016917884349822998
(28,6): -0.00010526001453399658
(28,7): -0.0010893285274505616
(28,9): -1.0356903076171874e-05
(28,10): -0.00014230012893676758
(28,12): 0.003723703622817993
(28,27): 0.0002843886613845825
(28,32): 0.00045667827129364013
(29,11): 0.0032230889797210693
(29,12): -0.00036166131496429444
(29,30): -2.906918525695801e-06
(30,13): 0.00436911940574646
(30,29): 8.952796459197998e-05
(31,0): -0.0004860126972198486
(31,2): 0.0007406628131866455
(31,3): 4.552602767944336e-06
(31,4): -0.00016045629978179933
(31,5): 0.0008044815063476562
(31,7): -0.001459287405014038
(31,8): -0.0014632385969161987
(31,9): 0.0007565879821777344
(32,28): 0.0033954751491546632
(33,20): -0.0021876776218414306
(33,21): -0.0030469810962677002
(33,26): -0.0007803207635879517
