Test set index: 701

Target Class: 0

Target compound: TARGET

Sum of Shapley Values: 0.9588930980916597

Shapley values:
-0.05154476436063004
0.06292082495557925
0.02376542360299743
-0.03563646677461621
-0.046732327259187606
-0.044299284976018906
0.05411877216813809
0.01022354979633602
0.04477219957547539
0.002934569793863588
0.01244686101554008
-0.0018018551292303985
-0.000398587593862785
0.016339997569215652
0.004391785810630302
0.017841310527735556
-0.007587435326725702
0.010417854656121526
0.006196014833454846
0.05603081542961347
0.0923948530941058
0.11530921163806548
0.13072649934116587
0.042269966757227426
0.024141201192428564
0.014022438429316822
0.03519695297161252
0.07648240014897714
-0.0023442443676207282
0.0424901369365675
-0.029917462892527794
0.00753851663456683
0.0024823469605307793
0.0010866846727346433
-0.00023026654930234148
-0.0006551293519342347
0.000868495671637226
-0.0003740691009552926
0.004221427000282319
0.0017717121353850098
-0.0010175392490876858
0.004834259865682253
-0.001837001011762458
-0.00018598971908390105
0.02325558059613683
-0.005052792523389349
0.014238299361954327
0.03262312116898045
0.01075223280665897
-0.0019454342375391797
0.005417736420882297
0.02444086357364721
0.00674674128600981
0.015414707313742197
0.008514495728282733
-0.015912349111610907
0.010394695676208255
-0.009916675703748714
0.001800131354215997
0.024418657062392084
0.0035601796721025413
0.00033289720340044516
-0.0046378703664540525
0.06327387954551578
0.009863542591735526
-0.008563221438260988
0.027618292547188866
-0.021678265810518908
0.005560688907142885
0.03636404558954045
-0.006017605367869404
0.018341866857136287
0.0038337597152720633
-0.0010466682564127783
0.01237015228867042
-0.009699467758217529
0.016774277251236442
0.0014833632280663556
-0.025172837602783105
0.008493920474410105
0.011843414368770391
-0.022869915843276165

Minimal top-k Set:
Set indices on edge ranking: [22, 21, 20, 27, 63, 1, 19]
Set edge index: tensor([[ 9,  9,  9, 12, 27,  1,  8],
        [23, 10,  8, 11, 28,  0,  9]], device='cuda:0')
FID+: 0.9577602744102478

Pertinent Positive Set:

Pertinent set edge index: tensor([[ 9,  9,  9, 12, 27,  1,  8],
        [23, 10,  8, 11, 28,  0,  9]], device='cuda:0')
FID-: 0.0007892847061157227
Minimal top-k Set GNNExplainer:
Set indices on edge ranking: [17, 58, 20, 23, 31, 52, 76, 79, 54, 8, 15, 77, 7, 6, 9, 47, 69, 74, 51, 27, 34]
Set edge index: tensor([[ 7, 25,  9, 10, 13, 22, 33, 34, 23,  3,  6, 34,  3,  3,  4, 20, 30, 32,
         22, 12, 14],
        [ 8, 24,  8,  9, 14, 23, 34, 35, 22, 25, 24, 29,  4,  2,  3, 19, 29, 33,
         12, 11, 15]], device='cuda:0')
FID+: 0.9057857021689415

Pertinent Positive Set GNNExplainer:

Pertinent set edge index: tensor([[ 7, 25,  9, 10, 13, 22, 33, 34, 23,  3,  6, 34,  3,  3,  4, 20, 30],
        [ 8, 24,  8,  9, 14, 23, 34, 35, 22, 25, 24, 29,  4,  2,  3, 19, 29]],
       device='cuda:0')
FID-: 0.43080753087997437