Test set index: 701

Target Class: 0

Target compound: TARGET

Sum of Shapley Values: 1.1413716678125483

Shapley values:
-0.06441773993267604
0.12395649050269986
0.012155620702856968
-0.02946115773828547
0.05457385548909815
-0.018710279329179604
0.020083509040083512
-0.0049312349732805886
0.004471466168409214
0.02098944756070912
0.0018563113992908636
0.0034814741705349117
0.0076112473115718
0.0061494697474776564
-0.026196587628190108
0.01372899586819209
0.025172029947738858
-0.002942875838326989
0.01872658620577106
0.014298971215685099
0.05946885834990254
0.10640831122868134
0.10813654039551344
0.005319007246201084
0.015290926099070973
0.01069077256039426
0.035123388007677794
0.05477716388301562
0.0033356219361057055
0.03729189843343141
-0.034501370920397664
0.003115989736710199
-0.004493604496488521
0.01574792454779037
-0.002787340453391426
0.0022943710250842293
-0.002785152918816326
0.0031759181676913302
0.011085730385657752
0.00577215309096715
0.0009042748445568881
0.05021505292762668
0.005557749859656713
0.0008873597831551763
0.06053147002097452
-0.02657836030385091
0.02227364974579968
0.04379677787411869
0.0652367459179712
-0.03933396523969246
0.01681623292850953
0.06762978371872702
0.008089406732547044
0.03337993501354127
0.025638023838688802
-0.013096461851496717
0.012796723905470908
0.003447463902900353
-0.005783171862640419
0.08354039087855693
0.045280543165641944
-0.001807735249358649
-0.02228461425103061
0.03145931702408131
0.05673087013386791
-0.013019716489270972
0.013832311561325679
-0.001401506354511807
0.0013990110801207789
0.002701731093649117
-0.0014375551411398733
0.003283486919699824
-0.005741713827188094
0.0009064349379344927
-0.0004162673997955537
-0.0038820470780173938
0.004939159409936721
0.007559801373620659
-0.005676726323208787
0.008912167354435225
-0.0037340493193202175
-0.00524302363902611

Minimal top-k Set:
Set indices on edge ranking: [1, 22, 21, 59]
Set edge index: tensor([[ 1,  9,  9, 26],
        [ 0, 23, 10,  1]], device='cuda:0')
FID+: 0.9478772878646851

Pertinent Positive Set:

Pertinent set edge index: tensor([[ 1,  9,  9, 26, 22, 20, 18,  9, 28, 12,  2, 17, 26, 20, 12, 11],
        [ 0, 23, 10,  1, 12, 21, 19,  8, 27, 11,  1, 21, 27, 19, 22, 12]],
       device='cuda:0')
FID-: 0.4179690480232239