Test set index: 702

Target Class: 0

Target compound: TARGET

Sum of Shapley Values: 1.0009393638051616

Shapley values:
-0.03813276441286509
0.08610038409412617
0.05137870450860589
-0.021971268423582994
0.010874408365908647
0.0033666233741425633
0.06343513039406293
0.018960502682324416
0.012019042180636314
-0.0013150450241082201
0.008355905967770964
0.009089953748805647
0.010724874276609555
0.017386348524759662
0.02444613238676814
0.00819977564099365
0.01854363383487113
0.01804274057528476
0.027312600505795523
0.01543462265715391
0.1241566926362131
0.060037216874388545
0.06721184089457309
0.05758172549983425
0.011117263717218455
-0.0010366458162253261
0.020050668665665787
0.05801537423848842
0.0074436676929006095
0.01882826224705671
-0.05376942045248427
-0.003125173945835762
-0.0016886417194029795
0.014117655326231686
-0.0026444707045385745
0.003119350941857427
-0.0003510305778496275
-0.006981615420557887
0.004734417146102672
-0.004914507673560011
0.0073405676649879745
0.026291317286063594
0.0047808763164331495
0.0024749535021874347
0.010184117155764177
0.004002800548373938
0.022014473471280018
0.030006082166101053
0.012147333691964923
-0.024723963004358328
0.03013642378603647
0.016299418146378836
0.020663628930418086
0.026416833123317704
0.013385400230933674
-0.02041993801338119
0.004786344556631571
-0.040973810802475155
0.0007300477487778078
0.03922628821115587
0.020228011037384818
-0.0033893363546247195
0.00021960742540373557
0.01204743450263185
0.022794473658289068
-0.02225324657012492
0.053787376343238325
-0.002137554977735887
0.002887788316685386
0.006002297041973273
0.00039795863836209145
-0.004312241949468436
0.007221740136481767
-0.02400808542292633
0.00029985923945726747
-0.003387955241232026
-0.01062977990335493
-0.001592445761281522
0.008497252939814896
0.02931764929180132
0.012808356326655525
-0.002783925057000476
