Test set index: 701

Target Class: 0

Target compound: TARGET

Sum of Shapley Values: 0.8216398736763503

Shapley values:
-0.05067168391536721
0.0853532064678837
0.03528311763787295
-0.017701334222967723
0.02945125846687749
-0.0015872695428895977
0.03381458054736962
0.011568793963768208
0.023585161190556522
0.005779850575905338
0.003928307189771814
0.012318912550347305
-0.014666022738656713
0.035075827951179944
-0.013447909628303889
0.026517606370122463
0.0008848428124496257
0.004958548930479865
0.011005531360249786
0.033127354836776104
0.054312423445531596
0.06026814933587157
0.07476857863510838
0.0052585997888259794
-0.015715205913497912
0.028881870734595517
0.0044366197426258065
0.08996819373533031
0.03346062514485633
0.05872047663394238
0.0003161910886277338
0.009131420370740034
0.006077467929771485
0.008733094132419232
0.0030337038542813926
-0.0016381356002470634
0.0009978396791079586
0.001465352479565594
0.024548795116692293
0.00018153157507798056
0.013546969915256004
0.017485570282985464
-0.005778530355193955
-0.0047765898590723735
0.005225586689198888
-0.012247365082672258
-0.0038714232885123188
0.005949656885953571
0.0033685872138679725
-0.005442570436613519
-0.0011684975289758721
0.004702118932879698
0.01621996652552659
0.018790019736049504
0.001063615357381459
-0.012032000270670586
-0.0029404147938830107
0.0012446788030009979
0.020767577048363534
0.039977976733742177
0.008506973385720137
0.007576983297233458
-0.004593619517567217
-0.0006339330733119626
0.01485640633596655
-0.008014669237899908
0.015704259468950158
-0.008661862161349464
0.0026136804037940357
0.0068249756761701585
0.0006479292022106741
0.0018990805134414038
0.003331829935286488
-0.013617342962346533
0.0014878280392428805
-0.007045876994296466
-0.0008817957715895413
-0.002060254340558098
-0.00847108802590034
0.01452363310411285
0.0018910820207990553
-0.006115550843022228

Pertinent Negative Set:
Pertinent set indices on edge ranking: [27, 1, 22, 21, 29]
Pertinent set edge index: tensor([[12,  1,  9,  9, 12],
        [11,  0, 23, 10, 22]], device='cuda:0')
FID+: 0.9977090873289853

Pertinent Positive Set:

Pertinent set edge index: tensor([[12,  1,  9,  9, 12,  9, 26,  1,  6,  3, 12,  8,  2, 11,  6, 16,  3],
        [11,  0, 23, 10, 22,  8,  1,  2,  5,  2, 13,  9,  1, 10, 24, 17, 25]],
       device='cuda:0')
FID-: 0.12413227558135986
Pertinent Negative Set GNNExplainer:
Pertinent set indices on edge ranking: [17, 13, 24, 15, 54, 6, 12, 7, 9, 16, 56, 10, 47, 35, 25, 55, 31, 53, 67, 20, 81, 78, 52, 23, 11, 37, 34, 59, 26, 69]
Pertinent set edge index: tensor([[ 7,  6, 10,  6, 23,  3,  5,  3,  4,  7, 24,  4, 20, 15, 11, 24, 13, 23,
         29,  9, 35, 34, 22, 10,  5, 16, 14, 26, 11, 30],
        [ 8,  5, 11, 24, 22,  2,  6,  4,  3,  6, 25,  5, 19, 14, 10,  6, 14,  9,
         30,  8, 34, 33, 23,  9,  4, 15, 15,  1, 12, 29]], device='cuda:0')
FID+: 0.717252790927887

Pertinent Positive Set GNNExplainer:

Pertinent set edge index: tensor([[ 7,  6, 10,  6, 23,  3,  5,  3,  4,  7, 24,  4, 20, 15, 11, 24, 13, 23,
         29,  9, 35, 34, 22, 10,  5, 16, 14, 26, 11, 30, 29,  8, 34,  2, 28, 22,
         16,  8, 29, 27, 14,  3, 25, 25, 27,  9],
        [ 8,  5, 11, 24, 22,  2,  6,  4,  3,  6, 25,  5, 19, 14, 10,  6, 14,  9,
         30,  8, 34, 33, 23,  9,  4, 15, 15,  1, 12, 29, 34,  7, 29,  1, 27, 12,
         17,  9, 28, 28, 13, 25,  3, 24, 26, 23]], device='cuda:0')
FID-: 0.017253518104553223