Test set index: 168

Target Class: 0

Target compound: TARGET

Sum of Shapley Values: 0.9201382893564514

Shapley values:
-0.07304265280134586
0.06607464336513375
0.18030226340331068
-0.013624911797692221
-0.033589922776266545
-0.13260749765181631
0.023048691189154483
-0.010904341545454806
-0.0039179636441721045
0.018673536784560837
0.029191528743229184
-0.03606407071708418
-0.03713625945286031
0.02774568541034739
0.0038131184540246468
-0.0026239499370711884
-0.0019268607466985798
0.006690953129859736
0.007399274424613225
0.002034334599934482
-0.003320114762910862
0.0008300377246549929
-0.0009724637616846188
-0.0011577421299044488
0.0013020706554470961
0.00685971714273677
0.005109911545991679
-0.004322648030642995
-0.0022514720841486026
-0.0022906012999601446
0.031575879284862794
0.14344909999376226
0.058484564252061194
0.00875992728765766
0.005293215115670478
0.014043518764049167
-0.004688022152143043
-0.01622681350445511
0.1418728684143912
0.012275059165342519
-0.02858366203192304
0.058931446521655745
0.028491763305035535
0.019418660135240202
0.09665170700854908
0.16787479727468427
0.02416267779490937
0.06235834106530888
-0.028289796447373304
-0.02548319266186354
0.050749365736238145
-0.012619485471850425
0.08458868120402739
-0.014153861514919298
-0.04134260804299629
0.003855914665015234
0.0225784145690659
-0.01969526485325332
0.016663306375307912
0.011220959163790668
-0.014385090796294549
0.00940955870846608
-0.021763994176501277
-0.0028461490571643822
0.026646780009552628
0.02166791477009724
0.007727464137940387
-0.03434195739499835
0.008825672912354391
-0.005295569828647047
-0.015327612825340963
0.010419644695477643
-0.008649803928325933
0.0080492794252666
0.00527505947113184
0.03318733938430398

Minimal top-k Set:
Set indices on edge ranking: [2, 45, 31, 38, 44]
Set edge index: tensor([[ 1, 19, 13, 16, 19],
        [ 2, 31, 33, 32, 20]], device='cuda:0')
FID+: 0.9223753437399864

Pertinent Positive Set:

Pertinent set edge index: tensor([[ 1, 19],
        [ 2, 31]], device='cuda:0')
FID-: 0.42371582984924316
Minimal top-k Set GNNExplainer:
Set indices on edge ranking: [66, 33, 26, 65, 44, 54, 67, 38, 39, 36, 35, 62, 68, 46, 63, 9, 70, 61, 23, 55, 43, 49, 69, 41, 32, 60, 48, 42, 73, 51, 31, 17]
Set edge index: tensor([[29, 14, 12, 28, 19, 23, 29, 16, 17, 16, 15, 27, 30, 20, 27,  4, 31, 26,
         10, 23, 19, 21, 30, 18, 14, 26, 21, 18, 32, 22, 13,  7],
        [23, 15,  3, 27, 20, 24, 27, 32, 16, 15, 16, 26, 22, 19, 28,  3, 19, 27,
         11, 29, 18, 22, 31, 17, 13, 25, 20, 19, 33, 23, 33, 12]],
       device='cuda:0')
FID+: 0.9526763558387756

Pertinent Positive Set GNNExplainer:

Pertinent set edge index: tensor([[29, 14, 12, 28, 19, 23, 29, 16, 17, 16, 15, 27, 30, 20, 27,  4, 31, 26,
         10, 23, 19, 21, 30, 18, 14, 26, 21, 18, 32, 22, 13,  7, 13],
        [23, 15,  3, 27, 20, 24, 27, 32, 16, 15, 16, 26, 22, 19, 28,  3, 19, 27,
         11, 29, 18, 22, 31, 17, 13, 25, 20, 19, 33, 23, 33, 12, 14]],
       device='cuda:0')
FID-: 0.01048189401626587