Test set index: 168

Target Class: 0

Target compound: TARGET

Sum of Shapley Values: 1.037603841920902

Shapley values:
-0.04893107493351773
0.03289101407573944
0.03141258034770383
0.01792671884695096
-0.014365494090784912
-0.05411121449159821
-0.005818743015143089
-0.007194391901366406
0.025179646557912144
0.01777261809381592
0.027390460477647115
-0.0389245473335701
-0.03028610368858846
0.02980296566423847
0.0308820939358868
0.0024635784010629113
0.010905770638344726
0.00694821498768718
0.004908457625137744
0.008715024415296592
-0.013994339293278006
0.0020462821498246
-0.0056527464229874395
-0.0036797695941054396
0.0033992721357502115
0.0035144859884765982
-0.006899088606577147
-0.007967988365013093
0.007235493235193814
0.007150078898755674
0.06623381034036638
0.036703035097593345
0.04756017899839416
0.007092057176499188
-0.006581225290636797
0.004376605299962304
0.006117582342611962
-0.027228899884220566
0.00696320221199481
0.0388216411465034
0.002654757476963991
-0.028749883052256613
0.08403043990645095
0.00818877802363156
0.20827353501569476
0.13931228795315093
-0.0220587977108507
0.07500378259479003
0.03901538206242774
-0.005545268662064274
0.1198658205182679
-0.004138485262471544
0.05914832089081678
-0.01711946932288599
-0.011590778857786633
-0.00745674410826107
0.010731790250084621
-0.0016243775701205972
0.006637885257593585
-0.0001373533129460652
0.0018272198163339713
0.002889261771697728
-0.0010582238820696945
-0.006681345599946836
0.0015250158844821973
0.005814722522018725
0.0060267555186539834
-0.00061737953813041
0.03177588781451352
0.0013624455134981653
0.03617723831295769
0.005988940716059965
0.019273980567154823
-0.008078119309310756
0.05902751841677265
0.015131059128024007

Minimal top-k Set:
Set indices on edge ranking: [44, 45, 50, 42]
Set edge index: tensor([[19, 19, 22, 18],
        [20, 31, 21, 19]], device='cuda:0')
FID+: 0.9776973836123943

Pertinent Positive Set:

Pertinent set edge index: tensor([[19, 19, 22, 18],
        [20, 31, 21, 19]], device='cuda:0')
FID-: 0.0012401342391967773
Minimal top-k Set GNNExplainer:
Set indices on edge ranking: [16, 44, 33, 9, 26, 39, 51, 46, 28, 14, 23, 35, 70, 68, 17, 19, 43, 49, 27, 48, 69, 41, 72]
Set edge index: tensor([[ 7, 19, 14,  4, 12, 17, 22, 20, 12,  6, 10, 15, 31, 30,  7,  8, 19, 21,
         12, 21, 30, 18, 32],
        [ 8, 20, 15,  3,  3, 16, 23, 19, 11,  7, 11, 16, 19, 22, 12,  9, 18, 22,
          7, 20, 31, 17, 16]], device='cuda:0')
FID+: 0.5416652262210846

Pertinent Positive Set GNNExplainer:

Pertinent set edge index: tensor([[ 7, 19, 14,  4, 12, 17, 22, 20],
        [ 8, 20, 15,  3,  3, 16, 23, 19]], device='cuda:0')
FID-: 0.001076042652130127