Test set index: 168

Target Class: 0

Target compound: TARGET

Sum of Shapley Values: 1.0979163238667284

Shapley values:
0.023485854292688395
0.014146955550158052
0.03342603637126413
-0.010813258124009493
-0.0771342353561389
0.014810684042998457
0.06817445567887927
-0.010334809118663395
-0.00041654290501828866
0.01402126841505546
-0.006270085794569924
-0.0019704722321831226
0.00192147615223835
-0.013175984369630135
-0.016784131556076113
0.007670521382614509
0.013518865350071154
0.00686792419278643
0.02384396216291329
0.007130931971462065
-0.011115328627136743
-0.0003179153776053674
-0.008208821827151188
-0.002256676010594834
0.0021834618060174132
0.0008487139179120762
0.008425521219092864
-0.006908890273707588
0.005801556012567622
0.00011746383069025361
0.02013213584165512
0.08186651878953662
0.026469012551941503
0.02476207439778005
0.005481101893878675
2.4177355117535048e-05
0.02174576635421599
-0.025570578503810584
0.06508345354845745
-0.0039181084233167445
0.005027199365193428
0.029895422891474746
0.03863383203934746
0.08928416032299255
0.16804309866728842
0.17019658019219538
-0.014725830666188518
0.1104640174601007
0.0495872929248797
-0.005927204903550773
0.07477873945701091
0.0048401438994768245
0.025984176163269375
-0.026314652081440154
-0.005181842067208647
-0.010983494743759908
0.009803578861444291
-0.009395051483170803
0.006262099237658683
-0.0021261507724827135
0.005767164712013955
0.0035067805363226466
-0.0013695975119131453
-0.006451540462973692
0.010042679237662023
0.010410843237076568
0.017863330301982387
-0.00977188158851592
-0.0018574800491762845
-0.010285202926437803
-0.028503706652495815
0.04377323296638066
-0.005360969501994415
-0.005233348297331075
0.016838999594141715
0.05363685092507561

Minimal top-k Set:
Set indices on edge ranking: [45, 44, 47, 43, 31]
Set edge index: tensor([[19, 19, 20, 19, 13],
        [31, 20, 21, 18, 33]], device='cuda:0')
FID+: 0.76325823366642

Pertinent Positive Set:

Pertinent set edge index: tensor([[19, 19, 20, 19, 13, 22,  3, 16, 33, 21, 31, 18],
        [31, 20, 21, 18, 33, 21,  1, 32, 32, 20, 30, 19]], device='cuda:0')
FID-: 0.00027889013290405273
Minimal top-k Set GNNExplainer:
Set indices on edge ranking: [26, 66, 33, 23, 44, 38, 39, 70, 46, 67, 36, 68, 35, 43, 55, 69, 48, 41, 9, 49, 73, 72]
Set edge index: tensor([[12, 29, 14, 10, 19, 16, 17, 31, 20, 29, 16, 30, 15, 19, 23, 30, 21, 18,
          4, 21, 32, 32],
        [ 3, 23, 15, 11, 20, 32, 16, 19, 19, 27, 15, 22, 16, 18, 29, 31, 20, 17,
          3, 22, 33, 16]], device='cuda:0')
FID+: 0.537465512752533

Pertinent Positive Set GNNExplainer:

Pertinent set edge index: tensor([[12, 29, 14, 10, 19, 16, 17, 31, 20, 29, 16, 30, 15, 19, 23, 30, 21, 18,
          4, 21, 32, 32, 18, 27, 15,  9, 26, 24, 25, 13, 17, 14, 26, 27, 13,  8,
         31, 23, 20],
        [ 3, 23, 15, 11, 20, 32, 16, 19, 19, 27, 15, 22, 16, 18, 29, 31, 20, 17,
          3, 22, 33, 16, 19, 26, 14,  8, 27, 23, 24, 14, 18, 13, 25, 29, 33,  7,
         30, 24, 21]], device='cuda:0')
FID-: 8.165836334228516e-05