Interaction name: 5byz

Affinity: 7.380000114440918
Predicted class: 1
Predicted probability: 0.9944478273391724
Sum of phi edges: 0.4427008408308029

Interaction statistics:

Number of total edges connecting protein pseudo-atoms: 10
Number of total edges connecting ligand pseudo-atoms: 69
Number of total edges connecting protein and ligand pseudo-atoms: 43

Pertinent positive set edge index: tensor([[ 2],
        [10]], device='cuda:0')

FID- using pertinent positive set: 0.48257386684417725

Number of pertinent positive edges connecting protein pseudo-atoms: 0 (0.0%)
% w.r.t. total number of pertinent positive edges: 0.0%)
Number of pertinent positive edges connecting ligand pseudo-atoms: 1 (1.4%)
% w.r.t. total number of pertinent positive edges: 100.0%)
Number of pertinent positive edges connecting protein and ligand pseudo-atoms: 0 (0.0%)
% w.r.t. total number of pertinent positive edges: 0.0%)

Minimal top k set edge index: tensor([[ 2,  1, 20, 12,  6, 35, 23, 17, 15, 21, 31, 23, 19,  0, 25, 24,  3, 23,
         25, 21,  3,  3,  1, 29,  7,  0, 23, 32,  3,  8, 35, 37, 17, 10, 31,  9,
         20, 15, 32,  4, 22,  3,  3, 33, 11, 11, 12, 14, 16,  9, 10,  1,  5,  0,
          3,  4, 15, 14, 24, 39, 18, 34, 22, 19,  3,  2,  0, 17,  8, 21,  0, 19,
         16, 20, 13, 19, 21, 14,  4,  3, 20, 12, 38, 38, 23, 39,  8, 20, 11, 10,
         12, 12,  1,  2, 31,  0, 17,  5, 10,  9, 24, 14, 19, 10, 19, 32, 12,  4,
         14, 10, 37, 13, 18, 15, 34, 13, 19, 12, 16, 11, 24, 10, 20, 17,  8, 38,
         12, 39, 12, 20,  9,  0, 42, 20, 11,  5, 33, 16, 22, 26, 31,  9,  5, 18,
          7,  6, 36, 38,  7,  6, 15, 12, 39,  6,  6, 14, 17, 11,  4, 22, 41, 17,
         18, 35, 34, 12, 33, 43, 32,  8, 29, 13, 21, 36, 43,  6, 17, 43, 15, 17,
          7, 40, 41, 19, 35, 20, 30,  5, 11, 33,  1, 19,  2, 16,  9, 19, 32, 11,
         19, 35,  7, 26, 18, 14, 34, 31,  8,  9,  2,  9, 21, 13, 42, 26, 14, 41,
         13, 13, 32, 12, 10, 39,  5,  8, 16, 16,  4,  1,  4, 19, 27, 17, 10, 18,
         30,  4, 20, 18,  6,  5, 26, 42,  8, 26],
        [10,  7,  5, 42, 27, 42,  8,  5, 22, 22, 16,  9, 18, 12,  0,  3, 18,  2,
          2,  7,  9, 16,  6,  9,  1, 11, 10, 12, 12, 33, 16, 14, 14,  9, 21, 20,
         17, 43, 21, 20,  6, 11,  4, 17, 33, 41, 39,  5, 40, 18, 31,  5, 26,  3,
         19, 26, 21, 20,  0, 13, 19, 11,  7, 35, 24, 18, 16, 12, 38, 15,  4,  9,
         38, 19, 12, 12, 31, 13, 19,  0,  9, 14, 16,  8, 18, 20, 31, 12, 35, 18,
         32, 17, 17, 24, 19, 25, 20, 17, 30, 29,  2, 12, 17,  8,  3, 11, 20,  0,
         17, 38, 15, 20, 10,  6, 12, 19, 13,  3, 31, 32, 26, 43, 13,  1, 39, 10,
         19, 12,  4,  1, 19, 24, 35, 14,  0,  1, 11, 35, 15, 24,  8,  8, 14,  9,
         21,  5, 19, 34, 22, 26, 37, 13, 41, 21,  1, 37, 19, 34, 13, 21, 39, 43,
          8, 11, 38, 34, 32, 17, 33,  9, 30, 17, 32, 32, 10, 15, 33, 15,  7, 13,
         15, 16, 34, 36, 19, 39, 29,  6, 16,  8, 20, 14, 23, 11, 10,  4, 35,  3,
         20, 32,  5,  6, 23,  1, 41, 10, 18,  3, 25, 23,  6, 14, 12,  5, 19, 11,
         39,  4, 36,  0, 23,  8, 20, 10,  3,  0, 12, 14, 17, 31,  6,  4,  2,  3,
         10,  3,  4,  2, 22,  7,  4, 26, 23, 42]], device='cuda:0')

FID+ using minimal top-k set: 0

Number of minimal top-k edges connecting protein pseudo-atoms: 8 (80.0%)
% w.r.t. total number of minimal top-k edges: 7.3%)
Number of minimal top-k edges connecting ligand pseudo-atoms: 61 (88.4%)
% w.r.t. total number of minimal top-k edges: 55.5%)
Number of minimal top-k edges connecting protein and ligand pseudo-atoms: 41 (95.3%)
% w.r.t. total number of minimal top-k edges: 37.3%)

Trustworthiness of the explanation: 0.0

Number of relevant edges connecting protein pseudo-atoms: 1 (10.0%)
% w.r.t. total number of relevant edges: 1.6%)
Number of relevant edges connecting ligand pseudo-atoms: 38 (55.1%)
% w.r.t. total number of relevant edges: 61.3%)
Number of relevant edges connecting protein and ligand pseudo-atoms: 23 (53.5%)
% w.r.t. total number of relevant edges: 37.1%)

Shapley values for edges: 

(0,3): 0.003251584768295288
(0,4): 0.00267788290977478
(0,11): 0.00485816240310669
(0,12): 0.006865324378013611
(0,16): 0.002777152061462402
(0,24): 0.0012621134519577026
(0,25): 0.002151752710342407
(1,5): 0.0033739769458770753
(1,6): 0.005061972141265869
(1,7): 0.014775573015213013
(1,14): -0.0015660947561264038
(1,17): 0.00219185471534729
(1,20): 0.0002339404821395874
(2,10): 0.017425893545150756
(2,18): 0.00286577045917511
(2,23): 0.00017084896564483642
(2,24): 0.0021868395805358888
(2,25): -0.00024129152297973632
(3,0): 0.0024554020166397093
(3,4): 0.0036455875635147093
(3,9): 0.005417234301567078
(3,11): 0.003675868511199951
(3,12): 0.004420158863067627
(3,16): 0.005266727805137634
(3,18): 0.005694262385368347
(3,19): 0.0032271730899810793
(3,24): 0.002892542481422424
(4,0): 0.0018774145841598511
(4,3): -0.002519829273223877
(4,12): -0.0015124845504760741
(4,13): 0.0008832180500030518
(4,17): -0.0018567579984664917
(4,19): 0.0024768465757369993
(4,20): 0.0038560211658477785
(4,26): 0.003198779821395874
(5,1): 0.0011271429061889648
(5,6): 0.0003330874443054199
(5,7): -0.004306415915489197
(5,14): 0.0010762977600097656
(5,17): 0.002077794075012207
(5,20): -0.0012937355041503906
(5,26): 0.003311792612075806
(6,1): 0.0009260392189025879
(6,5): 0.0010146695375442506
(6,15): 0.0005422204732894898
(6,21): 0.0009387332201004028
(6,22): -0.004292459487915039
(6,26): 0.0009573215246200562
(6,27): 0.009341501593589784
(7,1): 0.0049580615758895875
(7,5): -2.6112794876098634e-06
(7,15): 0.0004752153158187866
(7,21): 0.0010383790731430054
(7,22): 0.000965038537979126
(8,9): 0.0006424087285995483
(8,10): -0.001329474449157715
(8,18): -0.000175287127494812
(8,23): -0.009435514211654663
(8,31): 0.0022832024097442626
(8,33): 0.004340084195137024
(8,38): 0.00270449697971344
(8,39): 0.0014192581176757813
(9,3): -0.00020696163177490233
(9,8): 0.0010795032978057862
(9,10): 5.759477615356445e-05
(9,18): 0.0033923274278640746
(9,19): 0.0012969923019409179
(9,20): 0.004186416268348694
(9,23): -0.0003922528028488159
(9,29): 0.0020396900177001953
(10,2): -0.002053031325340271
(10,8): 0.0019873249530792236
(10,9): 0.004193010926246643
(10,18): 0.002234116792678833
(10,23): -0.0011395227909088135
(10,30): 0.002051888704299927
(10,31): 0.003383567929267883
(10,38): 0.0018611150979995729
(10,43): 0.0015858393907546998
(11,0): 0.0011443495750427246
(11,3): 3.6852359771728514e-05
(11,16): 0.00028016090393066405
(11,32): 0.0015873348712921143
(11,33): 0.003618948459625244
(11,34): 0.000905577540397644
(11,35): 0.002251023054122925
(11,41): 0.003527472019195557
(12,0): -0.0011321258544921874
(12,3): 0.001627435088157654
(12,4): 0.0013248884677886962
(12,13): 0.0009456837177276612
(12,14): 0.0023895728588104246
(12,17): 0.0022026318311691283
(12,19): 0.0013417142629623413
(12,20): 0.001913917064666748
(12,32): 0.002215975522994995
(12,34): 0.000684584379196167
(12,39): 0.0034877842664718627
(12,42): 0.011436399221420288
(13,4): -0.0008025848865509033
(13,12): 0.00254575252532959
(13,14): -0.0005229979753494263
(13,17): 0.000594068169593811
(13,19): 0.0016801655292510986
(13,20): 0.0017444884777069092
(13,39): -0.0008023256063461304
(14,1): -0.00011832594871520996
(14,5): 0.0034419363737106324
(14,12): 0.002027184963226318
(14,13): 0.0025095850229263305
(14,17): 0.0018701660633087158
(14,19): -0.0007119262218475341
(14,20): 0.0031444621086120605
(14,37): 0.0009181392192840576
(15,6): 0.001743149161338806
(15,7): 0.0005265212059020996
(15,21): 0.0031686323881149293
(15,22): 0.00796694815158844
(15,37): 0.0009502345323562623
(15,43): 0.003938148617744446
(16,0): -0.001455509066581726
(16,3): -0.001432700753211975
(16,11): 0.00010460972785949707
(16,31): 0.0016221809387207031
(16,35): 0.001104009747505188
(16,38): 0.0026599740982055664
(16,40): 0.0034396255016326902
(17,1): 0.0014694458246231079
(17,4): -0.0020236223936080933
(17,5): 0.008087236881256104
(17,12): 0.0027689874172210694
(17,13): 0.0005248761177062988
(17,14): 0.004196590781211853
(17,19): 0.0009101253747940064
(17,20): 0.0021504241228103636
(17,33): 0.000536831021308899
(17,43): 0.0008458781242370605
(18,2): -0.0037737399339675902
(18,3): -0.0021370548009872438
(18,8): 0.0008361011743545533
(18,9): 0.0010579824447631836
(18,10): 0.001743553876876831
(18,19): 0.003042756915092468
(18,23): -5.7982802391052244e-05
(19,3): 0.0019494056701660155
(19,4): 4.812538623809814e-05
(19,9): 0.0026707786321640017
(19,12): 0.0025203537940979
(19,13): 0.001657555103302002
(19,14): 0.0002317523956298828
(19,17): 0.0020262694358825686
(19,18): 0.007126120924949646
(19,20): 7.622241973876953e-06
(19,31): -0.001874641180038452
(19,35): 0.002939327359199524
(19,36): 0.0004204070568084717
(20,1): 0.0013043177127838135
(20,4): -0.003549080491065979
(20,5): 0.014530403017997741
(20,9): 0.00239729642868042
(20,12): 0.002279113531112671
(20,13): 0.0015278679132461547
(20,14): 0.001146668791770935
(20,17): 0.004127863049507141
(20,19): 0.002561490535736084
(20,39): 0.00036267995834350587
(21,6): -0.000422247052192688
(21,7): 0.005454086661338806
(21,15): 0.0026832979917526243
(21,22): 0.007698132991790772
(21,31): 0.002518317699432373
(21,32): 0.0005939066410064697
(22,6): 0.003718506097793579
(22,7): 0.002987368106842041
(22,15): 0.001099916696548462
(22,21): 0.0008758050203323364
(23,2): 0.0055763846635818485
(23,8): 0.008343696594238281
(23,9): 0.007277193665504456
(23,10): 0.004852502942085266
(23,18): 0.0023558878898620604
(24,0): 0.00309342622756958
(24,2): 0.002029087543487549
(24,3): 0.00573409378528595
(24,26): 0.0015871530771255492
(25,0): 0.006740801930427551
(25,2): 0.005564796924591065
(26,4): -0.005689425468444824
(26,5): -0.0006467908620834351
(26,6): -3.274142742156982e-05
(26,24): 0.0010867625474929809
(26,42): -0.010743846297264098
(27,6): -0.0019109481573104858
(29,9): 0.004976658225059509
(29,30): 0.0005971735715866089
(30,10): -0.00221948504447937
(30,29): 0.0003499305248260498
(31,8): 0.001082214117050171
(31,10): -0.00013367295265197753
(31,16): 0.007343509197235107
(31,19): 0.0021707296371459963
(31,21): 0.004192608594894409
(32,11): 0.0019240188598632813
(32,12): 0.004425775408744812
(32,21): 0.003870958685874939
(32,33): 0.0006424331665039062
(32,35): 4.020929336547852e-05
(32,36): -0.0008038634061813355
(33,8): 0.0002685749530792236
(33,11): 0.0011063390970230103
(33,17): 0.003626638650894165
(33,32): 0.0006803584098815918
(34,11): 0.0030103296041488646
(34,12): 0.0017313092947006225
(34,38): 0.0007129096984863281
(34,41): -0.00012445926666259765
(35,11): 0.0007838386297225952
(35,16): 0.004315406084060669
(35,19): 0.0004036802053451538
(35,32): -1.2224912643432618e-06
(35,42): 0.008867496848106384
(36,19): 0.001009013056755066
(36,32): 0.0005746549367904663
(37,14): 0.004281501770019531
(37,15): 0.0018224942684173585
(38,8): 0.002356833219528198
(38,10): 0.0013967490196228028
(38,16): 0.0023582035303115843
(38,34): 0.0009656929969787597
(39,8): -0.0011517131328582764
(39,12): 0.001331355571746826
(39,13): 0.0030571866035461427
(39,20): 0.0023434072732925414
(39,41): 0.000940471887588501
(40,16): 0.00045572519302368165
(41,11): -0.0007152760028839111
(41,34): 0.00045437872409820557
(41,39): 0.0008557111024856568
(42,12): -0.0005356830358505249
(42,26): -0.0071660012006759645
(42,35): 0.0012069135904312135
(43,10): 0.0005630040168762207
(43,15): 0.000533130168914795
(43,17): 0.0006473958492279053
