Test set index: 463

Target Class: 1

Target compound: RANDOM

Sum of Shapley Values: -0.02098389925994478

Shapley values:
0.006574796000495553
-0.004271405401523225
-0.002059893906116486
0.0014338899403810502
-3.2548904418945315e-05
-0.008820131067186593
3.7267208099365235e-05
-6.825923919677735e-05
-0.0026453208923339845
0.01218337752390653
-0.0015027977153658867
0.0011147928237915038
-0.013487696435768158
0.015206511009891984
0.01258696883916855
0.0002436532462706964
0.00146551183774136
0.004688182771205902
-0.0019128185510635376
-0.007609130339697004
-0.0018633151054382325
0.0397398811543826
0.0003094974160194397
0.0031992191076278685
8.379266131669283e-05
-0.007207118372688903
0.004125220775604248
-0.0007823696732521057
-0.009895639512687921
-0.000443619042634964
-0.006967956721782684
0.0002899914607405663
0.007147999405860901
0.002108340475533623
-0.004501453340053558
-7.387101650238037e-05
-0.0001919221365824342
-0.0088156858086586
0.0030817214585840704
0.0002661079168319702
-0.001981726884841919
0.01590368910226971
-6.823033094406127e-05
-0.0009932599012972788
-4.25112247467041e-05
-0.023987826998345552
-0.033415424756694845
-0.0020539814047515394
0.005339575111865997
-0.0014033955335617065
-0.0039001684146933255
-0.0028708243189612404
-0.009469122737646102
0.009324612109921873
0.008621207114829303
0.002231380194425583
0.004844438079744578
-0.0283232825063169
-0.0011057317443192004
0.003813815116882324
-0.003841804633848369
0.009660905450582504
