Interaction name: 6dm8

Affinity: 7.28000020980835
Predicted class: 1
Predicted probability: 0.9907060265541077
Sum of phi edges: 0.28016592562198617

Interaction statistics:

Number of total edges connecting protein pseudo-atoms: 16
Number of total edges connecting ligand pseudo-atoms: 125
Number of total edges connecting protein and ligand pseudo-atoms: 69

Pertinent positive set edge index: tensor([[ 0],
        [35]], device='cuda:0')

FID- using pertinent positive set: 0.43585819005966187

Number of pertinent positive edges connecting protein pseudo-atoms: 0 (0.0%)
% w.r.t. total number of pertinent positive edges: 0.0%)
Number of pertinent positive edges connecting ligand pseudo-atoms: 1 (0.8%)
% w.r.t. total number of pertinent positive edges: 100.0%)
Number of pertinent positive edges connecting protein and ligand pseudo-atoms: 0 (0.0%)
% w.r.t. total number of pertinent positive edges: 0.0%)

Minimal top k set edge index: tensor([[ 0, 20, 42,  0,  0,  6,  1, 37, 22,  0,  0,  2, 36, 10, 20,  2, 20,  4,
         36, 24, 18,  0, 37, 12, 20, 40, 25, 16, 20,  3,  0,  0, 42,  0, 39, 34,
         16, 37, 42, 27, 18, 23, 23, 22, 18, 20, 30, 15, 29, 62, 30, 33,  9, 37,
         40, 36,  5, 32, 43, 23, 28, 12, 22, 36, 38, 18, 29, 61, 25, 25, 44, 30,
         17, 32, 55, 50, 16,  9, 16,  1, 37, 34,  1, 44, 58, 45, 12, 44, 39, 21,
         13, 18, 24, 28, 55, 10, 30, 27, 29, 31, 33, 20, 33, 26, 10, 29, 29, 27,
         20, 37, 25, 59, 45, 26, 14, 15, 24, 26, 26, 16, 31, 20, 57, 28, 13, 36,
         41,  9, 62, 27, 24, 58, 44, 34,  8, 44, 49, 23, 38, 31, 61, 18, 18, 10,
         60, 27, 18, 57, 17, 20, 55, 42, 36, 14, 19, 15,  4, 14, 45, 44, 25, 15,
         11, 35, 16, 22,  3, 30, 43, 52, 30, 41, 56, 27, 35, 35, 20, 16, 22, 32,
         17, 53, 27, 35, 30, 16, 25, 10, 51, 18, 60,  8, 39, 57, 10, 42, 26,  7,
          8, 39, 15, 41, 54, 15, 26, 23, 31, 20, 61, 51, 26, 35, 24, 29, 53, 50,
         27, 24, 30, 59, 26, 29, 21, 31, 20, 44,  7, 34, 29, 16, 16, 24, 34, 25,
         31, 24, 33, 41, 58, 32, 35, 35, 46, 32, 48, 45,  9, 58, 28, 35, 52, 23,
         31, 44, 10, 28,  8, 24,  1,  9, 49, 15, 56, 12, 56, 30,  1, 31, 23, 47,
         42, 34,  4, 54, 57, 10,  3, 30,  8, 12, 12, 47, 10, 13, 31,  6, 25, 29,
         14, 16, 60, 48, 57,  9, 57, 34, 41, 12, 49, 37, 24, 28, 32,  9, 29, 62,
         14, 19, 35, 13, 33, 47, 16, 62, 21, 34, 57, 22, 61, 20, 26, 54, 25, 35,
         34, 33, 36, 25, 26, 41, 18, 24, 17, 59, 58, 11,  8, 41, 17, 15, 15, 18,
          7, 31, 32,  7, 59, 12, 19, 14, 14, 16, 17, 21, 32, 53, 33, 33, 60, 53,
         46, 21,  8, 14,  4, 31, 29,  6, 42, 14, 39,  6, 17, 17, 26, 28,  5, 55,
         28, 32, 34, 12, 31,  5,  8,  5, 30, 19,  6, 12, 40, 61, 54, 30, 21, 61,
         21, 11, 13, 13, 18,  9,  3,  4, 25,  5, 19,  4, 17, 19, 40, 36, 19, 38,
          2, 17,  8, 19,  3,  3],
        [35, 44, 20, 29, 16, 20, 27, 34, 19, 31, 30, 12, 17, 61, 42, 13, 57,  3,
         16, 27,  4,  9,  8, 11, 18,  4, 27, 44,  4,  6, 39, 24, 32, 27,  0, 44,
         15, 26, 11,  1, 53, 55, 18, 55,  6, 61, 24, 29,  0, 31, 35, 57, 41, 13,
          3, 31, 20, 12,  8, 54, 29, 32, 21, 30,  1,  5, 14, 39, 44, 34, 10, 29,
         30, 13, 61, 24, 30, 27, 57, 38, 12, 24, 20, 20, 30, 12, 42, 16, 55, 18,
         41, 56, 26, 16, 23, 44, 58, 26, 30, 62, 26,  3, 25,  9, 53, 31, 15,  0,
          1, 33, 32, 33, 21, 32, 29, 28,  0,  8, 24, 31,  9,  6, 20, 35, 37, 14,
         12, 31, 16, 34, 57, 32, 27, 27, 58, 13, 16, 56, 39, 30, 55, 21, 19, 12,
          9, 44,  3, 33, 31, 22, 22, 12, 29, 28, 22, 35,  5, 17, 20, 12, 26, 31,
         12, 15, 24, 18,  4,  0, 59, 30, 16, 13, 54, 25, 16, 17,  5, 29, 20, 26,
         28, 54,  9, 30, 31, 49,  8, 45, 17, 22, 30, 42, 61, 41, 42, 10, 25, 25,
         43, 38, 36,  8, 23, 49, 34, 22, 15, 19, 18, 46, 27, 28,  9, 35, 18, 15,
         24, 31, 60, 26, 42, 16, 20, 28, 21, 34, 34,  9, 17, 35, 28, 41, 32,  7,
         16, 34, 32,  9, 17, 42, 14,  0, 14,  8, 29, 10, 60,  8, 14, 36, 17, 57,
         17, 25, 41, 17, 26, 50, 39, 34, 15, 16, 18, 10, 23, 17, 21,  0, 21, 62,
         26, 37, 20, 53,  7,  7, 40, 28, 41, 41,  2, 14, 25, 32, 35, 19, 33, 48,
         15,  0, 47, 14, 16, 26, 24,  7, 24, 45, 59, 25, 30, 30, 58, 24, 28, 47,
         47,  6, 31, 58, 59, 60, 62, 60, 22, 33, 23, 23, 10, 45, 33, 56, 12, 29,
         26, 37, 15, 10, 59, 57, 20, 16, 52, 49, 13, 42, 25, 10, 51, 14, 50, 61,
         57, 29, 34, 10, 43, 44,  3, 35, 48, 36, 14, 45, 33, 10, 34,  8, 62, 40,
         51, 23, 32, 46, 40, 36, 36,  5,  8, 36,  1, 18, 35, 29, 37, 15, 19, 39,
         31, 25, 25, 25, 24,  6, 33,  4, 36, 21,  3, 37, 54, 38, 40, 52,  1, 20,
         19,  2, 44,  2, 23,  0, 20, 18, 37, 18, 18, 19, 58, 20, 53, 35,  5, 61,
         11, 36, 37,  4, 19, 18]], device='cuda:0')

FID+ using minimal top-k set: 0

Number of minimal top-k edges connecting protein pseudo-atoms: 11 (68.8%)
% w.r.t. total number of minimal top-k edges: 6.3%)
Number of minimal top-k edges connecting ligand pseudo-atoms: 102 (81.6%)
% w.r.t. total number of minimal top-k edges: 58.3%)
Number of minimal top-k edges connecting protein and ligand pseudo-atoms: 62 (89.9%)
% w.r.t. total number of minimal top-k edges: 35.4%)

Trustworthiness of the explanation: 0.0

Number of relevant edges connecting protein pseudo-atoms: 3 (18.8%)
% w.r.t. total number of relevant edges: 3.2%)
Number of relevant edges connecting ligand pseudo-atoms: 59 (47.2%)
% w.r.t. total number of relevant edges: 62.8%)
Number of relevant edges connecting protein and ligand pseudo-atoms: 32 (46.4%)
% w.r.t. total number of relevant edges: 34.0%)

Shapley values for edges: 

(0,9): 0.002917938232421875
(0,16): 0.005101680159568787
(0,24): 0.002327388525009155
(0,27): 0.002242729663848877
(0,29): 0.005297773480415344
(0,30): 0.003844809532165527
(0,31): 0.0038532763719558716
(0,35): 0.007071354389190674
(0,39): 0.0023881816864013672
(1,20): 0.0014542758464813233
(1,21): 0.0002265721559524536
(1,27): 0.004264509677886963
(1,38): 0.0015098077058792114
(1,39): 0.00026923179626464844
(2,11): -0.002403659224510193
(2,12): 0.0038360947370529174
(2,13): 0.0033561182022094726
(3,4): 0.0008080869913101197
(3,6): 0.002424548268318176
(3,18): -0.002955314517021179
(3,19): -0.0029071968793869018
(3,20): -0.0016197329759597779
(3,40): 0.00021311402320861817
(4,3): 0.003281481862068176
(4,5): 0.0008530664443969727
(4,18): -0.0018149727582931518
(4,19): -0.0019465368986129761
(4,20): 0.00021814823150634766
(4,40): -0.00044690608978271485
(5,4): -0.000790991187095642
(5,6): -0.0007647711038589477
(5,18): -0.0018437302112579346
(5,19): -0.0005727094411849975
(5,20): 0.0018396294116973877
(6,3): -0.0008239883184432983
(6,5): -0.00047873854637145994
(6,18): -0.0004995602369308471
(6,19): 0.00015066564083099365
(6,20): 0.0047177523374557495
(7,10): -0.00019984900951385497
(7,25): 0.0006311696767807007
(7,34): 0.00046601176261901856
(7,57): -0.0001957458257675171
(8,25): -0.0001268082857131958
(8,26): 0.00027733564376831055
(8,32): -0.0004194521903991699
(8,33): -0.0007800406217575073
(8,37): -0.002506517171859741
(8,41): 0.00018748581409454344
(8,42): 0.0006649684906005859
(8,43): 0.0006120389699935913
(8,58): 0.0010029786825180053
(9,0): -0.0015911048650741578
(9,24): 5.523622035980225e-05
(9,26): 0.00011129915714263916
(9,27): 0.0015529680252075195
(9,31): 0.0010502493381500243
(9,34): 0.00026273548603057863
(9,41): 0.0019010382890701295
(9,60): 0.00034223973751068115
(10,7): 0.00021446704864501952
(10,12): 0.0009382224082946777
(10,25): 0.00017164409160614014
(10,41): 0.00028600394725799563
(10,42): 0.0006418591737747193
(10,44): 0.0013539022207260131
(10,45): 0.000691676139831543
(10,53): 0.0012604701519012451
(10,61): 0.0034112483263015747
(11,2): -0.00120647132396698
(11,12): 0.0008291733264923095
(11,42): -0.00012580573558807373
(12,2): 0.0001733434200286865
(12,10): 0.0002441507577896118
(12,11): 0.0027660900354385376
(12,25): -0.0006995874643325805
(12,32): 0.0017772334814071655
(12,37): -0.0008732962608337402
(12,41): 0.00018399417400360107
(12,42): 0.0014111971855163574
(12,44): -0.00024100005626678466
(12,45): 9.523332118988037e-05
(13,2): -0.0014507168531417848
(13,32): 0.00017080068588256836
(13,37): 0.0010753798484802247
(13,41): 0.0013854318857192992
(13,44): -0.0012351232767105103
(13,58): 8.927583694458008e-06
(14,15): 0.00014181971549987794
(14,17): 0.0008511477708816528
(14,28): 0.0008610367774963378
(14,29): 0.001187557578086853
(14,35): -0.00028190314769744874
(14,36): -0.0004942196607589721
(14,46): -0.00042749762535095216
(14,47): 3.5050511360168454e-05
(14,48): -0.0003027588129043579
(15,14): -0.00014825940132141114
(15,16): 0.0002569115161895752
(15,28): 0.0011634570360183716
(15,29): 0.0019317936897277831
(15,31): 0.0008337724208831787
(15,35): 0.0008586400747299194
(15,36): 0.0006074357032775879
(15,49): 0.0006032752990722657
(15,50): -0.000161055326461792
(16,0): 0.00013256311416625976
(16,15): 0.0022056490182876588
(16,24): 0.0008242052793502808
(16,28): 0.00045986592769622805
(16,29): 0.0007572001218795776
(16,30): 0.0015786749124526978
(16,31): 0.001120826005935669
(16,35): 0.0004607802629470825
(16,36): -0.00031852781772613527
(16,44): 0.0026099562644958498
(16,49): 0.0007129979133605958
(16,57): 0.0015262418985366821
(16,62): -3.998875617980957e-06
(17,14): -0.00032975733280181884
(17,28): 0.0007374966144561767
(17,29): -0.0005155181884765624
(17,30): 0.0016168630123138427
(17,31): 0.0009122389554977417
(17,35): -0.0005153006315231323
(17,36): -0.002442139983177185
(17,51): -0.00014327526092529298
(17,52): -0.00011749565601348877
(17,58): -0.0019529896974563598
(18,3): 0.0009232848882675171
(18,4): 0.003021188974380493
(18,5): 0.001715172529220581
(18,6): 0.0019506418704986572
(18,19): 0.0009394001960754395
(18,20): -8.156001567840576e-05
(18,21): 0.0009571170806884766
(18,22): 0.0006787091493606568
(18,23): -0.0015860140323638917
(18,53): 0.002084530591964722
(18,56): 0.0013778746128082276
(18,61): -0.00018565475940704346
(19,3): -0.0002803748846054077
(19,4): -0.0028663390874862672
(19,5): -0.002235376238822937
(19,6): 2.421438694000244e-05
(19,18): -0.0018747955560684203
(19,20): -0.0019854211807250974
(19,21): -0.0008189815282821655
(19,22): 0.0008607631921768188
(20,1): 0.0012114989757537843
(20,3): 0.0012661862373352052
(20,4): 0.0025398612022399904
(20,5): 0.0007579690217971802
(20,6): 0.0010973876714706421
(20,18): 0.002764931917190552
(20,19): 0.0005675792694091797
(20,21): 0.0004804414510726929
(20,22): 0.0009028851985931396
(20,42): 0.00335956871509552
(20,44): 0.005673471689224243
(20,45): -4.21142578125e-05
(20,57): 0.003291093111038208
(20,61): 0.0019343745708465575
(21,1): -0.001065269112586975
(21,18): 0.0013855201005935668
(21,19): -0.001136789321899414
(21,20): 0.0004905462265014648
(21,22): -5.05208969116211e-06
(21,23): -0.0004105734825134277
(21,45): -0.0003315198421478271
(22,18): 0.0008231210708618164
(22,19): 0.004085249304771423
(22,20): 0.0007436102628707885
(22,21): 0.0017550188302993775
(22,23): -2.587020397186279e-05
(22,55): 0.0020282495021820067
(23,18): 0.0020564502477645875
(23,21): 0.000222628116607666
(23,22): 0.0005858659744262696
(23,54): 0.0018001776933670045
(23,55): 0.0020730727910995483
(23,56): 0.0009896665811538695
(23,57): 0.0003101259469985962
(24,0): 0.001159430146217346
(24,9): 0.000537407398223877
(24,16): -0.00011239767074584961
(24,26): 0.001361963152885437
(24,27): 0.0030479347705841065
(24,30): 7.271945476531982e-05
(24,31): 0.0005086642503738403
(24,34): 0.0004223257303237915
(24,41): 0.00045552074909210204
(24,50): 0.00027328550815582277
(24,57): 0.0010376840829849244
(25,7): 0.0004383695125579834
(25,8): 0.0006944304704666138
(25,10): -7.087826728820801e-05
(25,12): -5.1436424255371096e-05
(25,26): 0.0008353835344314575
(25,27): 0.002722398042678833
(25,32): 0.001199081540107727
(25,33): 0.0001497197151184082
(25,34): 0.0016887402534484864
(25,37): -0.0018345630168914795
(25,44): 0.0016894519329071044
(26,8): 0.0011346435546875
(26,9): 0.0012624770402908324
(26,24): 0.0011283791065216065
(26,25): 0.0006326448917388916
(26,27): 0.0005479973554611207
(26,32): 0.0011880892515182496
(26,33): -4.730761051177979e-05
(26,34): 0.0005913537740707398
(26,37): -0.0005308824777603149
(26,42): 0.0004952716827392579
(26,59): -7.4995756149292e-05
(27,0): 0.0012306308746337891
(27,1): 0.0020955801010131836
(27,9): 0.000729374885559082
(27,24): 0.0005140060186386108
(27,25): 0.000778721570968628
(27,26): 0.0013482969999313353
(27,34): 0.0010460346937179565
(27,44): 0.0009240144491195678
(28,14): 0.00033618032932281495
(28,15): -0.0005470407009124756
(28,16): 0.0013585984706878662
(28,17): 0.00027744650840759276
(28,29): 0.0017773300409317017
(28,30): 6.789922714233399e-05
(28,31): -0.0005891746282577514
(28,35): 0.0010870093107223512
(29,0): 0.0019087791442871094
(29,14): 0.0017106050252914428
(29,15): 0.0012379324436187745
(29,16): 0.0004922378063201904
(29,17): 0.00046150684356689454
(29,28): 4.19461727142334e-05
(29,30): 0.001337551474571228
(29,31): 0.0012459099292755128
(29,35): 0.0005292290449142456
(29,36): -0.0004767829179763794
(29,48): 0.00014649152755737303
(30,0): 0.0008055156469345092
(30,16): 0.0007900100946426392
(30,17): 0.00023321270942687987
(30,24): 0.0019329029321670532
(30,28): 0.00021036624908447266
(30,29): 0.0016238856315612792
(30,31): 0.0007166033983230591
(30,35): 0.0019025993347167969
(30,36): -0.0008140474557876587
(30,52): -0.0010553336143493653
(30,58): 0.0013499921560287476
(30,60): 0.0004991883039474487
(31,0): 0.0002229088544845581
(31,9): 0.001100108027458191
(31,15): 0.0005703967809677124
(31,16): 0.00043225407600402835
(31,17): 0.0003046596050262451
(31,24): -0.0007111388444900513
(31,28): 0.00048458337783813477
(31,29): -0.0001972174644470215
(31,30): 0.0009821879863739014
(31,35): 0.00016376316547393798
(31,36): -0.0004469966888427734
(31,62): 0.0013166123628616333
(32,8): 0.000358511209487915
(32,12): 0.0018270355463027954
(32,13): 0.0015980082750320435
(32,25): -0.0006233811378479004
(32,26): 0.0007419896125793457
(32,33): -0.0003384387493133545
(32,34): -0.00019721806049346924
(32,42): 0.0003918993473052978
(32,58): 6.13337755203247e-05
(33,8): -0.0003774237632751465
(33,25): 0.0012637007236480713
(33,26): 0.0012803363800048828
(33,32): 0.00042103469371795654
(33,34): -0.00036305129528045653
(33,37): -6.562411785125732e-05
(33,57): 0.0019012385606765748
(33,59): 7.176399230957032e-06
(34,7): 9.856104850769043e-05
(34,9): 0.0004617536067962646
(34,24): 0.0014913374185562135
(34,25): -0.0006271463632583618
(34,26): -5.453407764434814e-05
(34,27): 0.0010059529542922974
(34,32): 0.000445868968963623
(34,33): -1.863718032836914e-05
(34,37): 0.0002199387550354004
(34,44): 0.0022312933206558227
(35,0): 0.0003808730840682983
(35,14): 0.0003851145505905151
(35,15): 0.0008264631032943726
(35,16): 0.0007632315158843994
(35,17): 0.0007579934597015381
(35,28): 0.0005407673120498657
(35,29): -5.351245403289795e-05
(35,30): 0.0007199239730834961
(35,31): 1.4830827713012695e-05
(35,36): 0.0003355127573013306
(36,14): 0.0010741132497787476
(36,15): -6.921529769897461e-05
(36,16): 0.0031596457958221434
(36,17): 0.003659031391143799
(36,29): 0.0008641999959945679
(36,30): 0.0017519092559814453
(36,31): 0.0018569707870483398
(36,35): -0.0021419155597686766
(37,8): 0.002803613543510437
(37,12): 0.0015081202983856202
(37,13): 0.0018943387269973755
(37,25): 8.394837379455567e-05
(37,26): 0.0021358847618103026
(37,33): 0.001201304793357849
(37,34): 0.0042604243755340575
(38,1): 0.0017269474267959594
(38,39): 0.000984659194946289
(38,61): -0.0023489636182785034
(39,0): 0.002240734100341797
(39,1): -0.0004982060194015503
(39,38): 0.0006107318401336669
(39,55): 0.0013992303609848022
(39,61): 0.0006595045328140259
(40,3): 0.0018841242790222168
(40,4): 0.002726672887802124
(40,53): -0.002043871879577637
(40,54): -0.0008958667516708374
(41,8): 0.0006054711341857911
(41,9): 0.0004209214448928833
(41,10): -0.0001334214210510254
(41,12): 0.0010696309804916382
(41,13): 0.0007843345403671265
(41,24): 9.762406349182128e-05
(41,57): -8.081018924713135e-05
(42,8): -0.0004920971393585205
(42,10): 0.0006401109695434571
(42,11): 0.0021127885580062866
(42,12): 0.0008714431524276733
(42,20): 0.005656343102455139
(42,26): 0.00022196054458618165
(42,32): 0.0023231959342956544
(43,8): 0.00181459903717041
(43,59): 0.0007927787303924561
(44,10): 0.0016589295864105225
(44,12): 0.0008388668298721314
(44,13): 0.0010029709339141846
(44,16): 0.0014034295082092285
(44,20): 0.0014404183626174926
(44,25): 0.0002928328514099121
(44,27): 0.0010211211442947388
(44,34): 0.0004785346984863281
(45,10): 0.0003425043821334839
(45,12): 0.001414138674736023
(45,20): 0.0008403086662292481
(45,21): 0.001189723014831543
(46,14): 0.0003808248043060303
(46,51): -0.00039965152740478515
(47,14): 0.00017245233058929443
(47,60): -1.0347366333007812e-06
(47,62): 0.000222586989402771
(48,14): 0.00012558937072753906
(48,29): 0.0003487992286682129
(49,15): 0.0002601015567779541
(49,16): 0.0009925520420074462
(49,59): 9.276330471038818e-05
(50,15): 0.0005215555429458618
(50,24): 0.0015824490785598755
(51,17): 0.0006877207756042481
(51,46): 0.0005513817071914673
(52,17): 0.00033296287059783933
(52,30): 0.0007904821634292603
(53,10): -0.0003551667928695679
(53,18): 0.0005285763740539551
(53,40): -0.0003965532779693604
(53,54): 0.0007296282052993774
(54,23): 0.0006047338247299194
(54,40): -0.0010193276405334472
(54,53): 0.00021545231342315674
(54,56): -4.752635955810547e-05
(55,22): 0.0008909928798675537
(55,23): 0.0013565129041671752
(55,39): -0.0005864173173904419
(55,61): 0.0015964388847351074
(56,18): 0.0002546769380569458
(56,23): 0.0002369135618209839
(56,54): 0.0007826966047286987
(57,7): 0.0002149897813796997
(57,16): 0.000121651291847229
(57,20): 0.0010919439792633056
(57,23): -2.2847652435302734e-05
(57,24): 0.00010266780853271484
(57,33): 0.0009130889177322388
(57,41): 0.0006575894355773926
(58,8): 0.0003367340564727783
(58,13): -0.00012371242046356202
(58,17): 0.00039659857749938963
(58,30): 0.0014355415105819702
(58,32): 0.0010212695598602296
(59,26): 0.0004983502626419068
(59,33): 0.0011935490369796753
(59,43): -0.00020670115947723388
(59,49): -0.00011997461318969726
(60,9): 0.0009268218278884888
(60,30): 0.0006787019968032837
(60,47): 0.00012570381164550781
(60,62): -0.0003818100690841675
(61,10): -3.268599510192871e-05
(61,18): 0.0005638575553894042
(61,20): -0.0011185985803604127
(61,38): -0.0009694737195968628
(61,39): 0.0016904932260513306
(61,55): 0.0009770911931991577
(62,16): 0.001046718955039978
(62,31): 0.0019029128551483155
(62,47): 4.030764102935791e-05
(62,60): -4.310011863708496e-06
