Interaction name: 6fng

Predicted class: 1
Predicted probability: 0.5393872857093811
Sum of phi edges: 0.04618161857128143

Pertinent positive set edge index: tensor([[17],
        [29]], device='cuda:0')

Number of pertinent positive edges connecting protein pseudo-atoms: 0
Number of pertinent positive edges connecting ligand pseudo-atoms: 1
Number of pertinent positive edges connecting protein and ligand pseudo-atoms: 0

Minimal top k set edge index: tensor([[17,  6, 48, 28, 15,  3, 19, 56, 17, 37, 25, 26, 26, 26, 25, 25, 26, 26,
         26, 26, 26, 25, 25, 25, 25, 25, 26, 26,  0, 27, 29, 29, 29, 29, 29, 29,
         28, 28, 28, 28, 28, 27, 27, 27, 27, 27, 27, 27, 25, 26, 27, 24, 25, 22,
         22, 21, 21, 21, 21, 21, 20, 22, 20, 20, 20, 20, 20, 20, 19, 19, 19, 20,
         22, 22, 22, 24, 29, 24, 24, 24, 24, 24, 24, 23, 23, 23, 23, 23, 23, 23,
         23, 23, 22, 22, 25, 30, 31, 31, 50, 50, 50, 49, 49, 49, 48, 48, 48, 47,
         47, 47, 46, 46, 46, 46, 46, 46, 45, 50, 45, 50, 51, 57, 57, 57, 57, 57,
         56, 56, 56, 56, 55, 54, 54, 54, 54, 53, 53, 52, 51, 51, 51, 30, 45, 45,
         38, 37, 37, 36, 36, 36, 36, 35, 34, 34, 34, 33, 33, 33, 33, 32, 32, 32,
         19, 38, 45, 38, 39, 44, 44, 43, 43, 43, 43, 42, 41, 41, 41, 41, 41, 40,
         40, 40, 39, 39, 39, 39, 39, 19, 19, 57,  8,  8,  7,  7,  7,  7,  7,  7,
          7,  7,  7,  7,  7,  6,  6,  6,  6,  6,  6,  8,  6,  8,  8, 10, 10, 10,
          9,  9,  9,  9,  9,  9,  9,  9,  9,  9,  9,  9,  9,  8,  8,  8,  8, 10,
          6,  5,  2,  2,  2,  2,  1,  1,  1,  1,  1,  1,  1,  1,  1,  0,  0,  0,
          0,  0,  0,  2,  6,  2,  3,  5,  5,  5,  5,  5,  5,  5,  5,  5,  4,  4,
          4,  4,  4,  3,  3,  3,  3,  3,  3, 19, 10, 10, 17, 17, 16, 16, 16, 16,
         16, 16, 17, 16, 16, 16, 15, 15, 15, 15, 15, 15, 16, 17, 17, 17, 19, 19,
         19, 18, 18, 18, 18, 18, 18, 18, 18, 17, 17, 17, 17, 17, 17, 17, 17, 10,
         15, 15, 14, 12, 12, 12, 12, 12, 12, 12, 11, 14, 11, 11, 11, 11, 11, 11,
         11, 10, 10, 11, 12, 57, 12, 14, 14, 14, 14, 14, 14, 14, 14, 13, 12, 13,
         13, 13, 13, 13, 13, 13, 13, 13, 18, 12, 17, 31, 18, 39],
        [29, 17, 19, 19, 26, 29, 57, 18, 39, 12, 15, 25, 17, 16, 12, 13, 15, 13,
         12,  6, 39, 51, 14, 26, 17, 16, 14,  1,  5,  0, 18, 17,  6,  3,  2,  1,
         21, 20,  4,  3,  1, 24, 23, 22, 11, 10,  8,  7,  6, 57,  5, 43,  0,  8,
          7, 55, 28, 20, 19,  4, 54,  9, 39, 21, 19,  4,  3,  1, 54, 50, 48, 28,
         10, 23, 27, 44, 19, 27, 11, 10,  9,  8,  5, 42, 41, 40, 27, 22, 10,  9,
          8,  7, 38, 37,  5,  0,  4,  3, 17, 13,  9, 53, 47, 18, 33, 17, 16, 49,
         17, 16, 56, 45, 43, 32, 17, 11, 46, 18, 32, 19, 25, 26, 19, 18, 15, 14,
         57, 46, 43, 12, 21, 20, 19, 18, 17, 49, 16, 14, 36, 33, 17, 39, 14, 11,
          7, 41, 22, 51, 18,  9,  7,  7, 41, 40,  7, 57, 51, 48,  6, 46, 45,  5,
         29, 10, 13, 22, 17, 24, 11, 56, 46, 24,  9, 23, 40, 37, 34, 23,  7, 41,
         34, 23, 30, 26, 20, 18, 12, 28, 20, 33,  7,  5, 41, 38, 36, 35, 34, 27,
         23, 22, 10,  9,  8, 33, 29, 26, 25, 16, 15,  9, 14, 10, 22,  9,  8,  7,
         50, 43, 39, 36, 24, 23, 22, 11, 10,  8,  7,  5,  0, 27, 24, 23, 11, 11,
         12, 32, 18, 17,  3,  1, 29, 28, 26, 20, 19, 17,  6,  3,  2, 30, 27, 25,
         13, 12,  9, 29,  1, 31,  2, 27, 25, 24, 13, 12, 11,  9,  8,  0, 31, 28,
         21, 20, 19, 31, 28, 20, 19, 17,  1, 21, 22, 24,  3,  1, 53, 48, 47, 26,
         25, 17,  6, 15, 13,  6, 57, 25, 17, 16, 14, 13, 14, 15, 16, 18,  4,  3,
          1, 57, 56, 54, 50, 49, 39, 29, 17, 54, 51, 50, 48, 47, 46, 26, 25, 23,
          6, 12, 52, 26, 25, 15, 14, 13,  5,  0, 46, 57, 45, 27, 24, 10,  9,  8,
          5, 38, 27, 44, 37, 56, 56, 45, 26, 25, 16, 15, 13, 12,  6, 50, 39, 45,
         26, 25, 16, 15, 14, 12,  5,  0, 36,  6,  2,  2,  2,  9]],
       device='cuda:0')

Number of minimal top k edges connecting protein pseudo-atoms: 0
Number of minimal top k edges connecting ligand pseudo-atoms: 5
Number of minimal top k edges connecting protein and ligand pseudo-atoms: 5

Number of relevant edges connecting protein pseudo-atoms: 0
Number of relevant edges connecting ligand pseudo-atoms: 5
Number of relevant edges connecting protein and ligand pseudo-atoms: 5
