Test set index: 537

Target Class: 0

Target compound: TARGET

Sum of Shapley Values: 0.7420010301992496

Shapley values:
-0.025507760486455432
0.014535487309889912
-0.03290748995493861
-0.03316720438021575
0.04271159204427384
-0.06127509001930321
0.05070424723018178
-0.006119087634777862
0.001851354735096876
0.06996751073810713
0.06279420388740978
0.19839454672731022
0.15325552643964285
0.005541556816092461
0.02739895521662542
-0.020662147648188283
0.01491472964321146
0.023227888673060814
0.11824855070928803
-0.0010192219281756464
-0.025946462710054186
-0.08308249368542159
0.06497059954450922
-0.008784128376737355
-0.011626773302459694
0.008239045976676384
-0.0028851676827476784
0.0019565974028085
-0.013594924018797503
0.008902787921212655
-0.013932034193224006
-0.006749930954430729
0.03141958579488064
0.008520406456182471
0.010343952251972113
0.02366602959634296
-0.0067224488469925965
0.04789968431353455
-0.022799390944885964
0.05339659065447278
0.033333136174999826
-0.0029533087929736147
-0.033612035370965646
-0.0036350223051517107
0.041167270927751194
0.007776550911635291
-0.009456147199787967
0.032726264883470794
-0.0035384343306320977
-0.03120952048681225
0.01904691954819605
0.02349289992172433
-0.006553686609091628
-0.013690189281390432
0.007656228211601854
0.012168103594176742
-0.0031859131298192433
0.006388240217341225

Minimal top-k Set:
Set indices on edge ranking: [11, 12, 18, 9]
Set edge index: tensor([[ 5,  5,  8,  4],
        [ 6, 18,  9,  5]], device='cuda:0')
FID+: 0.999920831687632

Pertinent Positive Set:

Pertinent set edge index: tensor([[ 5,  5,  8,  4],
        [ 6, 18,  9,  5]], device='cuda:0')
FID-: 0.0014579296112060547
Minimal top-k Set GNNExplainer:
Set indices on edge ranking: [7, 47, 43, 5, 57, 51, 45, 14, 15, 40, 6, 46, 38, 13, 37, 39, 48, 31, 19, 16, 22, 34]
Set edge index: tensor([[ 3, 21, 19,  2, 26, 23, 20,  6,  7, 18,  3, 21, 17,  6, 17, 18, 21, 13,
          8,  7, 10, 15],
        [ 4, 22, 26,  3, 24, 24, 21,  7,  6, 17,  2, 20, 18,  5,  8,  5, 23, 15,
         10,  8,  8, 16]], device='cuda:0')
FID+: 0.7229230999946594

Pertinent Positive Set GNNExplainer:

Pertinent set edge index: tensor([[ 3, 21, 19,  2, 26, 23, 20,  6,  7, 18,  3, 21, 17,  6, 17, 18, 21, 13,
          8,  7, 10, 15,  4, 16,  8, 14],
        [ 4, 22, 26,  3, 24, 24, 21,  7,  6, 17,  2, 20, 18,  5,  8,  5, 23, 15,
         10,  8,  8, 16,  5, 10,  7, 13]], device='cuda:0')
FID-: 0.09917795658111572