Test set index: 537

Target Class: 0

Target compound: TARGET

Sum of Shapley Values: 0.9228971747650432

Shapley values:
-0.0401683218874213
0.05913886155532513
-0.04157802361427779
-0.027945587700672965
0.021660315226298077
-0.053713074361226826
0.03879645051787041
-0.02452086500521643
0.04912437382496968
-0.004803081587226012
0.08939880101627581
0.13809699165764966
0.05709292486732557
0.019279938584655695
0.03447749172289431
-0.017980173791576064
0.05487023376064393
0.026024957892362054
0.4499698997810946
-0.04048311357178461
-0.0281327359860518
-0.18333812910982317
0.08405746793344326
-0.008776533311083053
-0.001212311841852728
0.0038826754676661176
-0.003989222613860464
0.0024723843362841
-0.006449549740768494
0.008636424845239158
0.022218069017162136
0.003927521884535959
0.0015370698734735954
-0.00884012036943588
0.003669091769805227
0.006628851661061117
-0.00478911955945117
0.08221369381476747
-0.01876239300085407
0.027945812715625448
0.026918041152563365
0.05654863135166574
-0.01627275335159983
-0.0035314104867691706
0.030892885471318982
-0.01553122188068197
0.006776445638699281
-0.08103475192572407
0.005608106009062841
0.1092215358398383
0.005770809144301435
0.0052961483858532995
-0.009309473285691991
0.003257388893829528
-0.0035421186870568514
-0.005203779694529704
0.02895850765599523
0.008436237860123217

Minimal top-k Set:
Set indices on edge ranking: [18, 11]
Set edge index: tensor([[8, 5],
        [9, 6]], device='cuda:0')
FID+: 0.7341538965702057

Pertinent Positive Set:

Pertinent set edge index: tensor([[ 8,  5, 22,  5],
        [ 9,  6, 21,  4]], device='cuda:0')
FID-: 0.3792811632156372
Minimal top-k Set GNNExplainer:
Set indices on edge ranking: [7, 32, 6, 31, 14, 40, 37, 39, 38, 15, 13, 23, 16, 47, 9, 46, 8, 24, 20, 17, 19, 18, 30]
Set edge index: tensor([[ 3, 14,  3, 13,  6, 18, 17, 18, 17,  7,  6, 10,  7, 21,  4, 21,  4, 10,
          8,  8,  8,  8, 13],
        [ 4, 13,  2, 15,  7, 17,  8,  5, 18,  6,  5, 11,  8, 22,  5, 20,  3, 16,
         17,  7, 10,  9, 14]], device='cuda:0')
FID+: 0.9998552282777382

Pertinent Positive Set GNNExplainer:

Pertinent set edge index: tensor([[ 3, 14,  3, 13,  6, 18, 17, 18, 17,  7,  6, 10,  7, 21,  4, 21,  4, 10,
          8,  8,  8,  8],
        [ 4, 13,  2, 15,  7, 17,  8,  5, 18,  6,  5, 11,  8, 22,  5, 20,  3, 16,
         17,  7, 10,  9]], device='cuda:0')
FID-: 0.07038867473602295