Test set index: 537

Target Class: 0

Target compound: TARGET

Sum of Shapley Values: 1.1681373562491102

Shapley values:
-0.006197199471929481
-0.006613057212938696
0.0025468295448981748
-0.0037939121967186205
0.02126664453686398
-0.001182683946411126
0.012513179112078797
0.0008255812745170532
0.0316769483671434
0.033588448058118864
0.0604517918915462
0.09621347966110505
0.09445816135709943
0.024604881826275838
0.017417510678931224
0.006397446958872305
0.007363100902563951
0.041612590924658334
0.5134452788252255
-0.001421627171273964
0.013878843210459797
0.0794006393225135
0.030850477175391324
-0.0014998346952581857
-0.00038887293751157793
0.015624216644446015
-0.00015047977799976945
0.0008931013737388063
-0.001613773326019185
0.00509582138930328
-0.014231452365863368
0.009116346340629737
0.02897212208075564
-0.0008907582819810084
-0.00029212506574882616
0.00016257428147908718
4.743802249332192e-05
-0.014530694905841073
-0.005735099522706067
0.02122458980843876
0.02428936539487302
0.013312535897459406
-0.0026707907914732387
-0.0034984060416276804
0.002129090839879481
-0.006424429213530708
-0.0025256211772498433
-0.014160255382198582
0.0013541059822283921
0.024136643286589692
0.0055668164758924344
0.01029587514720503
0.0020720249974392384
0.0017455955107775496
-0.006739066313818577
0.00024088579071964434
0.0018413705209675932
0.006065142633630684

Pertinent Negative Set:
Pertinent set indices on edge ranking: [18, 11]
Pertinent set edge index: tensor([[8, 5],
        [9, 6]], device='cuda:0')
FID+: 1.0

Pertinent Positive Set:

Pertinent set edge index: tensor([[ 8,  5,  5,  9,  5,  8,  4,  4, 10, 14],
        [ 9,  6, 18,  8,  4,  7,  5,  3,  8, 13]], device='cuda:0')
FID-: 0.29135775566101074
Pertinent Negative Set GNNExplainer:
Pertinent set indices on edge ranking: [24, 15, 45, 9, 37, 13, 51, 50, 44, 12, 6, 16, 39, 17]
Pertinent set edge index: tensor([[10,  7, 20,  4, 17,  6, 23, 23, 20,  5,  3,  7, 18,  8],
        [16,  6, 21,  5,  8,  5, 24, 21, 19, 18,  2,  8,  5,  7]],
       device='cuda:0')
FID+: 0.9993073751102202

Pertinent Positive Set GNNExplainer:

Pertinent set edge index: tensor([[10,  7, 20,  4, 17,  6, 23, 23, 20,  5,  3,  7, 18,  8,  5,  3, 19, 18,
          2,  6, 17,  9,  8, 10, 26,  8, 11,  8],
        [16,  6, 21,  5,  8,  5, 24, 21, 19, 18,  2,  8,  5,  7,  4,  4,  1, 17,
          1,  7, 18,  8, 10, 11, 24, 17, 10,  9]], device='cuda:0')
FID-: 3.0159950256347656e-05