sum: 0.9618944884988618

[0.0030613478129573163,
 0.1474566925330229,
 0.016047633408743264,
 0.022409428752148006,
 0.005794787662752705,
 0.02569274608898196,
 -0.024678762534329535,
 -0.0142397200401241,
 -0.06283529300464621,
 -0.017437360790678244,
 0.008120207465485774,
 0.034053228203460795,
 0.0072447400061385215,
 0.013461003486053036,
 -0.03017658772692098,
 -0.007437509195740294,
 0.09298295358959047,
 0.15173668400248125,
 0.010997115271623033,
 -0.03403688186640148,
 0.08092628105872209,
 -0.0013683274513227115,
 -0.002363008430297875,
 0.0020925309943080526,
 0.0016874769023164688,
 -0.00011302574839064835,
 -0.0031004577575355317,
 -0.005339617527775374,
 0.009364499882542848,
 -0.0003660757094435788,
 -0.006966528382062837,
 -0.0013012021193312467,
 0.0225738539883826,
 -0.00018238004873179093,
 -0.0003342071697203355,
 -0.00014774003568593453,
 0.00807467808014634,
 -0.0017362704904622384,
 0.008317022333081308,
 -0.0032823465596551844,
 0.006340668137365334,
 -0.01083299277153825,
 -0.019939850100834634,
 -0.004673494780199422,
 0.0010802665106787808,
 1.6959554533387404e-05,
 -0.0015629412425454303,
 0.0157524431339958,
 0.011244197006735783,
 0.12309514463946884,
 0.11420627008969704,
 0.1121180942741734,
 0.041724756749021985,
 -0.013653480572353478,
 -0.014343541959432724,
 0.0027250702288393104,
 0.04255947181012453,
 0.014797326704954818,
 0.052641584413336245,
 -0.03785361322899184,
 0.03250665158293259,
 0.0007150926094384914,
 -0.03289460872701485,
 0.004296061674422859,
 -0.0054846370939604415,
 -0.008067239210239021,
 0.00541144398938591,
 -0.007933520870786342,
 0.039718832158545506,
 -0.01349838298058818,
 -7.36978206516437e-05,
 0.018945799745906718,
 0.0027258571224584205,
 0.00014445712764597023,
 -0.004338716245648266,
 0.02096605614867434,
 0.015770164141004652,
 -0.004156692594017471,
 0.01265543998381847,
 -0.005607819773177686]