Test set index: 231

Target Class: 0

Target compound: TARGET

Sum of Shapley Values: 0.9487686618891141

Shapley values:
0.009737383537586217
-0.0025813378965044488
0.009952747849756065
0.008491114607350756
0.000750756591419311
0.0008940728945695198
-0.0002445792465778454
0.01929759860619616
-0.013282940999373709
-0.018827867671522388
0.01935047535421535
0.031266749914123884
0.06589210472817557
0.08895776084516056
-0.0019109897385096435
0.03235057122980869
0.041410430551765874
0.006309378459271943
0.11304811896078569
0.12817609719938372
0.18711397179346712
-0.0009043831544987207
0.0280868822518969
0.029700293336368457
0.0029741086388486004
0.01692501132083823
0.0199088922913112
-0.0011150307037887503
0.0757698328215908
-0.03399809170628654
-0.022780815104743387
0.056696840328160636
0.01111622002914836
-0.00047058629299433094
-0.016750221253772454
0.012828206662973952
-0.02404429965427556
-0.002429786890878809
0.033856611775959236
-0.0017197413570728688
-0.005615266626095469
0.006649523302432041
-0.007294867748667181
-0.020285902305558542
0.019363250589772875
-0.0006178291611668627
-0.0002909065599503357
-0.0018153140684086346
0.002478461151409158
-0.003776015134826528
0.0012852374947526374
-0.0007487279734966035
0.020347416243491054
-0.0048311786740430985
0.003461189589962323
0.011416316957413297
-0.001318648423243569
-0.005964553356423331
-0.019417133569560274
0.03364345071272691
-0.006694604948772378
-0.014515907192365453
-0.004864183864674165
0.025716117386539655
-0.009629407175104581
0.022286584333637994

Minimal top-k Set:
Set indices on edge ranking: [20, 19, 18, 13, 28]
Set edge index: tensor([[ 8,  8,  8,  5, 12],
        [25,  9,  7, 26, 13]], device='cuda:0')
FID+: 0.7244272232055664

Pertinent Positive Set:

Pertinent set edge index: tensor([[ 8,  8,  8,  5, 12],
        [25,  9,  7, 26, 13]], device='cuda:0')
FID-: 0.01777893304824829
Minimal top-k Set GNNExplainer:
Set indices on edge ranking: [10, 16, 22, 57, 1, 44, 23, 35, 15, 19, 14, 56, 27, 17, 6, 45, 58, 11, 61, 8, 32, 51, 24, 28, 4, 46, 26, 30, 52, 18, 20]
Set edge index: tensor([[ 4,  7,  9, 25,  1, 19, 10, 15,  6,  8,  6, 25, 12,  7,  3, 19, 26,  5,
         27,  4, 14, 22, 10, 12,  2, 20, 11, 13, 23,  8,  8],
        [27,  6, 10, 26,  0, 18,  9, 16,  7,  9,  5,  8, 11,  8,  2, 20,  5,  4,
         28,  3, 15, 23, 11, 13,  1, 19, 12, 14, 18,  7, 25]], device='cuda:0')
FID+: 0.7264896631240845

Pertinent Positive Set GNNExplainer:

Pertinent set edge index: tensor([[ 4,  7,  9, 25,  1, 19, 10, 15,  6,  8,  6, 25, 12,  7,  3, 19, 26,  5,
         27,  4, 14, 22, 10, 12,  2, 20, 11, 13, 23,  8],
        [27,  6, 10, 26,  0, 18,  9, 16,  7,  9,  5,  8, 11,  8,  2, 20,  5,  4,
         28,  3, 15, 23, 11, 13,  1, 19, 12, 14, 18,  7]], device='cuda:0')
FID-: 0.008333981037139893