Test set index: 231

Target Class: 0

Target compound: TARGET

Sum of Shapley Values: 1.0061546690145726

Shapley values:
-0.005454706684049067
-0.00123729795890843
0.018320845174858085
0.02444021506499707
0.028479764287103877
0.0002995122792815788
5.945503957759073e-05
-0.01721296556364749
0.007277481917662262
-0.00993107473729265
0.01938535221036552
0.033714009838555166
0.11495804668482364
0.09745688831239256
-0.018240895165404242
0.00525750722662352
0.03216860582798635
0.03393570206557132
0.11716660410080985
0.07753707464992654
0.1267203179266682
0.008236192613771853
0.02828233300748562
0.011449196114020906
0.0010541864298711935
-0.017788544215170243
0.015777138504778437
-0.000735948719041927
0.10449013655903513
-0.00730175642027097
-0.008178043120119811
0.06570997123811263
-0.005896972765862509
-0.001460380801159883
-0.0035844386810446917
0.019958812715006397
-0.021783156107640228
0.000294705300774089
0.007437844711362877
0.00570104982146997
-0.005806954250785837
0.0008276671386918043
-0.01739484217950428
-0.005486952375132751
0.009894537968156958
-0.00462496646498403
0.00531767862138913
0.0009906935529610495
0.001702208586167657
0.0033715119921292162
-0.0036091616954631524
0.004168870610989388
0.017286943655325522
-0.004686837069538302
0.004546099028697031
0.002748209262988531
0.03488821638411122
0.032980454030407086
-0.0016324549100535466
0.01918655592793916
-0.008784489561912051
0.003286518681278391
-0.004062632573647953
-0.03196622518620445
0.041892180836549935
0.024359070320736375

Pertinent Negative Set:
Pertinent set indices on edge ranking: [20, 18, 12, 28, 13, 19]
Pertinent set edge index: tensor([[ 8,  8,  5, 12,  5,  8],
        [25,  7,  6, 13, 26,  9]], device='cuda:0')
FID+: 0.7232899069786072

Pertinent Positive Set:

Pertinent set edge index: tensor([[ 8,  8,  5, 12,  5,  8, 14, 29, 25],
        [25,  7,  6, 13, 26,  9, 13,  1,  8]], device='cuda:0')
FID-: 0.009549319744110107
Pertinent Negative Set GNNExplainer:
Pertinent set indices on edge ranking: [15, 65, 12, 17, 24, 28, 13, 58, 16, 44, 25, 20, 21, 14, 30, 59, 64, 7]
Pertinent set edge index: tensor([[ 6, 29,  5,  7, 10, 12,  5, 26,  7, 19, 11,  8,  9,  6, 13, 26, 29,  3],
        [ 7, 27,  6,  8, 11, 13, 26,  5,  6, 18, 10, 25,  8,  5, 14, 25,  1,  4]],
       device='cuda:0')
FID+: 0.5712917149066925

Pertinent Positive Set GNNExplainer:

Pertinent set edge index: tensor([[ 6, 29,  5,  7, 10, 12,  5, 26],
        [ 7, 27,  6,  8, 11, 13, 26,  5]], device='cuda:0')
FID-: 0.00568842887878418