Test set index: 231

Target Class: 0

Target compound: TARGET

Sum of Shapley Values: 0.5544488636546648

Shapley values:
-0.04133512753088172
0.05735510501004365
-0.01356604256899118
0.004002610270856586
0.03495637023874451
-0.009800936713604642
-0.0002978243544242876
0.034274454874888886
-0.029870437425021976
-0.01744187354912189
-0.001137819397292466
-0.01124276210029398
0.01513758561402219
0.06354295241109022
0.06445596273180308
-0.014882228716841155
-0.0009887476177284358
0.05486365549508857
0.09953688685964687
-0.0666572743076127
0.07411830562566428
0.07299532821288263
-0.040410587279242606
0.051909066527015366
0.03668342903144715
0.00683540480389468
0.09581042485789594
-0.04683678469012368
0.12657504899982022
-0.16082185540370783
-0.052824891553325454
0.07295004280491667
0.0567165657189179
-0.010502455390096883
-0.04142052873730491
-0.007950245437760479
-0.013588263449491409
-0.023860430223456214
0.024939928424599262
0.0029932275491777903
-0.00407751274402687
0.008136403039536617
-0.03652174118399897
-0.011361973853255982
0.025227020629802154
-0.024388235951239432
0.03182364153121131
0.010294048879225724
0.0007594182321362402
0.04074614573587437
-0.02919752998419426
0.005507990295474559
0.021110038725871343
-0.011623971835075055
-0.011386769664102302
0.010126240906996636
0.005363466087942235
0.009238205374393748
0.022911136930302885
-0.012628280602959006
-0.00874720994303061
0.01881085612144336
0.0008621763420548589
-0.01492547840572115
0.03458567431709298
0.02858986505681681

Minimal top-k Set:
Set indices on edge ranking: [28, 18, 26, 20, 21, 31, 14]
Set edge index: tensor([[12,  8, 11,  8,  9, 14,  6],
        [13,  7, 12, 25,  8, 13,  5]], device='cuda:0')
FID+: 0.9056181460618973

Pertinent Positive Set:

Pertinent set edge index: tensor([[12],
        [13]], device='cuda:0')
FID-: 0.0004571676254272461