Interaction name: 5lwe

Predicted class: 1
Predicted probability: 0.8504165410995483
Sum of phi edges: 0.627398019433022

Pertinent positive set edge index: tensor([[49, 26, 28,  2,  2, 30, 29, 25, 16,  1,  2, 37,  1, 30, 11, 12, 40, 23,
         13, 10, 26,  0, 12, 17,  3, 25, 27, 35, 15,  3,  8, 14,  4, 20, 21, 17,
          1,  8, 24, 37, 15, 38, 29,  0, 22,  7, 12, 37, 11, 37, 17,  4, 12, 10,
         13,  8,  0, 17, 10, 17, 11, 23,  4, 19,  1, 14, 31, 15, 13],
        [24,  5, 37, 15, 14, 17,  3, 26, 24, 21, 16, 11, 10, 15, 19, 25, 17, 22,
         44, 44, 25, 10, 10, 24, 17, 12,  1, 44,  5, 24, 49,  5, 16,  6, 47, 16,
         27,  9, 15, 12, 22, 16,  4,  1, 18, 19, 30,  8,  9, 39,  2, 29, 20, 26,
         22, 34,  5, 15,  5, 40, 21, 15, 17, 25,  5, 18, 20, 23, 37]],
       device='cuda:0')

FID- using pertinent positive set: 0.1992902159690857

Number of pertinent positive edges connecting protein pseudo-atoms: 3
Number of pertinent positive edges connecting ligand pseudo-atoms: 36
Number of pertinent positive edges connecting protein and ligand pseudo-atoms: 19

Minimal top k set edge index: tensor([[49, 26, 28,  2,  2, 30, 29, 25, 16,  1,  2, 37,  1, 30, 11, 12, 40, 23,
         13, 10, 26,  0, 12, 17,  3, 25, 27, 35, 15,  3,  8, 14,  4, 20, 21, 17,
          1,  8, 24, 37, 15, 38, 29,  0],
        [24,  5, 37, 15, 14, 17,  3, 26, 24, 21, 16, 11, 10, 15, 19, 25, 17, 22,
         44, 44, 25, 10, 10, 24, 17, 12,  1, 44,  5, 24, 49,  5, 16,  6, 47, 16,
         27,  9, 15, 12, 22, 16,  4,  1]], device='cuda:0')

FID+ using minimal top-k set: 0.5680532455444336

Number of minimal top-k edges connecting protein pseudo-atoms: 2
Number of minimal top-k edges connecting ligand pseudo-atoms: 22
Number of minimal top-k edges connecting protein and ligand pseudo-atoms: 14

Number of relevant edges connecting protein pseudo-atoms: 7
Number of relevant edges connecting ligand pseudo-atoms: 50
Number of relevant edges connecting protein and ligand pseudo-atoms: 35

Shapley values for edges: 

(0,1): 0.008168230652809144
(0,5): 0.006719933226704598
(0,10): 0.011469430774450302
(0,11): 0.001891971156001091
(0,13): 0.004294458329677581
(0,21): 0.0010035036504268647
(0,25): 0.0008524088561534882
(0,26): -0.009348017424345016
(0,27): -0.005050703585147857
(0,28): 0.0017267197370529174
(1,0): 0.0010555973649024964
(1,5): 0.006343298777937889
(1,10): 0.013117307722568512
(1,11): -0.0036151722818613054
(1,21): 0.015062826573848725
(1,25): 0.003741757869720459
(1,27): 0.00828771024942398
(1,28): 0.0014624969661235809
(2,5): -0.0016844134032726289
(2,14): 0.02009209930896759
(2,15): 0.02275889277458191
(2,16): 0.014876035749912262
(2,17): -0.004610005319118499
(2,24): -0.004160439595580101
(2,27): -0.0019260205328464508
(2,28): -0.011400755941867829
(3,4): 0.005034904330968857
(3,16): 0.002879425287246704
(3,17): 0.010776693224906922
(3,24): 0.00913987010717392
(3,29): 0.003749130517244339
(4,3): 0.003803354948759079
(4,16): 0.008746540248394013
(4,17): 0.006373376697301865
(4,29): 0.007375566512346268
(5,0): -0.013992409259080886
(5,1): -0.008693636581301688
(5,2): -0.000475652664899826
(5,10): 0.002912297248840332
(5,11): -0.012241746559739112
(5,13): -0.016415768563747407
(5,14): -0.014527612477540969
(5,15): -0.0200930780172348
(5,17): -0.004572374373674392
(5,21): -0.018832352384924887
(5,22): -0.04072018325328827
(5,24): -0.008736011534929276
(5,25): -0.021003578305244446
(5,26): -0.02126552052795887
(6,7): -0.0008423061668872833
(6,8): -0.0021465449780225755
(6,9): 0.0033424009382724764
(6,12): 0.003686263486742973
(6,19): -0.0030626817047595977
(6,20): -0.003724759966135025
(6,30): 0.003696542531251907
(7,6): -0.0034480305016040803
(7,8): 0.0029715631902217867
(7,9): 0.0017935948073863983
(7,12): 0.001119888573884964
(7,19): 0.008029723763465882
(7,20): 0.0028019054234027863
(7,31): 0.00182294562458992
(7,32): 0.0023421286046504974
(7,37): 0.004779593348503113
(7,43): 0.0019949543476104736
(7,47): 0.0009373073279857635
(8,6): 0.005897426530718803
(8,7): 0.003251967877149582
(8,9): 0.008278660997748375
(8,12): 0.005483956933021545
(8,19): 0.0016733729839324952
(8,20): 0.002144131362438202
(8,31): 0.002494504004716873
(8,33): -0.006513010263442993
(8,34): 0.006953055262565613
(8,35): 0.003024139404296875
(8,37): 0.0017934978008270265
(8,42): 0.004259757101535797
(8,49): 0.008804947286844254
(9,6): 0.0030827133357524874
(9,7): 0.0001759491115808487
(9,8): 0.004736149609088898
(9,10): -0.00040912821888923647
(9,11): -0.0055537566542625426
(9,12): -0.0002764541655778885
(9,19): 0.0011273746192455292
(9,20): 0.004459770917892456
(9,21): -0.00018857359886169432
(9,25): 0.0030814707279205322
(9,34): 0.002530510723590851
(10,0): -0.015504208654165267
(10,1): -0.004173576012253761
(10,5): 0.0066161338984966275
(10,9): 0.003710191398859024
(10,11): 0.0018016031384468078
(10,12): 0.0032009240984916688
(10,13): 0.0033361709117889406
(10,20): 0.0006989008188247681
(10,21): -0.00012695685029029847
(10,25): 0.0012924094498157502
(10,26): 0.007248755991458893
(10,30): 0.0015023043751716614
(10,42): 0.002788488194346428
(10,44): 0.011623255163431167
(10,49): -0.0019665656238794325
(11,0): -0.014067651107907295
(11,1): -0.0013796606659889222
(11,5): 0.0032298268377780916
(11,9): 0.007662853896617889
(11,10): 0.0008424879610538483
(11,12): 0.0012517042458057403
(11,19): 0.012870745658874512
(11,20): 0.0017509466409683227
(11,21): 0.006470777913928032
(11,25): 0.0038883914053440094
(11,37): -0.005885644853115082
(12,6): -0.003041563481092453
(12,7): 0.0034434890747070315
(12,8): 0.0022485263645648955
(12,9): 0.0001973143219947815
(12,10): 0.011255700886249543
(12,11): 0.005641149878501892
(12,19): 0.0007145310938358307
(12,20): 0.007324312925338745
(12,21): 0.0011006636917591094
(12,25): 0.012593975812196732
(12,30): 0.007892247512936592
(12,37): 0.0012690271437168122
(12,42): 0.005088683813810348
(13,0): -0.009991446882486344
(13,5): -0.0026710494607686997
(13,10): 0.00021792545914649963
(13,14): -0.0017871155589818954
(13,15): 0.00016212254762649537
(13,21): 0.00022858351469039916
(13,22): 0.007122154980897903
(13,23): 0.003722546249628067
(13,25): 0.0022549314051866533
(13,36): -0.0002801673114299774
(13,37): 0.005915953740477562
(13,40): 0.000901608020067215
(13,44): 0.012047867476940154
(14,2): 0.003169627636671066
(14,5): 0.008792706578969956
(14,13): -0.0005867315828800201
(14,15): 0.00036957815289497377
(14,18): 0.006196912229061127
(14,22): 0.0027223239839076997
(14,23): -0.0011807095259428024
(14,24): 0.004449743926525116
(14,26): 0.004647186845541
(14,37): 0.005106316953897476
(14,38): -0.010084747821092605
(14,40): 0.002174667865037918
(14,41): -0.0021138568222522735
(14,47): 0.004761098176240921
(14,48): 0.0031823915243148803
(15,2): -0.0025747784972190856
(15,5): 0.009617661982774734
(15,13): -0.0029633420705795287
(15,14): 0.002602841556072235
(15,17): 0.0012731754779815674
(15,22): 0.008200101554393768
(15,23): 0.006019052565097809
(15,24): 0.004977638721466064
(15,26): 0.0038833752274513244
(15,30): 0.0031151603162288665
(15,49): 0.0012777306139469147
(16,2): 0.004971649646759033
(16,3): -0.004401343017816544
(16,4): -0.006745834648609161
(16,17): -0.007593117654323578
(16,24): 0.01546239897608757
(16,38): -0.0005336292088031769
(16,39): 0.002960076481103897
(17,2): 0.007513572424650192
(17,3): -0.0017831365764141083
(17,4): 0.004020523428916931
(17,5): 9.954251348972321e-05
(17,15): 0.006682088077068329
(17,16): 0.008296101838350296
(17,24): 0.0109222761541605
(17,30): 0.0016063250601291656
(17,40): 0.006582780927419663
(17,47): 0.005624865591526032
(18,14): -0.002545357644557953
(18,22): 0.0005014978349208831
(18,23): 0.0035627907514572143
(18,41): -0.004568644538521766
(18,42): 0.0017757391929626464
(18,47): 0.002027416303753853
(18,48): 0.0028081847727298736
(19,6): 0.0014790177345275878
(19,7): 0.00256673090159893
(19,8): 0.003426370546221733
(19,9): 0.00038635432720184325
(19,11): 0.0017613216489553451
(19,12): 0.0008315569162368774
(19,20): 0.0016047494113445283
(19,21): -0.005372826606035232
(19,25): 0.006365638673305512
(20,6): 0.008555899411439895
(20,7): -0.0011142495274543763
(20,8): 0.00413915365934372
(20,9): -0.0018124669790267945
(20,10): 0.0005520358681678772
(20,11): 0.0011074115335941315
(20,12): 0.0010329730808734893
(20,19): 0.005552287846803665
(20,21): 0.005612660497426987
(20,25): 5.503043532371521e-05
(20,31): 0.001995513141155243
(21,0): 0.004952115118503571
(21,1): -0.003919797390699387
(21,5): -0.002123122066259384
(21,9): 0.0037976677715778353
(21,10): 0.002739662975072861
(21,11): -0.0007225403189659119
(21,12): 0.0025744193792343138
(21,13): 0.0037892960011959077
(21,19): 0.005008966475725174
(21,20): 0.00030867114663124084
(21,26): 0.0026527990400791166
(21,36): -0.0031318563222885133
(21,40): 0.00016858100891113282
(21,47): 0.00835542157292366
(22,5): 0.004898046627640724
(22,13): 0.0016070960462093353
(22,14): 0.004193988442420959
(22,15): -0.0047909200191497804
(22,18): 0.008136610388755799
(22,23): -0.0005887836217880249
(22,26): -0.00020341023802757262
(22,45): -0.0008937644213438034
(23,13): -0.0015165072679519654
(23,14): 0.0039322629570961
(23,15): 0.006469477415084839
(23,18): 0.0023918597400188445
(23,22): 0.012145235687494278
(23,26): -0.00044718921184539796
(23,46): 0.005455385595560074
(24,2): -0.0022457297146320342
(24,3): 0.002260928601026535
(24,5): 0.004201813563704491
(24,14): -0.006425302475690842
(24,15): 0.00827425479888916
(24,16): 0.004991395324468613
(24,17): 0.0008076545596122742
(24,49): -0.00031998902559280393
(25,0): 0.00038522407412528993
(25,1): 0.002988465204834938
(25,5): 0.0022735144197940827
(25,9): 0.004493636637926101
(25,10): -0.011595070511102677
(25,11): -0.0159561787545681
(25,12): 0.01064046546816826
(25,13): 0.0007874698936939239
(25,19): 0.0035444402694702146
(25,20): -0.004791382402181625
(25,26): 0.015782282203435898
(26,0): -0.011758537590503692
(26,5): 0.024409913122653962
(26,10): 0.004161665588617325
(26,14): -0.018131648898124696
(26,15): 0.0028900379687547685
(26,21): 0.0009087866544723511
(26,22): -0.002034657001495361
(26,23): 0.002583414167165756
(26,25): 0.011488505601882935
(27,0): 0.0019839076697826387
(27,1): 0.010345181822776795
(27,2): 0.003539614900946617
(27,28): -0.006116299331188202
(27,37): 0.004051598757505417
(27,44): -0.006361471936106682
(28,0): -0.006739971935749054
(28,1): -0.00953421637415886
(28,2): 0.0022343786805868147
(28,27): -0.005321164876222611
(28,37): 0.023066219240427017
(29,3): 0.018235413134098055
(29,4): 0.008171706944704055
(30,6): 0.002455093413591385
(30,10): 0.0010607676208019257
(30,12): 0.0017375639081001282
(30,15): 0.012957210689783095
(30,17): 0.019191077947616576
(31,7): -0.0012457036972045898
(31,8): 0.0029653777182102204
(31,20): 0.006141896769404412
(32,7): 0.0010041683912277223
(32,40): 0.0024470636993646623
(32,46): 0.0013075026869773865
(33,8): 0.003745349794626236
(34,8): -0.0034060226380825042
(34,9): -0.004653763622045517
(34,43): -0.005054149031639099
(35,8): -0.0009247921407222748
(35,44): 0.009943928867578507
(36,13): 0.0015646185725927352
(36,21): -0.003842463195323944
(37,7): 0.0047776101529598235
(37,8): 0.007883564978837966
(37,11): 0.01410855419933796
(37,12): 0.008208979219198227
(37,13): -0.0012283945828676223
(37,14): -0.000563175454735756
(37,27): 0.003757992535829544
(37,28): -0.01716605857014656
(37,39): 0.007544540315866471
(38,14): -0.0010626755654811859
(38,16): 0.008194585293531419
(39,16): 0.0023648503422737123
(39,37): 0.004541222304105759
(40,13): -0.0007874126732349396
(40,14): 0.002455763518810272
(40,17): 0.012322684451937675
(40,21): -0.0035493675619363784
(40,32): 3.438591957092285e-05
(40,46): 0.0041801357269287106
(41,14): -0.004690088331699371
(41,18): -0.0010640589892864226
(42,8): 0.00046722397208213805
(42,10): 0.00073188915848732
(42,12): -0.0008400005102157593
(42,18): 0.002425294816493988
(42,45): 0.00344601109623909
(43,7): 0.000657413974404335
(43,34): -0.0001747840642929077
(44,10): 0.004071455746889115
(44,13): -0.0020890206098556517
(44,27): -0.009971674233675003
(44,35): 0.0021287107467651365
(45,22): 0.002203001007437706
(45,42): -0.000694865882396698
(46,23): 0.00041766270995140074
(46,32): 0.003226107507944107
(46,40): 0.0014239230751991272
(47,7): 0.003840649425983429
(47,14): 0.0019310100376605987
(47,17): 0.00022789329290390014
(47,18): 0.0038936445116996765
(47,21): -0.0006934615969657898
(47,48): 0.0044681316614151
(48,14): 0.0035201185941696168
(48,18): 0.003700966238975525
(48,47): 0.00032698646187782286
(49,8): 0.003361298441886902
(49,10): 0.0016247291117906571
(49,15): 0.005687106996774673
(49,24): 0.030993348956108092
