Interaction name: 5ml4

Affinity: 8.699999809265137
Predicted class: 1
Predicted probability: 0.9595698118209839
Sum of phi edges: 0.6565817411243914

Interaction statistics:

Number of total edges connecting protein pseudo-atoms: 18
Number of total edges connecting ligand pseudo-atoms: 112
Number of total edges connecting protein and ligand pseudo-atoms: 82

Pertinent positive set edge index: tensor([[33, 35, 35, 35,  5, 39,  1, 37,  2, 15,  0, 68, 25, 39, 16,  9,  5, 19,
          1, 12,  4,  4,  1, 32, 10, 37,  4, 20, 19,  4, 10,  8, 28, 32, 27, 32,
         31, 19, 28,  2, 30],
        [72, 16, 14,  4, 20,  4,  8,  3, 37, 30,  1, 16, 23,  5, 30, 10, 35, 18,
          0, 29, 39, 31, 27, 31, 11,  4, 37, 25, 33, 16, 28, 63,  0, 64, 10, 14,
         15, 50, 10,  3,  2]], device='cuda:0')

FID- using pertinent positive set: 0.394345223903656

Number of pertinent positive edges connecting protein pseudo-atoms: 0 (0.0%)
% w.r.t. total number of pertinent positive edges: 0.0%)
Number of pertinent positive edges connecting ligand pseudo-atoms: 27 (24.1%)
% w.r.t. total number of pertinent positive edges: 73.0%)
Number of pertinent positive edges connecting protein and ligand pseudo-atoms: 10 (12.2%)
% w.r.t. total number of pertinent positive edges: 27.0%)

Minimal top k set edge index: tensor([[33, 35, 35, 35,  5, 39,  1, 37,  2, 15,  0, 68, 25, 39, 16,  9,  5, 19,
          1, 12,  4,  4,  1, 32, 10, 37,  4, 20, 19,  4, 10,  8, 28, 32, 27, 32,
         31, 19, 28,  2, 30, 20, 30,  4, 31, 10,  4, 12,  5, 27, 28, 31,  7, 13,
         47, 10, 25,  2, 33, 15,  8, 63, 25, 34, 12,  6, 35, 67,  4, 37, 42, 27,
         14,  2, 30, 26, 25, 12, 14, 12, 20, 64, 30, 34, 62, 41, 37,  3, 63,  4,
         14, 31, 21,  3, 47, 11, 25, 34, 12, 32, 36, 23, 19, 13, 22, 35, 23, 51,
         21, 61, 12,  0, 19,  8, 15, 50, 71, 44, 11,  9, 62, 16, 35, 66, 27, 42,
         10, 60,  5, 32, 15, 64, 37, 27, 22,  9, 25, 28, 14, 38, 30, 46, 17, 24,
          8, 50, 21, 52, 20, 46, 34, 70, 68, 16, 26, 67, 38, 26, 45, 33, 33, 50,
         11, 19, 24, 24, 70, 16, 11, 69, 14, 26, 13, 20, 30,  9, 43, 17, 25, 22,
         11, 22, 33, 35, 56,  9, 70, 15, 26, 72, 49, 11,  9,  3, 49,  2, 26, 14,
          2, 23, 46,  9,  0, 32, 57, 27, 25, 25, 29,  4, 16, 27, 34, 20, 47,  9,
         12, 57, 35, 66, 18, 33, 50, 24, 54, 68, 71, 51, 59, 23, 70, 28, 45, 16,
         63, 59, 16, 68, 23, 24, 67, 24, 23, 34, 15, 34, 33, 33, 22, 20, 46,  8,
         33, 27, 13, 19, 24, 21, 25, 53, 48,  6, 54, 51, 12, 11, 34, 47, 64, 43,
         21,  5, 58, 23, 21, 58, 56,  8, 11, 29, 10, 58, 53, 42, 34, 17, 20, 27,
         70,  1, 31, 18, 72,  7, 22, 26, 23, 17, 68, 51, 14, 68, 59, 17, 25, 14,
         54, 31, 43, 54,  3, 52, 60,  8, 67, 24, 53, 22, 33, 17,  8, 65, 16, 16,
         15, 72,  0, 10, 61],
        [72, 16, 14,  4, 20,  4,  8,  3, 37, 30,  1, 16, 23,  5, 30, 10, 35, 18,
          0, 29, 39, 31, 27, 31, 11,  4, 37, 25, 33, 16, 28, 63,  0, 64, 10, 14,
         15, 50, 10,  3,  2, 22, 16, 25, 16, 48, 32,  3,  4, 11,  9, 62, 29,  6,
         27, 12, 33, 14, 53, 14,  9, 30, 67, 25, 13, 29, 15, 25,  5,  5, 12,  9,
         31, 15, 63, 11, 21, 46, 32,  7, 34, 32,  3, 67, 31,  8,  2, 29,  8, 35,
         47, 30, 22, 14, 12, 12,  4, 54, 11, 30,  1, 70, 68, 29, 21, 32, 57, 33,
         34,  8,  6, 36, 31, 43, 50, 19, 51,  8, 26,  8, 63,  4, 30, 32, 28,  8,
         27, 26, 25, 15,  2, 17, 63,  0, 51, 11, 22, 27, 35, 39, 32, 28, 18, 21,
         26, 20, 23, 53, 21, 10, 23, 23, 17, 65, 28, 11, 65,  0, 46, 51, 59, 15,
         27, 64, 23, 70, 33, 35, 61, 24,  3,  9, 49, 24, 31, 43,  8, 64, 72, 70,
         28, 23, 25, 19, 21, 26, 24, 16, 60, 38, 14,  9, 27, 12, 65, 10, 27, 49,
         11, 24, 12, 42, 27, 66, 23, 47, 20, 24, 68, 38, 19,  1, 24, 33, 14, 28,
         42, 51,  5, 18, 17, 70, 64, 22, 55, 20, 24, 57, 23, 34, 22,  1, 28, 64,
         68, 33, 15, 34, 58, 20, 34, 58, 22, 20, 32, 68, 17, 52, 24, 68, 45, 44,
         18,  8,  7, 32, 34, 55, 34, 52, 13, 40, 51, 22, 47, 67, 22, 44, 19,  9,
         24, 16, 23, 25, 56, 25, 70, 61, 10, 13,  9, 24, 17,  9, 21, 33, 50, 26,
         56, 36, 19, 33, 25, 12, 20,  8, 21, 19, 19, 54, 15, 63, 70, 68, 58, 43,
         34, 32, 14, 33, 37, 33, 41, 41, 18, 69, 33, 34, 54, 53, 27, 16, 31, 68,
         65, 33, 28, 26, 11]], device='cuda:0')

FID+ using minimal top-k set: 0.4755367934703827

Number of minimal top-k edges connecting protein pseudo-atoms: 9 (50.0%)
% w.r.t. total number of minimal top-k edges: 5.7%)
Number of minimal top-k edges connecting ligand pseudo-atoms: 88 (78.6%)
% w.r.t. total number of minimal top-k edges: 55.3%)
Number of minimal top-k edges connecting protein and ligand pseudo-atoms: 62 (75.6%)
% w.r.t. total number of minimal top-k edges: 39.0%)

Trustworthiness of the explanation: 0.5327661411386969

Number of relevant edges connecting protein pseudo-atoms: 0 (0.0%)
% w.r.t. total number of relevant edges: 0.0%)
Number of relevant edges connecting ligand pseudo-atoms: 59 (52.7%)
% w.r.t. total number of relevant edges: 59.6%)
Number of relevant edges connecting protein and ligand pseudo-atoms: 40 (48.8%)
% w.r.t. total number of relevant edges: 40.4%)

Shapley values for edges: 

(0,1): 0.009897896200418472
(0,26): -0.003115839660167694
(0,27): 0.001599578559398651
(0,28): -0.0004851849377155304
(0,36): 0.0031282422691583634
(1,0): 0.008256319165229797
(1,8): 0.011613317131996155
(1,26): -0.0005158761888742447
(1,27): 0.007642207443714142
(1,28): -0.000605999231338501
(1,36): 0.00018074527382850648
(2,3): 0.005130117237567902
(2,10): 0.0017001670598983764
(2,11): 0.001667853519320488
(2,14): 0.004428960829973221
(2,15): 0.003904800117015839
(2,30): -0.0011573003232479096
(2,37): 0.010493339002132417
(3,2): -0.001345233991742134
(3,12): 0.001715337485074997
(3,14): 0.0034126980602741243
(3,15): -0.0022070513665676116
(3,29): 0.0034591545164585112
(3,30): -0.00761966809630394
(3,37): -0.00016910120844841004
(3,38): -0.0022334156930446623
(4,5): 0.0039752164483070375
(4,16): 0.006538580358028412
(4,25): 0.005016519725322723
(4,31): 0.007788074165582657
(4,32): 0.0048877750337123875
(4,35): 0.0034321115911006925
(4,37): 0.006960221976041794
(4,38): 0.0014095440506935119
(4,39): 0.007857138365507126
(5,4): 0.0047409588098526
(5,16): 0.0003663644194602966
(5,20): 0.014649045020341873
(5,25): 0.0027958078682422637
(5,31): -0.0008130820095539093
(5,32): -0.00772626057267189
(5,35): 0.008449686020612716
(5,37): -0.0005081601440906525
(5,39): -0.0031159356236457824
(6,12): -0.007961353063583374
(6,13): -0.004101978987455368
(6,29): 0.004103683680295944
(6,40): 0.0004979924857616424
(7,12): 0.0001666690409183502
(7,13): -0.002061264216899872
(7,29): 0.004567981660366058
(8,1): -0.002275049835443497
(8,9): 0.004338687211275101
(8,26): 0.0025227794051170347
(8,27): -0.00035330012440681457
(8,41): -0.00018510773777961732
(8,42): -0.0024896728992462158
(8,43): 0.003100289776921272
(8,44): 0.0006933833658695221
(8,61): 0.00031516775488853454
(8,63): 0.006142171323299408
(9,8): 0.0029672726988792418
(9,10): 0.008658028244972228
(9,11): 0.002627919316291809
(9,26): 0.0018427838385105134
(9,27): 0.0017568381130695344
(9,28): 0.0013374006748199463
(9,42): 0.0016017672419548034
(9,43): 0.0019240008294582366
(10,2): -0.004252768233418465
(10,9): 0.0002712668478488922
(10,11): 0.007266118675470352
(10,12): 0.004462830871343613
(10,26): -0.0005051066726446152
(10,27): 0.0028162981569767
(10,28): 0.006411448568105698
(10,46): -0.000898413211107254
(10,48): 0.0049206939339637755
(11,2): -0.0007241740077733994
(11,9): 0.0017626698315143586
(11,10): 0.0003145255148410797
(11,12): 0.0033893221616744995
(11,26): 0.002989998608827591
(11,27): 0.0021266093850135803
(11,28): 0.0018982559442520142
(11,61): 0.002082013487815857
(11,67): 0.00045844227075576784
(12,3): 0.004790306985378265
(12,6): 0.0031521886587142943
(12,7): 0.0036629506945610045
(12,10): -0.0033078978955745695
(12,11): 0.0033433912694454193
(12,13): 0.004159740209579468
(12,29): 0.00818740725517273
(12,42): 0.0013284158706665038
(12,43): -0.0006435851752758026
(12,46): 0.0037637507915496827
(12,47): 0.0004684258997440338
(13,6): 0.004566098898649216
(13,7): 0.0005771848559379578
(13,12): -0.003191141486167908
(13,29): 0.0032662248611450197
(13,48): -0.0006114934384822845
(13,49): 0.002018321380019188
(14,2): -0.005801036953926086
(14,3): 0.002039208859205246
(14,15): 0.00013235822319984436
(14,16): -0.001446630209684372
(14,30): -0.004436797648668289
(14,31): 0.003905089497566223
(14,32): 0.003707313239574432
(14,35): 0.0026079490780830383
(14,43): 2.905428409576416e-06
(14,47): 0.003431364744901657
(14,49): 0.001670282781124115
(15,2): 0.0027206270396709442
(15,3): -0.002680135816335678
(15,14): 0.004384253770112991
(15,16): 0.0018344588577747345
(15,30): 0.010383818000555038
(15,31): -0.0016670306026935577
(15,32): 0.0008139903843402863
(15,35): -0.0052907073497772215
(15,50): 0.003098617345094681
(15,65): -0.0004543864727020264
(16,4): 0.002943808436393738
(16,5): -0.001323748081922531
(16,14): -0.0010642562806606293
(16,15): 0.000893016755580902
(16,19): 0.0013758479058742523
(16,30): 0.008680275827646255
(16,31): -0.00041277110576629637
(16,32): -0.0011763612926006318
(16,35): 0.002087441086769104
(16,64): 0.0009920787811279297
(16,65): 0.002366073429584503
(16,68): -0.00043415099382400514
(17,18): 0.00256865993142128
(17,19): 0.00014710813760757447
(17,33): 0.00021164208650588988
(17,53): -0.0002849480509757996
(17,64): 0.001911851018667221
(17,68): 1.916736364364624e-05
(18,17): 0.001233845204114914
(18,19): -0.002843433320522308
(18,33): 0.00017143815755844117
(18,66): -0.004625363200902939
(18,67): -0.0006447477638721466
(19,16): -0.0014872755110263824
(19,17): -0.0016674462705850602
(19,18): 0.008320578634738921
(19,31): 0.003121839016675949
(19,32): 0.0005601346492767334
(19,33): 0.006643238812685013
(19,35): -0.0023741400241851806
(19,50): 0.005281823277473449
(19,64): 0.0021100595593452455
(19,68): 0.0032803212106227875
(20,5): -0.0016679441928863525
(20,21): 0.0024600592255592346
(20,22): 0.005127294659614563
(20,24): 0.001992053836584091
(20,25): 0.0067078801989555355
(20,33): 0.0013431037962436676
(20,34): 0.0035880075395107267
(20,50): 0.0002094428986310959
(20,68): 0.0007370145618915558
(21,20): -0.0009386149048805236
(21,22): 0.0034227390587329865
(21,23): 0.002476128935813904
(21,24): 0.0003719578683376312
(21,25): -0.0034694039821624757
(21,34): 0.0032249364256858827
(21,55): 0.0005516837537288666
(21,56): 0.00036347687244415284
(22,20): 0.0001554100215435028
(22,21): 0.0032612228393554686
(22,23): 0.0018812708556652069
(22,24): 0.0007449296116828918
(22,25): -0.0017584055662155152
(22,34): -0.00025354400277137755
(22,51): 0.002639264464378357
(22,70): 0.0019001806527376174
(23,21): 0.0001503366231918335
(23,22): 0.0008292111754417419
(23,24): 0.0016143900156021119
(23,25): 0.0003653322160243988
(23,34): 0.001033424958586693
(23,57): 0.0032502170652151108
(23,58): 0.0008871865272521973
(23,59): -0.0016170910000801086
(23,70): 0.0033022893965244295
(24,20): 0.0008772723376750946
(24,21): 0.0025394062697887423
(24,22): 0.0011777433753013611
(24,23): 0.0021088624000549314
(24,25): -0.0012914538383483887
(24,34): 0.0005523079633712769
(24,58): 0.000830361619591713
(24,69): -0.00021838247776031494
(24,70): 0.002094751298427582
(24,71): -0.0018966156244277954
(25,4): 0.003385983258485794
(25,5): -0.0010797245800495147
(25,20): 0.0014929252862930298
(25,21): 0.003819536194205284
(25,22): 0.002615348696708679
(25,23): 0.008894814997911454
(25,24): 0.0014639389514923096
(25,33): 0.004460579305887222
(25,34): 0.0005366168916225433
(25,58): 1.6316920518875122e-05
(25,67): 0.004328579753637314
(25,72): 0.0019025729596614837
(26,0): 0.002270253747701645
(26,1): -0.0038108204305171965
(26,8): 0.00015134766697883607
(26,9): 0.0020381805300712587
(26,10): -0.002437313199043274
(26,11): 0.003884959816932678
(26,27): 0.0016720324754714965
(26,28): 0.002353110611438751
(26,60): 0.0018085403740406036
(27,0): 0.002676555663347244
(27,1): 0.0013437756896018981
(27,8): 0.0006526288390159607
(27,9): 0.00393858790397644
(27,10): 0.005655572265386582
(27,11): 0.004699316471815109
(27,26): 0.00020612776279449463
(27,28): 0.0028815847635269166
(27,47): 0.001509418785572052
(28,0): 0.00589794859290123
(28,1): 0.0010295934975147248
(28,9): 0.004679894745349884
(28,10): 0.0052402415871620174
(28,11): -0.0009020814299583436
(28,26): -0.0010434910655021667
(28,27): 0.002610790878534317
(28,45): -0.0017463038861751557
(28,46): -0.002325732260942459
(29,3): -0.005749935954809189
(29,6): -0.004402959793806076
(29,7): -0.0024445609748363494
(29,12): -0.004685267955064774
(29,13): 0.0002721165120601654
(29,68): 0.001460620015859604
(30,2): 0.005129968971014023
(30,3): 0.0035504242777824402
(30,14): -0.0032961666584014893
(30,15): -0.0016298265755176544
(30,16): 0.005025656521320343
(30,31): 0.0019375473260879517
(30,32): 0.0025797368586063384
(30,35): -0.008447848930954934
(30,63): 0.0038851477205753327
(31,4): -0.0006602837145328522
(31,5): -0.0010019128024578094
(31,14): -0.0014714300632476807
(31,15): 0.005331218838691711
(31,16): 0.004956530034542083
(31,19): 0.00017872095108032227
(31,30): 0.0034254758059978486
(31,32): -6.758332252502441e-05
(31,62): 0.0045837263762950895
(32,4): -0.0031468112766742705
(32,5): -0.005456804037094116
(32,14): 0.005580805689096451
(32,15): 0.002778077870607376
(32,16): -0.0014846950769424438
(32,19): -0.0008757933974266052
(32,30): 0.0033126305043697356
(32,31): 0.007341767996549607
(32,35): -0.007484465837478638
(32,64): 0.00572902113199234
(32,66): 0.0015920346975326538
(33,17): 0.0007677605748176575
(33,18): 0.0006803828477859497
(33,19): -0.0009066465497016906
(33,20): -0.000596286803483963
(33,25): 0.0018772070109844207
(33,51): 0.0022290539741516113
(33,52): 0.0007586793601512909
(33,53): 0.004384783655405044
(33,54): -0.0002786611020565033
(33,59): 0.0022195044159889223
(33,70): 0.0012265066802501679
(33,72): 0.021827776581048966
(34,20): 0.0008200803399085999
(34,21): 0.00021329760551452637
(34,22): 0.0004463791847229004
(34,23): 0.002416362315416336
(34,24): 0.0013435198366641998
(34,25): 0.004278314858675003
(34,54): 0.0033442994952201845
(34,67): 0.0035249529778957366
(34,68): 0.0007994315028190613
(34,69): -0.0022065228223800658
(35,4): 0.016006308197975157
(35,5): 0.0012908150255680085
(35,14): 0.01623433321714401
(35,15): 0.004054568111896515
(35,16): 0.01815129354596138
(35,19): 0.0018669052422046661
(35,30): 0.002928004115819931
(35,32): 0.003261099308729172
(36,0): -0.006005823090672493
(36,1): 0.0033079735934734345
(37,2): 0.00346492737531662
(37,3): 0.01055431917309761
(37,4): 0.007030795216560364
(37,5): 0.003949173837900162
(37,63): 0.0027052934467792513
(38,3): -0.0025945790112018585
(38,4): -0.0014576016366481782
(38,39): 0.0025889511406421662
(38,65): 0.0022748639434576035
(38,72): -0.0014261101186275483
(39,4): 0.011636123210191727
(39,5): 0.008840491250157356
(39,38): -0.0034270286560058594
(40,6): -0.0024040429294109344
(41,8): 0.0034876538813114165
(41,60): -0.0005789881944656372
(42,8): 0.0028777173161506652
(42,9): 0.00022478103637695311
(42,12): 0.003949164301156998
(43,8): 0.0019239769130945206
(43,9): 0.00039886891841888427
(43,12): -0.0038882323354482652
(43,14): -0.00012260019779205322
(44,8): 0.0030066971480846405
(44,47): -0.0019462917745113372
(45,28): 0.0010179272294044495
(45,46): 0.002247963100671768
(46,10): 0.00244930699467659
(46,12): 0.0016053347289562226
(46,28): 0.002571006864309311
(46,45): 0.0007342752814292907
(47,12): 0.003403150737285614
(47,14): 0.001342204064130783
(47,27): 0.004545850902795792
(47,44): 0.0004160317778587341
(48,10): -0.0033428360521793364
(48,13): 0.000532638430595398
(49,13): -0.002698652595281601
(49,14): 0.00177078977227211
(49,65): 0.0017002862691879272
(50,15): 0.0021534454822540283
(50,19): 0.003087192475795746
(50,20): 0.002512951046228409
(50,64): 0.0011804673075675965
(51,22): 0.00047388821840286253
(51,33): 0.003235930949449539
(51,54): 0.00013765662908554076
(51,57): 0.0010712029039859773
(51,71): -0.0030716094374656677
(52,33): -0.00017027169466018676
(52,53): 0.002465645223855972
(53,17): 0.00022888392210006713
(53,33): -0.00025013819336891177
(53,52): 0.0005360428988933564
(54,33): -0.0001365990936756134
(54,34): -3.0325055122375487e-05
(54,51): 0.0004822351038455963
(54,55): 0.0011355929076671601
(55,21): -0.0011771246790885925
(55,54): -0.0021933239698410036
(56,21): 0.001849396526813507
(56,70): 0.00032235383987426757
(57,23): 0.0015454880893230438
(57,51): 0.0012934590876102449
(58,23): 0.00036553293466567993
(58,24): 0.0002331337332725525
(58,25): 0.0003617517650127411
(59,23): 0.0010439777374267579
(59,33): 0.0009116743505001068
(59,70): 4.8163682222366334e-05
(60,26): 0.002811773270368576
(60,41): -0.00017051100730895995
(61,8): 0.003186819776892662
(61,11): -0.00050802081823349
(62,31): 0.003490227609872818
(62,63): 0.002963198870420456
(63,8): 0.0034442447125911714
(63,30): 0.004338409751653671
(63,37): -0.012878911793231964
(63,62): -0.0037846092879772184
(63,68): 0.0009372573345899582
(64,16): -0.0022408248484134673
(64,17): 0.0027075284719467164
(64,19): 0.00040936380624771116
(64,32): 0.0035752342641353608
(64,50): -0.0008409685641527176
(65,15): -0.0032055118680000307
(65,16): -0.00035798668861389163
(65,38): -0.006935470551252365
(65,49): -0.001030634045600891
(66,18): 0.0012613153457641602
(66,32): 0.0029093439131975176
(67,11): 0.0023046450316905973
(67,18): -0.0001997464895248413
(67,25): 0.004024951308965683
(67,34): 0.0008543163537979126
(68,16): 0.00944058433175087
(68,17): 0.002379089519381523
(68,19): 0.0001466524600982666
(68,20): 0.0011136485636234284
(68,29): -0.002001534402370453
(68,34): 0.000888558030128479
(68,63): 6.57016783952713e-05
(69,24): 0.00206337571144104
(69,34): -0.0014292113482952118
(70,22): 0.0010328872501850128
(70,23): 0.0024037134647369386
(70,24): 0.001835721731185913
(70,33): 0.00209154486656189
(70,56): 0.00019572377204895018
(70,59): -0.0014483292400836944
(71,24): 0.001091475933790207
(71,51): 0.0030422815680503845
(72,25): 0.0001700100302696228
(72,33): -0.00047495365142822263
(72,38): 0.001782452017068863
