Test set index: 458

Target Class: 0

Target compound: TARGET

Sum of Shapley Values: 1.123616514633623

Shapley values:
0.0217584559688494
0.00750714816441855
-0.013670971819398425
0.12902923544372188
0.010349314974654758
0.0031213998112976735
-0.0010822539497043627
0.006480435000356102
-0.002901904936756017
-0.0019202555757405107
0.006392866446296461
0.012907731266341014
-0.000465884590932255
-0.019049955546112118
-0.005191622950338759
0.002941593852235854
0.07058616224256138
-0.006521019671716806
-0.04446221685875611
0.01712107774346328
0.06918614196091293
-0.023126848271712568
0.033846901044647465
0.019582020538966707
0.04740262212766767
-0.022863961483415338
0.03610385805806051
0.003131773891658858
0.005829959885613815
0.00887707416266001
0.04416568638487976
0.05794443271397468
0.11529733274775023
0.17816321299406518
0.1323050168812387
0.050249216224035144
0.07466911523395688
0.004542957609877579
0.007981360544280312
0.048964462058494876
0.0009433038953221939
0.01607238210882146
-0.03228270231457136
-0.020200835650014858
-0.003486848379081151
0.0038485060463588766
-0.015853937111802833
0.019557446222761326
-0.008901935857376517
0.008190422521783236
0.0004935363110543656
-0.004262646669911723
0.051380060807014384
0.004243402539726042
-0.03124923027493597
0.043894365564232436
-0.024661470441968536
-0.03736113108475456
0.025906690816475408
0.040679021752306116
-0.014901321745569192
0.05433435937434592
0.001461863483138439
-0.02689159139390323
-0.0058805858065196955
-0.006180005069855209
0.0003941784797470095
-0.002282678443032906
-0.00402985951286366
0.0054620841443431935

Edge Index:
tensor([[ 0,  1,  1,  2,  2,  2,  3,  3,  4,  4,  5,  5,  5,  6,  6,  7,  7,  7,
          8,  8,  8,  9, 10, 10, 11, 11, 12, 12, 13, 13, 14, 14, 15, 15, 15, 16,
         16, 17, 17, 18, 18, 18, 19, 19, 19, 20, 20, 21, 21, 22, 22, 23, 23, 24,
         24, 24, 25, 25, 26, 27, 27, 28, 28, 29, 29, 30, 30, 30, 31, 31],
        [ 1,  0,  2,  1,  3, 31,  2,  4,  3,  5,  4,  6, 30,  5,  7,  6,  8, 29,
          7,  9, 10,  8,  8, 11, 10, 12, 11, 13, 12, 14, 13, 15, 14, 16, 28, 15,
         17, 16, 18, 17, 19, 27, 18, 20, 24, 19, 21, 20, 22, 21, 23, 22, 24, 19,
         23, 25, 24, 26, 25, 18, 28, 15, 27,  7, 30,  5, 29, 31,  2, 30]],
       device='cuda:0')

Edge index shape: torch.Size([2, 70])
