Test set index: 458

Target Class: 0

Target compound: TARGET

Sum of Shapley Values: 1.0733616482509472

Shapley values:
-0.004955178744230609
-0.010473144424102552
-0.014115033540807927
0.02911355729212076
-0.0007768575723322846
-0.004095939283203784
0.002744828902763068
-0.002457597480348798
-0.0005535450299839928
0.014338466497508815
0.0005752067056230355
0.0335027012165461
-0.003538802149750454
-0.004314746279706028
-0.0036584852764232805
0.028099001853917817
0.04441734469601812
-0.018481935681466933
-0.006211239341289565
0.02587517982750803
0.04964670154577882
-0.021879549510359707
-0.0005614317346946278
0.027206187723661897
0.04251839240506511
0.0044725219296178976
0.0187454474304352
-0.01903117504705639
0.011132887813789061
-0.002963020790485803
0.04806763440685079
0.06071872756473457
0.08283534521415413
0.11123766599437289
0.07368063770760688
0.04729887369115602
0.04634521008818572
0.01015442292010017
0.04159124729306292
0.06513102361054264
-0.002870358083443349
0.017344549134850472
-0.006015777225892613
-0.0031415140873131573
0.0009212255436446009
-0.00025753173081355277
-0.01025613880025236
0.010779821918060976
-0.00018116788183277153
-0.0020797770099283104
0.005604622869048909
-0.005732915499917695
0.010207551687079618
0.0042288117927390045
-0.0006779045320598484
0.04737938401367422
-0.011526785569287434
-0.00012993744254511712
0.03669834980159648
0.05263584063559339
-0.008240341134527911
0.0642829948517105
0.010645560192629076
0.029221253220910723
0.029250382431625102
0.005187481536624556
-0.020863218562979294
0.0019015640194571695
0.008681074290195552
0.008983015427422579

Edge Index:
tensor([[ 0,  1,  1,  2,  2,  2,  3,  3,  4,  4,  5,  5,  5,  6,  6,  7,  7,  7,
          8,  8,  8,  9, 10, 10, 11, 11, 12, 12, 13, 13, 14, 14, 15, 15, 15, 16,
         16, 17, 17, 18, 18, 18, 19, 19, 19, 20, 20, 21, 21, 22, 22, 23, 23, 24,
         24, 24, 25, 25, 26, 27, 27, 28, 28, 29, 29, 30, 30, 30, 31, 31],
        [ 1,  0,  2,  1,  3, 31,  2,  4,  3,  5,  4,  6, 30,  5,  7,  6,  8, 29,
          7,  9, 10,  8,  8, 11, 10, 12, 11, 13, 12, 14, 13, 15, 14, 16, 28, 15,
         17, 16, 18, 17, 19, 27, 18, 20, 24, 19, 21, 20, 22, 21, 23, 22, 24, 19,
         23, 25, 24, 26, 25, 18, 28, 15, 27,  7, 30,  5, 29, 31,  2, 30]],
       device='cuda:0')

Edge index shape: torch.Size([2, 70])
