Test set index: 458

Target Class: 0

Target compound: TARGET

Sum of Shapley Values: 1.0071240948638631

Shapley values:
0.059319026688183
-0.027407739541006632
-0.09297378267737544
0.1813447860673284
-0.005850594021042853
-0.0003644659853055621
0.01656599251512474
-0.001864241385416513
-0.0031098359172756023
0.010374485600486665
-0.01011204296275394
0.02423987606271889
0.0020659843490531283
-0.01253193921130468
0.005634736909983293
0.019851068607542478
0.07560255111013828
-0.005340276975225596
-0.024296476202947285
0.04357735518359439
-0.006418740145885753
-0.035391306981188156
0.015440720048527656
-0.05361926656892067
0.035296840965822945
-0.036157596291422754
0.02198439001072984
-0.03095889889781831
0.025737093473082666
-0.025286445795415648
0.04554094072451312
0.058354571388130695
0.043309785118515534
0.20163611011934393
0.10110839418953983
-0.013075418950834288
0.04884399095666013
-0.01653649173166099
-0.03355707380010064
0.059082120121033144
-0.012197612832662215
0.036898468755290355
-0.014928498301304747
-0.03608656263400769
0.005438615546870107
0.02043751954527414
-0.018270839015273214
0.01833992717647572
0.011822105082850224
-0.02689121988476071
0.01581961783691315
-0.009695137030424707
0.013264163192031626
0.005956604078902735
-0.005743022443875319
0.22635126345558135
-0.04853098051127889
-0.051801430277878195
0.12166199781078901
0.011341714507399505
-0.03069581799503197
0.02014450885538504
0.057607185217272
0.017327835215488464
0.0065325952267215135
0.0013742203489739797
-0.0036794661016747786
-0.0054218345250694935
0.010014843236904396
0.010675145160830473

Edge Index:
tensor([[ 0,  1,  1,  2,  2,  2,  3,  3,  4,  4,  5,  5,  5,  6,  6,  7,  7,  7,
          8,  8,  8,  9, 10, 10, 11, 11, 12, 12, 13, 13, 14, 14, 15, 15, 15, 16,
         16, 17, 17, 18, 18, 18, 19, 19, 19, 20, 20, 21, 21, 22, 22, 23, 23, 24,
         24, 24, 25, 25, 26, 27, 27, 28, 28, 29, 29, 30, 30, 30, 31, 31],
        [ 1,  0,  2,  1,  3, 31,  2,  4,  3,  5,  4,  6, 30,  5,  7,  6,  8, 29,
          7,  9, 10,  8,  8, 11, 10, 12, 11, 13, 12, 14, 13, 15, 14, 16, 28, 15,
         17, 16, 18, 17, 19, 27, 18, 20, 24, 19, 21, 20, 22, 21, 23, 22, 24, 19,
         23, 25, 24, 26, 25, 18, 28, 15, 27,  7, 30,  5, 29, 31,  2, 30]],
       device='cuda:0')

Edge index shape: torch.Size([2, 70])
