Test set index: 458

Target Class: 0

Target compound: TARGET

Sum of Shapley Values: 0.9798513691154451

Shapley values:
0.011404462070272283
-0.0020819485753927284
0.0005683151088229396
0.0582237721446285
0.03652831206627959
0.003273440418262389
-0.00555327699352531
0.022721549569659914
0.0005934227367151609
0.006293770863525998
0.013680179156794812
0.06540478190613148
-0.014524897221296377
-0.008323406247147658
-0.0037428809007752405
0.022655590573084073
0.007107990141736168
-0.007473668922360062
-0.0049336214027574645
0.003472654472427941
0.04518596670242262
-0.002378402080539773
0.015570900681856353
0.02876540221881569
0.05453983791719655
0.02661340482284048
0.0281935276823683
-0.02396881931531039
0.004864110949027499
-0.006489730810704323
0.039260823205737753
0.02839755168337134
0.06159554505388584
0.08709454259168767
0.09440285736917556
0.0188437268133621
0.04467629957033056
0.03239873788541684
-0.00865590839529543
0.061663017370029057
-0.0010081172600680242
0.028531687962333855
-0.026316057695404033
-0.0053026360702945795
-0.005750314062672177
0.009335069572937546
-0.01565093311338997
0.00527605894876708
-0.0010773893163022938
0.005304239887232692
0.00511259496252925
-0.00891581027917145
0.015298214778561702
0.005352468675567014
-0.011793479717169437
0.04644528397053994
-0.011860040841080723
-0.01676338820216601
0.03164715600603603
0.015177352893178944
0.010088240785419025
0.02743692198516299
0.019274243110027643
0.013624119117137816
0.008884996674351425
0.011213699501449752
-0.00750107920038166
-0.011544344002054134
-0.0024153976838186307
0.011880074847424678

Pertinent Negative Set:
Pertinent set indices on edge ranking: [34, 33, 11, 39, 32]
Pertinent set edge index: tensor([[15, 15,  5, 18, 15],
        [28, 16,  6, 17, 14]], device='cuda:0')
FID+: 0.9541530385613441

Pertinent Positive Set:

Pertinent set edge index: tensor([[15, 15,  5, 18, 15,  2, 11, 24,  8, 16, 14,  2, 17, 26, 10, 18, 14, 12,
         28],
        [28, 16,  6, 17, 14,  1, 10, 25, 10, 17, 13,  3, 16, 25, 11, 27, 15, 11,
         15]], device='cuda:0')
FID-: 0.10462969541549683
Pertinent Negative Set GNNExplainer:
Pertinent set indices on edge ranking: [24, 69, 64, 35, 37, 60, 29, 44, 30, 25, 68, 54, 28, 9, 62, 61, 26, 53, 38, 43, 27, 31, 34]
Pertinent set edge index: tensor([[11, 31, 29, 16, 17, 27, 13, 19, 14, 11, 31, 24, 13,  4, 28, 28, 12, 24,
         17, 19, 12, 14, 15],
        [10, 30, 30, 15, 16, 28, 14, 24, 13, 12,  2, 23, 12,  5, 27, 15, 11, 19,
         18, 20, 13, 15, 28]], device='cuda:0')
FID+: 0.618700236082077

Pertinent Positive Set GNNExplainer:

Pertinent set edge index: tensor([[11, 31, 29, 16, 17, 27, 13, 19, 14, 11, 31, 24, 13,  4, 28, 28, 12, 24,
         17, 19, 12, 14, 15, 15,  2, 24,  3, 23, 21, 16,  2, 15],
        [10, 30, 30, 15, 16, 28, 14, 24, 13, 12,  2, 23, 12,  5, 27, 15, 11, 19,
         18, 20, 13, 15, 28, 14,  1, 25,  2, 24, 20, 17, 31, 16]],
       device='cuda:0')
FID-: 0.003553330898284912