Test set index: 458

Target Class: 0

Target compound: TARGET

Sum of Shapley Values: 0.9807801018372904

Shapley values:
-0.024319201682867518
0.01597985181873667
-0.028841979959752743
0.039654809387099026
-0.01557570386218409
0.0003073911169402609
0.025546901525211906
0.003891057805864598
0.0038006295022731174
0.0163372353082855
-0.013814254871107694
0.025426534792854998
0.015899563255936527
-0.03047897703220354
-0.013096269390301743
0.00819210927595702
0.0287465144060688
-0.0135532736155516
0.002275064398039791
0.03685249545433079
0.05075951844460575
-0.050858552014903156
-0.027047492953370465
-0.1323828127520654
0.11465663771208082
0.016990379295087735
0.015461800988685303
-0.00013358062712917507
0.000354105903708003
0.003980441507339426
0.0014917802959037738
0.039864479659171274
0.05196557159308747
0.2176930680093279
0.07998351398299042
-0.01597561841163712
0.040902827304501205
0.021060978050909424
-0.02153630470752435
0.18421375553782732
0.01621542745622004
0.07064890311404562
-0.03242825839294992
-0.01120182737126222
-0.005548602609970238
0.023216363376222925
-0.0022425902617768203
0.002734942885063652
0.0006186634335219715
-5.7860796019406056e-05
0.002475599824088322
-0.002445052913995856
0.006940751109611073
0.005876758431683666
-0.0036062792147945485
0.032377995256817324
-0.01496707650928927
-0.006135337874902534
0.029495635512834486
-0.0005008394878635107
0.005786222514556818
0.08070466861219228
0.040973072361301294
0.011209853268892239
0.009481152678586131
0.007867938122900592
0.015944757655920554
0.010602472760545672
0.00461531009526323
0.007452344347620531

Edge Index:
tensor([[ 0,  1,  1,  2,  2,  2,  3,  3,  4,  4,  5,  5,  5,  6,  6,  7,  7,  7,
          8,  8,  8,  9, 10, 10, 11, 11, 12, 12, 13, 13, 14, 14, 15, 15, 15, 16,
         16, 17, 17, 18, 18, 18, 19, 19, 19, 20, 20, 21, 21, 22, 22, 23, 23, 24,
         24, 24, 25, 25, 26, 27, 27, 28, 28, 29, 29, 30, 30, 30, 31, 31],
        [ 1,  0,  2,  1,  3, 31,  2,  4,  3,  5,  4,  6, 30,  5,  7,  6,  8, 29,
          7,  9, 10,  8,  8, 11, 10, 12, 11, 13, 12, 14, 13, 15, 14, 16, 28, 15,
         17, 16, 18, 17, 19, 27, 18, 20, 24, 19, 21, 20, 22, 21, 23, 22, 24, 19,
         23, 25, 24, 26, 25, 18, 28, 15, 27,  7, 30,  5, 29, 31,  2, 30]],
       device='cuda:0')

Edge index shape: torch.Size([2, 70])
