Interaction name: 5jo0

Affinity: 7.300000190734863
Predicted class: 1
Predicted probability: 0.984686553478241
Sum of phi edges: 0.28778759777545926

Interaction statistics:

Number of total edges connecting protein pseudo-atoms: 12
Number of total edges connecting ligand pseudo-atoms: 82
Number of total edges connecting protein and ligand pseudo-atoms: 49

Pertinent positive set edge index: tensor([[ 6],
        [10]], device='cuda:0')

FID- using pertinent positive set: 0.4750848412513733

Number of pertinent positive edges connecting protein pseudo-atoms: 0 (0.0%)
% w.r.t. total number of pertinent positive edges: 0.0%)
Number of pertinent positive edges connecting ligand pseudo-atoms: 1 (1.2%)
% w.r.t. total number of pertinent positive edges: 100.0%)
Number of pertinent positive edges connecting protein and ligand pseudo-atoms: 0 (0.0%)
% w.r.t. total number of pertinent positive edges: 0.0%)

Minimal top k set edge index: tensor([[ 6, 11, 36,  1, 37,  9, 10, 10,  5,  9, 30, 35, 22, 22,  9, 18, 13,  5,
          0, 30, 22,  8, 19, 19, 20, 24, 20, 24, 10,  9, 11,  7, 19,  1, 19,  9,
         10, 10, 40, 25,  6,  4, 32, 13, 18,  2, 22,  2, 18, 12,  3, 19, 20, 16,
          8,  4, 29,  6, 40, 25, 35,  2, 25, 28,  1,  4,  0, 14,  2, 22,  4, 18,
         10, 21, 32,  9,  1,  2, 34,  8, 33, 12, 11, 21, 38, 38, 20, 21, 22,  3,
         15, 18, 12,  3,  0, 15, 20, 41, 13, 12, 19, 27, 26, 17,  9, 11, 42,  3,
          9,  4, 29,  9, 28, 42, 33, 41,  3, 38, 19, 15, 27, 16, 23, 38, 16, 39,
          3, 18, 12,  7, 18, 38, 21,  4, 18,  0, 12, 16, 24,  4, 35, 15, 21,  6,
         16, 14, 10, 16,  3,  1,  4, 18, 14, 26, 11, 11, 15, 39,  4, 12, 11, 23,
         14,  7, 29, 17, 42, 11, 40,  9, 24, 33, 21,  0, 25, 21, 11, 22,  0, 17,
         16, 10, 14, 15, 14, 32, 17,  7, 12, 37, 19, 15, 17, 13, 10, 17, 20, 21,
         16,  2, 20, 15, 18, 29, 13, 25, 16,  1,  1, 21, 23, 27, 12, 16,  0,  9,
         11, 20, 20,  1, 18, 32, 13, 14,  2, 29, 10, 26, 27, 21, 14,  9, 18,  9,
         29, 27,  1,  2, 28, 13, 21,  2,  1, 13,  0,  2, 11, 17,  6, 19,  0, 26,
         14, 16, 23, 29,  6,  0, 20,  0, 11,  1, 23, 20, 34, 27, 19,  4, 27, 13,
          7, 28, 34,  6,  8,  8, 23,  8, 26, 40, 20,  2,  0,  1,  7, 32],
        [10, 20, 19,  6, 32, 38, 20, 34,  4, 32,  3, 19, 21, 11, 34, 19, 40, 19,
          8, 29, 16,  9,  3, 18,  0,  2,  6,  0,  9,  7, 10,  6, 35,  8, 40, 20,
          0, 19, 19,  0,  1, 19,  9, 21, 20,  1, 14,  7, 16, 10, 19, 36, 18, 18,
         20,  5,  4,  9, 13,  2, 16, 24,  1,  4,  0, 20,  7, 21,  0, 17, 29, 32,
          6, 16, 37,  6,  9, 25, 10,  6, 18, 13, 37, 11,  9, 16,  1, 10, 12, 29,
         13,  9, 18,  4,  1, 16, 11, 17, 11, 21,  9,  0,  2, 21,  8, 16, 18, 28,
         18, 24, 28,  0, 29, 14, 35, 38, 30, 14, 10, 12,  1, 35,  3, 15, 12, 18,
         25, 39, 16,  9, 11, 41, 14, 28, 42, 25, 15, 21,  4, 27, 33, 21, 18,  2,
         15, 12, 18, 11, 23,  2, 25, 33, 15,  0, 13, 21, 38, 11, 23, 14, 22,  1,
         13, 20,  3, 15, 21, 33, 29,  2,  1, 11, 15, 24,  3, 17, 15, 13, 20, 41,
         14, 21, 38, 11, 17, 27, 14,  8, 22, 11, 20, 14, 16, 16, 12, 22, 19, 13,
         22,  9,  7, 17, 12,  1, 15,  4, 38, 24, 23, 12, 27, 32, 11, 13, 27, 10,
         39,  9,  8, 25, 21, 18, 17, 42,  6, 30, 11,  1,  4, 22, 16,  1, 10, 19,
          2, 23, 26, 26,  3, 14, 42, 27, 29, 12,  2, 29, 12, 13,  7,  5, 26, 27,
         22, 17,  4, 40, 20, 10,  2, 23, 18, 27,  0, 10,  9, 26,  4,  3,  2, 22,
          0, 40, 26,  8,  7,  0, 32,  1, 34, 28,  4, 20,  9, 20,  2, 23]],
       device='cuda:0')

FID+ using minimal top-k set: 0

Number of minimal top-k edges connecting protein pseudo-atoms: 6 (50.0%)
% w.r.t. total number of minimal top-k edges: 5.5%)
Number of minimal top-k edges connecting ligand pseudo-atoms: 64 (78.0%)
% w.r.t. total number of minimal top-k edges: 58.2%)
Number of minimal top-k edges connecting protein and ligand pseudo-atoms: 40 (81.6%)
% w.r.t. total number of minimal top-k edges: 36.4%)

Trustworthiness of the explanation: 0.0

Number of relevant edges connecting protein pseudo-atoms: 5 (41.7%)
% w.r.t. total number of relevant edges: 8.2%)
Number of relevant edges connecting ligand pseudo-atoms: 36 (43.9%)
% w.r.t. total number of relevant edges: 59.0%)
Number of relevant edges connecting protein and ligand pseudo-atoms: 20 (40.8%)
% w.r.t. total number of relevant edges: 32.8%)

Shapley values for edges: 

(0,1): 0.0014263522624969483
(0,2): -0.0011050909757614135
(0,7): 0.0020989441871643068
(0,8): 0.005609113574028015
(0,9): -0.006884922981262207
(0,10): -0.00180766761302948
(0,20): 0.0003161543607711792
(0,23): -0.0018351686000823975
(0,24): 0.0004089623689651489
(0,25): 0.0009177237749099732
(0,26): -0.001295347809791565
(0,27): -0.00016044199466705322
(1,0): 0.0021898066997528077
(1,2): 0.0007564496994018555
(1,6): 0.00936326503753662
(1,8): 0.0038119351863861086
(1,9): 0.001863551139831543
(1,20): -0.006923494338989258
(1,23): -4.769563674926758e-05
(1,24): -3.7056207656860354e-05
(1,25): -0.0003066432476043701
(1,26): -0.0007411640882492065
(1,27): -0.00190543532371521
(1,29): -0.0008936291933059693
(2,0): 0.002063896656036377
(2,1): 0.003032665252685547
(2,6): -0.0004105091094970703
(2,7): 0.0027980583906173704
(2,9): 8.698046207427978e-05
(2,20): -0.006802572607994079
(2,24): 0.0022408586740493776
(2,25): 0.0018153846263885497
(2,26): -0.0007853972911834717
(2,27): -0.0008845311403274536
(2,29): -0.0011083859205245972
(3,4): 0.0014457416534423828
(3,19): 0.002716110348701477
(3,23): 0.000756874680519104
(3,25): 0.0010064011812210083
(3,28): 0.0012383371591567992
(3,29): 0.001491667628288269
(3,30): 0.0010771030187606812
(4,3): -0.002209782600402832
(4,5): 0.0024511170387268065
(4,19): 0.0033631908893585207
(4,20): 0.002158468961715698
(4,23): 0.0006616699695587158
(4,24): 0.0012002706527709961
(4,25): 0.0007529807090759277
(4,27): 0.0008866167068481445
(4,28): 0.000925026535987854
(4,29): 0.0020278650522232056
(5,4): 0.007209810614585877
(5,19): 0.0057161211967468265
(6,1): 0.0034811151027679442
(6,2): 0.0008441197872161865
(6,7): -0.0011699873208999634
(6,8): -0.0035969138145446776
(6,9): 0.002380459904670715
(6,10): 0.014500006437301635
(6,20): -0.001762593388557434
(7,0): -0.002496569752693176
(7,2): -0.007303543090820312
(7,6): 0.003849061131477356
(7,8): 0.00018506884574890137
(7,9): 0.0009579479694366456
(7,20): 0.0006182712316513062
(8,0): -0.004256706833839417
(8,1): -0.004717497229576111
(8,6): 0.001756022572517395
(8,7): -0.00420291781425476
(8,9): 0.005246054530143738
(8,20): 0.0024679094552993775
(9,0): 0.0011868607997894288
(9,1): -0.000594862699508667
(9,2): 0.00048335373401641845
(9,6): 0.0018873685598373414
(9,7): 0.003952929973602295
(9,8): 0.0013212215900421142
(9,10): -0.00018232643604278563
(9,18): 0.001205054521560669
(9,19): -0.0006823199987411499
(9,20): 0.0036630916595458986
(9,32): 0.00708680272102356
(9,34): 0.0062533730268478395
(9,38): 0.008054099082946777
(10,0): 0.0036330848932266237
(10,6): 0.0019563812017440794
(10,9): 0.004001715183258057
(10,11): -0.00041740298271179197
(10,12): 0.00012065649032592773
(10,18): 0.0007763713598251343
(10,19): 0.0036280351877212525
(10,20): 0.007965116500854493
(10,21): 0.0003039652109146118
(10,34): 0.007812772393226624
(11,10): 0.003944665789604187
(11,12): -0.0011379784345626831
(11,13): 0.000723949670791626
(11,15): 0.0003436762094497681
(11,16): 0.001274150013923645
(11,18): -0.001837199330329895
(11,20): 0.01136711061000824
(11,21): 0.0007041317224502564
(11,22): 0.0006467443704605102
(11,33): 0.0005011266469955444
(11,37): 0.001686561107635498
(11,39): -0.00018580377101898193
(12,10): 0.002766150236129761
(12,11): -0.0001268494129180908
(12,13): 0.0017191267013549805
(12,14): 0.0006576687097549439
(12,15): 0.0009176546335220337
(12,16): 0.0009683459997177124
(12,18): 0.0014590436220169067
(12,21): 0.0013948535919189452
(12,22): 0.00016209423542022704
(13,11): 0.001395167112350464
(13,12): -0.0009129375219345092
(13,14): -0.0008458644151687622
(13,15): 9.55045223236084e-06
(13,16): 0.00012905001640319824
(13,17): -0.00035067856311798095
(13,21): 0.0030656832456588744
(13,22): -0.002476774454116821
(13,40): 0.00617442786693573
(14,12): 0.000785934329032898
(14,13): 0.0006314414739608765
(14,15): 0.0007351326942443847
(14,16): -0.000539858341217041
(14,17): 0.00022397220134735108
(14,21): 0.002089322805404663
(14,22): -0.0015926909446716308
(14,38): 0.0002786499261856079
(14,42): -0.0003636878728866577
(15,11): 0.00026542842388153074
(15,12): 0.0010626786947250367
(15,13): 0.001480434536933899
(15,14): 0.0001446712017059326
(15,16): 0.0014208018779754638
(15,17): 5.144476890563965e-05
(15,21): 0.0008785241842269898
(15,38): 0.0007033056020736694
(16,11): 0.0007718479633331298
(16,12): 0.0010151827335357665
(16,13): -0.00015870511531829835
(16,14): 0.00030695497989654543
(16,15): 0.0008297163248062134
(16,17): -0.0016254150867462157
(16,18): 0.0024783360958099366
(16,21): 0.0009133780002593994
(16,22): 9.317576885223389e-05
(16,35): 0.0010551220178604125
(16,38): -3.563880920410156e-05
(17,13): -0.001160171627998352
(17,14): 0.0001943671703338623
(17,15): 0.0005735397338867187
(17,16): 0.00013743162155151366
(17,21): 0.0013224971294403076
(17,22): 0.00011230707168579102
(17,41): 0.0003135848045349121
(18,9): 0.001471366286277771
(18,10): -0.0006646043062210082
(18,11): 0.0009498667716979981
(18,12): 2.2608637809753418e-05
(18,16): 0.0027803122997283936
(18,19): 0.006237010359764099
(18,20): 0.0030609655380249025
(18,21): -0.0003204447031021118
(18,32): 0.002014901041984558
(18,33): 0.0007475745677947998
(18,39): 0.0009809023141860963
(18,42): 0.0009201592206954956
(19,3): 0.004933070540428162
(19,4): -0.0022029972076416018
(19,5): -0.0012429749965667725
(19,9): 0.0013738983869552612
(19,10): 0.001069730520248413
(19,18): 0.004783955216407776
(19,20): 0.0001464354991912842
(19,35): 0.003832083344459534
(19,36): 0.0026435065269470215
(19,40): 0.003696500062942505
(20,0): 0.004597481489181519
(20,1): 0.0015788382291793822
(20,2): -0.0018079185485839844
(20,4): -0.006541853547096252
(20,6): 0.004211082458496094
(20,7): 8.497655391693116e-05
(20,8): -0.00024392902851104735
(20,9): -0.0002350407838821411
(20,10): -0.001962124705314636
(20,11): 0.0014207935333251953
(20,18): 0.002542496919631958
(20,19): 0.00010245442390441895
(21,10): 0.0015277743339538574
(21,11): 0.0016831976175308227
(21,12): -8.204042911529542e-05
(21,13): 9.942412376403808e-05
(21,14): 0.0009399604797363281
(21,15): 0.00042138874530792234
(21,16): 0.001948513388633728
(21,17): 0.0003442472219467163
(21,18): 0.0008607292175292968
(21,22): -0.000519903302192688
(21,42): -0.0008803486824035644
(22,11): 0.0063474619388580325
(22,12): 0.0014946866035461426
(22,13): 0.0003390306234359741
(22,14): 0.0030299001932144166
(22,16): 0.005390737056732178
(22,17): 0.0020357412099838257
(22,21): 0.006901354789733887
(23,0): -0.001933918595314026
(23,1): 0.0006454718112945556
(23,3): 0.0010418015718460082
(23,4): -0.0016608679294586183
(23,27): -8.637011051177978e-05
(23,32): -0.004617140293121338
(24,0): 0.00420251727104187
(24,1): 0.0004585945606231689
(24,2): 0.004421306252479554
(24,4): 0.000903996229171753
(25,0): 0.003576057553291321
(25,1): 0.0022046774625778197
(25,2): 0.002302215099334717
(25,3): 0.00037078261375427245
(25,4): -1.9488930702209474e-05
(26,0): 0.0007337301969528199
(26,1): -0.0004574298858642578
(26,2): 0.0013233846426010131
(26,27): -0.0014164704084396362
(26,34): -0.005104424953460693
(27,0): 0.0013339394330978394
(27,1): 0.0010577958822250366
(27,2): -0.002345225214958191
(27,4): -0.00048427879810333254
(27,23): -0.0007054018974304199
(27,26): -0.0020599836111068726
(27,32): -0.00012480556964874267
(28,3): -0.0008036649227142334
(28,4): 0.0021968156099319456
(28,29): 0.0011747109889984131
(28,40): -0.0029366940259933473
(29,1): 2.06756591796875e-05
(29,2): -0.0007006067037582397
(29,3): 0.0006114262342453003
(29,4): 0.0024318146705627442
(29,28): 0.0011902934312820435
(29,30): -0.00041475892066955566
(29,40): -0.0016730308532714843
(30,3): 0.007070083022117615
(30,29): 0.005498151779174804
(32,9): 0.003330640196800232
(32,18): -0.00032765567302703855
(32,23): -0.01138895571231842
(32,27): 0.0002142941951751709
(32,37): 0.0019033771753311157
(33,11): 0.0004460453987121582
(33,18): 0.00173686683177948
(33,35): 0.0011542880535125733
(34,9): -0.0020224612951278685
(34,10): 0.0017955851554870604
(34,26): -0.003249627947807312
(35,16): 0.0022981858253479006
(35,19): 0.006999338865280151
(35,33): 0.0008823615312576294
(36,19): 0.009381506443023682
(37,11): 0.00015085339546203614
(37,32): 0.009113166928291321
(38,9): 0.0016231542825698852
(38,14): 0.0010758179426193237
(38,15): 0.0010377615690231323
(38,16): 0.0016029059886932373
(38,41): 0.0009473919868469238
(39,11): 0.0006674993038177491
(39,18): 0.0010086590051651002
(40,13): 0.002320132851600647
(40,19): 0.0035873758792877197
(40,28): -0.006064041256904602
(40,29): 0.0004936081171035767
(41,17): 0.0014163535833358765
(41,38): 0.001139962673187256
(42,14): 0.0011707836389541627
(42,18): 0.0012537670135498048
(42,21): 0.000534985065460205
