Test set index: 296

Target Class: 0

Target compound: TARGET

Sum of Shapley Values: 0.7494932346136091

Shapley values:
0.0005222238920487143
0.010107073054119554
0.00040298013109349993
-0.02146836240738381
-0.008800744141503856
0.01750735423841462
0.0034222023526581324
-0.013457766360259598
0.08070476656272377
0.00033126897319561975
-0.012958439862693467
0.0022791635308854552
0.009068614403116548
-0.006118489671145575
0.0069765425808438405
-0.040020329459683694
0.027595441208418878
-0.06791441183068457
-0.026219014958487604
-0.007884595240713707
0.019847872041783034
-0.044928684838095326
0.03663974378643843
0.006217605312500041
0.033630513856084294
0.1102878988201951
0.07322767935018724
0.13224595558348484
0.1252284973134798
0.0517798270753093
-0.00016937536314658885
0.041925227297261926
-0.0575699431319299
0.1355975538008306
0.026564427531350673
0.0439146635014049
-0.03910956364254396
-0.026946894743429938
-0.012391802284703886
0.031882186762540246
-0.007399521565012037
0.007479403038364865
-0.003799916232472782
0.001164225043498437
0.018753947504108553
-0.01012584613404215
-0.0277422923098311
0.009367249926996522
0.025870061821985927
0.030948827050135606
-0.03645868100089664
0.042386517612332
-0.015117145508291685
-0.0643527661824271
0.03030276448708378
-0.0015475511584202195
-0.002816610610299435
0.048668562200103904
0.0068896927280068
-0.021887303313112057
-0.027402695412675745
0.03133308740883178
-0.023638621506065646
0.03553368362157734
-0.0012511718463377975
0.046005776292089885
-0.021823109596681673
0.0043839238339586474
0.0012462020041880616
0.01903766541471441
0.025228816349340377
-0.01169280437110551

Minimal top-k Set:
Set indices on edge ranking: [33, 27, 28, 25]
Set edge index: tensor([[15, 12, 12, 11],
        [14, 13, 28, 12]], device='cuda:0')
FID+: 0.6046860814094543

Pertinent Positive Set:

Pertinent set edge index: tensor([[15, 12, 12, 11],
        [14, 13, 28, 12]], device='cuda:0')
FID-: 0.0008424520492553711
Minimal top-k Set GNNExplainer:
Set indices on edge ranking: [32, 52, 24, 71, 33, 65, 8, 26, 3, 10, 69, 30, 44, 9, 42, 67, 61, 25, 31, 54, 55, 41, 20, 40, 45, 43, 34, 62, 50, 21, 23, 63, 64, 56, 1, 28, 57, 68, 48, 29]
Set edge index: tensor([[14, 22, 11, 31, 15, 29,  4, 12,  1,  4, 31, 13, 19,  4, 18, 29, 27, 11,
         14, 24, 24, 18,  9, 17, 20, 19, 15, 27, 22,  9, 10, 28, 28, 25,  1, 12,
         25, 30, 21, 13],
        [15, 24, 10, 29, 14,  7,  3, 11, 31, 31,  1, 14, 20,  5, 19, 31, 15, 12,
         13, 22, 25, 17,  8, 18, 19, 18, 16, 28, 21, 10, 11, 12, 27, 24,  0, 28,
         26, 29, 20, 12]], device='cuda:0')
FID+: 0.7937369048595428

Pertinent Positive Set GNNExplainer:

Pertinent set edge index: tensor([[14, 22, 11, 31, 15, 29,  4, 12,  1,  4, 31, 13, 19,  4, 18, 29, 27, 11,
         14],
        [15, 24, 10, 29, 14,  7,  3, 11, 31, 31,  1, 14, 20,  5, 19, 31, 15, 12,
         13]], device='cuda:0')
FID-: 0.01938939094543457