Interaction name: 5hwu

Affinity: 5.269999980926514
Predicted class: 0
Predicted probability: 0.8107014894485474
Sum of phi edges: -0.014286812543869026

Interaction statistics:

Number of total edges connecting protein pseudo-atoms: 2
Number of total edges connecting ligand pseudo-atoms: 96
Number of total edges connecting protein and ligand pseudo-atoms: 38

Pertinent positive set edge index: tensor([[28],
        [ 0]], device='cuda:0')

FID- using pertinent positive set: 0.1631675362586975

Number of pertinent positive edges connecting protein pseudo-atoms: 0 (0.0%)
% w.r.t. total number of pertinent positive edges: 0.0%)
Number of pertinent positive edges connecting ligand pseudo-atoms: 0 (0.0%)
% w.r.t. total number of pertinent positive edges: 0.0%)
Number of pertinent positive edges connecting protein and ligand pseudo-atoms: 1 (2.6%)
% w.r.t. total number of pertinent positive edges: 100.0%)

Minimal top k set edge index: tensor([[28, 24, 28, 27, 17,  4, 18,  4,  1, 17, 24,  8, 28, 26,  9, 18, 17, 15,
         27, 27,  7, 23, 23, 25,  4, 23, 28, 24,  8, 17,  7, 24,  5, 27,  7, 25,
          8, 27, 18, 17,  7, 24, 24,  0, 12,  1, 10, 20,  6, 20, 23,  7, 24,  2,
          3, 18, 13, 22, 21, 35,  5, 31, 11, 30, 18, 16, 22, 17, 22, 10,  3,  3,
         10,  9, 18,  7, 12,  2, 24, 22, 11, 17,  9, 12, 12,  9,  5,  7, 20, 24,
          2,  4, 23,  6,  8, 13,  4,  8,  3,  7,  9, 36, 22,  4, 19,  0,  8,  6,
         25, 14,  3,  8, 18,  5,  3, 17,  4, 20,  6,  2, 11, 12, 20, 24,  7, 17,
          9, 23,  9,  3, 11,  9,  4,  8, 24, 28,  9,  9, 24, 15, 25,  8,  9,  9,
         10, 21, 14, 29,  6,  7, 22, 23, 18, 19,  6, 10,  7, 30,  8, 19, 27,  3,
          4, 15, 14,  6, 28, 19,  4,  3, 12, 21, 30,  4, 20,  2, 25, 12, 16, 21,
          4, 16, 11, 10, 25,  5, 21,  8,  7, 15,  3,  5, 21, 25, 23, 16, 11, 14,
         18, 19, 18, 30,  7, 11, 17,  2, 23, 20,  1, 23,  5, 24, 21, 28, 28,  5,
         22, 10, 23, 29, 37, 11, 14,  5, 30,  8,  2, 29, 12, 29, 28,  9,  6, 30,
          0, 24, 30, 22,  4, 29, 21, 12, 15, 11,  4, 10, 17, 12, 21, 22, 24,  2,
         10, 31, 12, 30,  2, 15, 30, 28, 12, 26, 28, 12, 22,  2, 29, 25, 37, 23,
         35, 35],
        [ 0, 14,  9,  9, 21, 25,  4, 22, 26, 15, 15,  4, 10,  1, 27, 11,  3, 24,
         10,  6,  3, 17,  7,  4,  8, 25, 11, 17, 28, 12, 21, 25, 29, 12,  5, 23,
         30, 35, 20, 24, 12,  7,  8, 13, 19, 22, 27, 18, 28,  8, 22, 30, 23, 31,
          7, 24,  0, 23,  8, 27, 30,  2, 10, 10, 23, 24, 25,  4,  2, 21, 25,  4,
         12, 10, 21, 15, 20, 23,  5,  3, 19,  8, 19, 10,  9, 20, 16,  4, 10, 22,
         22, 16,  3, 30, 12,  1,  5, 21, 17, 18, 30, 22, 24,  7, 11, 26, 17, 29,
         24,  3,  2, 24,  7,  4, 14,  9, 17, 21, 24, 27,  9, 11, 12,  3, 28, 18,
         18, 24, 12, 28, 12,  8, 24,  7, 18,  7, 11, 21,  4,  4, 22,  9, 17,  7,
         11, 18, 22,  6,  5,  8,  1,  4, 17,  9, 15,  9,  9,  9, 11, 21,  2, 22,
         23, 16, 23,  4,  5, 12,  6, 23,  8, 20,  5, 15,  9,  3, 14, 18,  5, 11,
          3, 15,  8, 20,  3, 17,  9, 23, 24,  6, 24,  6, 19,  2,  2,  4, 18, 25,
          9, 20, 12, 11, 23, 21, 23, 24, 14, 19, 13, 18,  7, 16, 10, 12,  3, 24,
         14, 30,  8,  5, 31, 30, 24, 28, 12, 20, 25,  2,  7, 12,  6, 28, 27,  6,
         28,  6,  8,  4, 18, 10, 17, 29, 17, 28, 29, 29,  5, 30,  7, 35,  2, 29,
         28, 37, 17,  2, 28,  7,  7,  8, 28,  0,  2, 27, 36, 30,  4, 37, 25, 35,
         23, 22]], device='cuda:0')

FID+ using minimal top-k set: 0

Number of minimal top-k edges connecting protein pseudo-atoms: 1 (50.0%)
% w.r.t. total number of minimal top-k edges: 1.6%)
Number of minimal top-k edges connecting ligand pseudo-atoms: 50 (52.1%)
% w.r.t. total number of minimal top-k edges: 79.4%)
Number of minimal top-k edges connecting protein and ligand pseudo-atoms: 12 (31.6%)
% w.r.t. total number of minimal top-k edges: 19.0%)

Trustworthiness of the explanation: 0.0

Number of relevant edges connecting protein pseudo-atoms: 1 (50.0%)
% w.r.t. total number of relevant edges: 1.3%)
Number of relevant edges connecting ligand pseudo-atoms: 61 (63.5%)
% w.r.t. total number of relevant edges: 80.3%)
Number of relevant edges connecting protein and ligand pseudo-atoms: 14 (36.8%)
% w.r.t. total number of relevant edges: 18.4%)

Shapley values for edges: 

(0,13): 0.0005475044250488281
(0,26): 4.150331020355224e-05
(0,28): -0.0012655925750732421
(1,13): -0.0005654788017272949
(1,22): 0.0005437946319580078
(1,26): 0.005052223801612854
(2,3): -0.0001270681619644165
(2,22): 9.706377983093262e-05
(2,23): 0.00017368793487548828
(2,24): -0.00043914496898651124
(2,25): -0.0009569245576858521
(2,27): 7.779598236083985e-06
(2,28): -0.002894740700721741
(2,29): -0.002296167016029358
(2,30): -0.006501233577728272
(2,31): 0.0004682576656341553
(3,2): 2.0392537117004394e-05
(3,4): 0.00019408762454986572
(3,7): 0.00045157313346862795
(3,14): 1.3072490692138671e-05
(3,17): 6.550371646881104e-05
(3,22): -6.715357303619385e-05
(3,23): -0.00011250555515289306
(3,24): -0.00020625948905944824
(3,25): 0.00021323978900909425
(3,28): -5.960464477539063e-10
(4,3): -0.00014421045780181884
(4,5): 7.895112037658691e-05
(4,6): -0.00011031389236450195
(4,7): 4.445672035217285e-05
(4,8): 0.001737598180770874
(4,15): -0.00011642336845397949
(4,16): 9.596407413482666e-05
(4,17): 9.78231430053711e-06
(4,18): -0.0013306665420532227
(4,22): 0.005321590900421142
(4,23): -7.096469402313232e-05
(4,24): -4.76837158203125e-09
(4,25): 0.0062350666522979735
(4,29): -0.0018817675113677978
(5,4): 1.4942288398742676e-05
(5,6): -0.00020651519298553467
(5,7): -0.0005744189023971557
(5,16): 0.00012045383453369141
(5,17): -0.00016729533672332764
(5,24): -0.0006250900030136109
(5,28): -0.0008477848768234253
(5,29): 0.000811232328414917
(5,30): 0.00033104419708251953
(6,4): -9.212911128997803e-05
(6,5): -3.1445622444152835e-05
(6,15): -4.5680999755859374e-05
(6,24): 8.029937744140625e-06
(6,27): -0.0012007135152816773
(6,28): 0.0005056482553482056
(6,29): 3.955483436584473e-05
(6,30): 9.374439716339111e-05
(7,3): 0.0023543602228164673
(7,4): 0.00011840462684631348
(7,5): 0.0007836055755615234
(7,8): -3.180742263793945e-05
(7,9): -4.665553569793701e-05
(7,12): 0.0006333863735198974
(7,15): 0.0001766669750213623
(7,18): 5.242764949798584e-05
(7,21): 0.0009489142894744873
(7,23): -0.0003765755891799927
(7,24): -0.0001934581995010376
(7,28): 2.555251121520996e-06
(7,30): 0.0004909551143646241
(8,4): 0.0037053650617599487
(8,7): -2.213120460510254e-06
(8,9): -1.5277862548828125e-05
(8,11): -4.86987829208374e-05
(8,12): 9.364783763885499e-05
(8,17): 3.9815306663513184e-05
(8,20): -0.0009346312284469605
(8,21): 7.345736026763917e-05
(8,23): -0.00017544329166412352
(8,24): 1.946866512298584e-05
(8,28): 0.0010285943746566773
(8,30): 0.0007480812072753906
(9,7): -2.061307430267334e-05
(9,8): -1.1920928955078125e-09
(9,10): 0.00018176138401031493
(9,11): -6.139874458312989e-06
(9,12): 0.0
(9,17): -1.6877055168151854e-05
(9,18): 5.960464477539063e-10
(9,19): 0.00015481650829315185
(9,20): 0.00014116644859313965
(9,21): -7.952451705932616e-06
(9,27): 0.0034204089641571046
(9,28): -0.0011120128631591797
(9,30): 5.071401596069336e-05
(10,9): -4.665076732635498e-05
(10,11): -2.460479736328125e-05
(10,12): 0.0001924169063568115
(10,20): -0.00015644311904907226
(10,21): 0.00025494933128356934
(10,27): 0.000541379451751709
(10,28): -0.002370777726173401
(10,29): -0.0019055598974227906
(10,30): -0.0006650072336196899
(11,8): -0.00015157520771026613
(11,9): 6.809234619140625e-06
(11,10): 0.00030721127986907957
(11,12): -5.960464477539063e-10
(11,18): -0.0002862668037414551
(11,19): 0.00015632510185241698
(11,21): -0.0003966289758682251
(11,28): -0.0018584835529327393
(11,30): -0.0007712835073471069
(12,7): -0.0009861809015274047
(12,8): -0.00011517524719238281
(12,9): 0.00014290928840637206
(12,10): 0.00014601051807403565
(12,11): 5.3268671035766604e-06
(12,17): -0.0027113610506057737
(12,18): -0.00013383746147155762
(12,19): 0.0005443292856216431
(12,20): 0.0001749873161315918
(12,27): -0.00432496964931488
(12,28): -0.0035351359844207762
(12,29): -0.0015970641374588013
(12,30): -0.0020054984092712403
(13,0): 0.00042542576789855957
(13,1): 7.932603359222411e-05
(14,3): 2.788245677947998e-05
(14,22): -2.9412508010864257e-05
(14,23): -8.317172527313233e-05
(14,24): -0.0007892966270446778
(14,25): -0.00028971850872039795
(15,4): -9.009838104248047e-06
(15,6): -0.00020219147205352783
(15,7): -0.003152875900268555
(15,16): -7.849037647247314e-05
(15,17): -0.0016775304079055787
(15,24): 0.003009350299835205
(16,4): -0.0002748394012451172
(16,5): -0.0001420813798904419
(16,15): -0.00015119433403015136
(16,24): 0.00029428064823150635
(17,3): 0.0030404698848724367
(17,4): 0.0002827191352844238
(17,5): -0.001958204507827759
(17,8): 0.00015505552291870118
(17,9): 1.2215375900268555e-05
(17,12): 0.0009742462635040283
(17,15): 0.0038867253065109253
(17,18): 1.1920928955078125e-09
(17,21): 0.006975795030593872
(17,23): -0.00042823731899261475
(17,24): 0.0006692671775817871
(18,4): 0.006091213822364807
(18,7): 1.6475915908813478e-05
(18,9): -0.0003043144941329956
(18,11): 0.003167821764945984
(18,12): -0.00035764396190643313
(18,17): -4.021286964416504e-05
(18,20): 0.0007137161493301392
(18,21): 0.00017899036407470703
(18,23): 0.00029904544353485105
(18,24): 0.0004352027177810669
(19,9): -4.077017307281494e-05
(19,11): 4.4165849685668946e-05
(19,12): -0.00010209619998931885
(19,20): -0.00031671345233917235
(19,21): -5.9884786605834964e-05
(20,8): 0.0005005466938018799
(20,9): -0.0001252514123916626
(20,10): 0.00010976433753967285
(20,12): 3.159046173095703e-06
(20,18): 0.0005117660760879517
(20,19): -0.0005248022079467773
(20,21): 8.9341402053833e-06
(21,7): -0.0020807331800460818
(21,8): 0.00037919461727142334
(21,9): -0.00017451107501983642
(21,10): -0.0005837351083755494
(21,11): -0.00014225542545318604
(21,17): -0.0014328527450561523
(21,18): -2.649366855621338e-05
(21,19): -0.00020886600017547608
(21,20): -0.0001160961389541626
(22,1): -3.557145595550537e-05
(22,2): 0.0002770388126373291
(22,3): 0.00016316771507263184
(22,4): -0.0013137143850326539
(22,14): -0.0006282252073287964
(22,23): 0.0004049545526504517
(22,24): 4.6368241310119626e-05
(22,25): 0.0002904623746871948
(22,35): -0.0021172142028808593
(22,36): -0.005684372186660767
(23,2): -0.0002451121807098389
(23,3): 9.586155414581299e-05
(23,4): -3.8144588470458987e-05
(23,7): 0.0019357550144195558
(23,8): -0.0006680238246917725
(23,14): -0.0004982101917266846
(23,17): 0.002040144205093384
(23,18): -0.0005679935216903687
(23,22): 0.0004933089017868042
(23,24): 0.0
(23,25): 0.001578845977783203
(23,35): -0.011140978336334229
(24,2): -0.0022869545221328737
(24,3): 3.1059980392456054e-06
(24,4): -8.178353309631348e-06
(24,5): 0.00016967058181762695
(24,6): -0.0012741053104400634
(24,7): 0.0005823135375976563
(24,8): 0.0005717647075653077
(24,14): 0.008334164023399353
(24,15): 0.0037665367126464844
(24,16): -0.0005792927742004395
(24,17): 0.0011840885877609252
(24,18): -3.888607025146484e-06
(24,22): 0.00010759413242340089
(24,23): 0.0004898965358734131
(24,25): 0.0008876055479049682
(25,2): -0.00023296654224395753
(25,3): -0.00015665650367736818
(25,4): 0.0018736982345581054
(25,14): -0.00013304293155670167
(25,22): -1.0516643524169922e-05
(25,23): 0.0007607591152191162
(25,24): 3.3133625984191894e-05
(25,37): -0.008258287310600281
(26,0): -0.0037755393981933594
(26,1): 0.0035076504945755005
(27,2): -6.613671779632568e-05
(27,6): 0.002443956136703491
(27,9): 0.007425422668457031
(27,10): 0.002798616886138916
(27,12): 0.0007933896780014039
(27,35): 0.0007364797592163086
(28,0): 0.027817118763923645
(28,2): -0.003899558186531067
(28,3): -0.0006193047761917114
(28,5): -9.822666645050049e-05
(28,6): -0.0010584580898284912
(28,7): -5.7297945022583005e-06
(28,8): -0.003433874249458313
(28,9): 0.00773842453956604
(28,10): 0.003646915555000305
(28,11): 0.0012913328409194947
(28,12): -0.0005867522954940796
(29,2): -0.0009678846597671509
(29,4): -0.0069056832790374756
(29,5): -0.0007048261165618897
(29,6): -3.122508525848389e-05
(29,10): -0.0013679206371307374
(29,12): -0.0010363245010375976
(30,2): -0.0028389936685562136
(30,5): -0.000116194486618042
(30,6): -0.0012500065565109254
(30,7): -0.003242473602294922
(30,8): -0.0012950921058654786
(30,9): -4.672467708587646e-05
(30,10): 0.00030302345752716066
(30,11): -0.0003740227222442627
(30,12): -0.0008756726980209351
(31,2): 0.000329093337059021
(31,37): -0.0025067073106765747
(35,22): -0.012770716547966004
(35,23): -0.011965924501419067
(35,27): 0.00036104559898376466
(36,22): 4.8102736473083494e-05
(37,25): -0.008656784892082214
(37,31): -0.0007491016387939453
