Test set index: 599

Target Class: 0

Target compound: TARGET

Sum of Shapley Values: 1.024597194130175

Shapley values:
-0.08976764647391863
0.12804580106836924
0.01621085456761335
-0.015910839283092802
0.05061542137990904
0.026055599150884685
0.07864744413293567
-0.0010678949189076902
0.01236059576134462
-0.012075622703432652
0.006796745355663733
0.03529909313097524
-0.0003042630951636141
0.0032016119743530557
0.040454392965612505
-0.02130187696167936
0.06302976271167332
-0.009751746341117718
-0.016555279738434122
0.007573673182997106
-0.026573742251665516
-0.03954496946398314
0.05381442440098485
-0.03221501659575942
0.04141315363818143
0.008603326921529
0.051294103616151915
0.08866845992331243
0.09154526936902667
0.06103469294187714
0.1455507588322933
0.0027574153707840715
0.02693943029220514
-0.01120989459144481
0.02732975902418129
0.03382051677710814
-0.006097827794854509
0.01057523694793854
-0.014115919483169467
0.0010000821857937261
-0.010946197401334677
0.020025833166297465
-3.288353438313941e-05
-0.000957859626833078
0.0004304857946958466
-0.00015027557364447267
-0.00810835010134284
0.0034316151843279156
0.0017876440155083497
0.01179237543035432
-0.017704199108300945
5.0661795517990256e-05
-0.0003149225459299723
-0.0029873535295643753
0.0007004037137066702
0.01094072050364495
0.00434342765867353
0.0262016548638092
-0.006249975618573585
-0.02219228360610968
0.008251782355444333
0.0028067139322716667
-0.002108607168286078
0.0445651849729331
-0.0007963146142818534
0.05135394909497865
0.007071751249225547
0.02563734710683504
0.024038196450041568
0.03618483790698981
0.003926953138256743
-0.0025402077018290394
