Interaction name: 5i2e

Predicted class: 0
Predicted probability: 0.8394118547439575
Sum of phi edges: 0.011171001195907552

Interaction statistics:

Number of total edges connecting protein pseudo-atoms: 10
Number of total edges connecting ligand pseudo-atoms: 101
Number of total edges connecting protein and ligand pseudo-atoms: 41

Pertinent positive set edge index: tensor([[26],
        [23]], device='cuda:0')

FID- using pertinent positive set: -0.026595711708068848

Number of pertinent positive edges connecting protein pseudo-atoms: 0 (0.0%)
% w.r.t. total number of pertinent positive edges: 0.0%)
Number of pertinent positive edges connecting ligand pseudo-atoms: 1 (1.0%)
% w.r.t. total number of pertinent positive edges: 100.0%)
Number of pertinent positive edges connecting protein and ligand pseudo-atoms: 0 (0.0%)
% w.r.t. total number of pertinent positive edges: 0.0%)

Minimal top k set edge index: tensor([[26,  9, 26, 12, 17, 11, 18, 15, 34, 28, 18, 28,  3, 31, 11, 15, 18,  3,
         18, 26,  2, 32, 12,  9,  4,  5, 27, 10, 10, 11, 31,  2, 30,  8, 26,  2,
          3,  4, 12, 11, 23,  7, 12, 21,  3,  4, 38, 17,  4, 12, 12,  7, 12,  5,
          8, 19, 11,  2, 17, 19,  4, 18,  5,  9, 32,  7,  3, 20, 19, 27, 29,  5,
          0, 15,  3, 10,  6,  3,  4, 33, 34, 30,  2, 18,  4, 19,  6, 19, 17, 38,
         17, 12,  5, 19, 11, 24,  5,  6, 20,  4,  7, 19, 19, 31, 30, 22, 29, 32,
         27,  6,  2,  5, 15, 21,  5,  6, 31,  5,  3, 32, 34,  5, 21,  7,  6, 22,
          7, 33, 33, 29, 15, 33, 34, 30, 31,  6, 15, 29,  1,  2,  5,  2,  2, 19,
          7,  9,  3, 15,  2, 35, 32,  5, 16,  1,  5, 32,  6, 15,  6, 30, 22, 19,
          6, 30, 31,  9, 33, 33, 18, 18,  9, 33, 20,  9, 12,  4,  7, 24,  4, 17,
          5,  2,  7,  2,  9, 34, 22, 15, 10,  3, 38, 20, 19, 16, 22, 18, 16,  9,
         20, 17, 17,  5, 31, 21, 18,  7,  4, 31, 33, 34, 28,  9, 14,  2, 17, 24,
          9, 15, 10, 28, 31, 33, 24,  0, 28,  5, 28, 23, 22, 14, 24, 23,  1, 22,
          9,  0, 22, 14,  5, 24, 10, 22,  5,  0, 14, 14, 23,  0, 14, 21, 17, 35,
         22,  2, 15,  9, 13, 22, 23,  1,  3, 22, 31, 11, 18, 15, 10,  1, 23,  0,
         23, 24, 18,  6, 16, 23, 13, 15,  0, 13, 11, 40, 37,  1, 13, 13, 27, 28,
         13, 39, 27, 37, 39, 36, 27, 27, 25, 40, 27, 36, 25, 25,  1, 25],
        [23, 13, 24,  3, 27, 27, 27,  7, 38,  1,  1,  0, 12,  1, 22,  6,  0, 35,
         11, 20, 11, 38, 22, 14, 22, 22, 17,  9, 13,  2,  0, 17, 31,  1, 21, 19,
         27, 18,  2, 19, 40, 15, 18, 26, 22, 19, 34, 11, 11, 15, 19, 10,  5, 12,
         25,  2, 17, 12,  3,  3,  3,  2, 14, 15, 33, 28, 17, 26,  9, 11, 30,  2,
         18, 10, 18,  7, 28, 19, 17,  3,  9, 29,  0,  3,  2, 12, 31, 17, 18, 32,
         19, 11,  9,  5, 18, 26, 28, 30, 24, 15,  5, 18, 11,  3,  7, 36,  9, 34,
         18, 33, 27,  4,  5, 23,  7,  5,  7, 31, 31,  7, 33, 15, 16, 30, 15, 12,
          6,  9,  7,  5, 18,  4,  6,  6,  5, 29,  4,  6,  0,  4, 30, 22, 15, 22,
          9, 33,  2, 12, 18, 28,  6, 19, 21, 27, 29,  5, 34,  9, 32,  5,  2,  4,
          7,  9,  6, 19,  2,  5, 15, 12,  5,  6, 21, 28, 17, 31, 31, 20, 33,  4,
         10, 31, 32,  3, 29,  5, 37, 22,  5,  4, 15, 23, 15, 23, 18,  4, 20, 31,
         16, 15,  2, 33,  9, 20, 17, 33,  5,  2, 32, 32,  7, 10,  5,  5, 12, 23,
         30,  2, 14,  5,  4, 34, 21, 28,  6, 34,  9, 26,  5, 10, 16, 13, 31, 11,
          7, 31, 15, 23, 32, 14,  6, 19,  6, 25, 24,  9, 21, 27, 13, 24, 22,  3,
         17, 33, 17, 34, 39,  3, 20, 25, 33,  4, 30,  4, 22, 19, 15, 18, 14,  2,
         16, 13, 19, 10, 24, 24,  9, 38,  1, 24, 12, 23, 22, 28, 23, 14,  2, 35,
         10, 13,  3, 36, 40, 22, 25,  1,  0, 39,  0, 37, 27,  1,  8,  8]],
       device='cuda:0')

FID+ using minimal top-k set: 0

Number of minimal top-k edges connecting protein pseudo-atoms: 5 (50.0%)
% w.r.t. total number of minimal top-k edges: 7.4%)
Number of minimal top-k edges connecting ligand pseudo-atoms: 52 (51.5%)
% w.r.t. total number of minimal top-k edges: 76.5%)
Number of minimal top-k edges connecting protein and ligand pseudo-atoms: 11 (26.8%)
% w.r.t. total number of minimal top-k edges: 16.2%)

Trustworthiness of the explanation: 0.0

Number of relevant edges connecting protein pseudo-atoms: 5 (50.0%)
% w.r.t. total number of relevant edges: 7.6%)
Number of relevant edges connecting ligand pseudo-atoms: 50 (49.5%)
% w.r.t. total number of relevant edges: 75.8%)
Number of relevant edges connecting protein and ligand pseudo-atoms: 11 (26.8%)
% w.r.t. total number of relevant edges: 16.7%)

Shapley values for edges: 

(0,1): -0.0030942034721374513
(0,2): -0.002401198148727417
(0,18): 0.0008337378501892089
(0,25): -0.0014530110359191894
(0,27): -0.0015283191204071044
(0,28): -0.0009482347965240478
(0,31): -0.0012870407104492187
(1,0): -3.783464431762695e-05
(1,8): -0.012126767635345459
(1,18): -0.002380111813545227
(1,25): -0.0019488418102264404
(1,27): -0.0001655101776123047
(1,28): -0.0044323611259460445
(1,31): -0.0011412680149078369
(2,0): 0.0006714630126953125
(2,3): -0.00043507635593414306
(2,4): -5.023360252380371e-05
(2,5): -0.0007870590686798096
(2,11): 0.004437487125396728
(2,12): 0.0013508468866348267
(2,15): -8.500814437866211e-05
(2,17): 0.00348766028881073
(2,18): -0.00010586559772491456
(2,19): 0.0029979372024536133
(2,22): -6.873011589050292e-05
(2,27): 0.000237695574760437
(2,31): -0.0004074227809906006
(2,33): -0.0016927188634872437
(3,2): -9.450376033782959e-05
(3,4): -0.0005019921064376831
(3,12): 0.006692498326301575
(3,17): 0.0010742896795272827
(3,18): 0.0008271580934524536
(3,19): 0.0007460743188858032
(3,22): 0.001976701617240906
(3,27): 0.002964146137237549
(3,31): 0.00014900624752044677
(3,33): -0.0019903647899627685
(3,35): 0.005142319798469543
(4,2): 0.000667913556098938
(4,3): 0.0012655097246170044
(4,5): -0.000667344331741333
(4,11): 0.001890137791633606
(4,15): 0.0003830069303512573
(4,17): 0.000736570954322815
(4,18): 0.0029593688249588013
(4,19): 0.0019463968276977538
(4,22): 0.004145030975341797
(4,31): -0.0003238213062286377
(4,33): -0.0003658169507980347
(5,2): 0.000835634469985962
(5,4): 0.00023335039615631102
(5,6): -0.001447104811668396
(5,7): 0.0002049344778060913
(5,9): 0.00049288809299469
(5,10): -0.0004032742977142334
(5,12): 0.0015630125999450684
(5,14): 0.0011990875005722045
(5,15): 0.00013902366161346435
(5,19): -0.00013749539852142334
(5,22): 0.0041159743070602415
(5,28): 0.0004400068521499634
(5,29): -0.00016844093799591063
(5,30): -6.223678588867188e-05
(5,31): 0.0001875436305999756
(5,32): -0.0013250088691711425
(5,33): -0.0006137537956237793
(5,34): -0.0009687155485153198
(6,5): 0.00019752800464630126
(6,7): -0.0002423804998397827
(6,10): -0.002576025128364563
(6,15): 9.372949600219726e-05
(6,28): 0.0007679349184036255
(6,29): -1.1171698570251465e-05
(6,30): 0.0004396909475326538
(6,31): 0.0006318461894989014
(6,32): -0.00020813643932342528
(6,33): 0.00025337636470794677
(6,34): -0.00019644618034362794
(7,5): 0.00037805914878845213
(7,6): 5.8284401893615724e-05
(7,9): -9.157955646514893e-05
(7,10): 0.0018389540910720825
(7,15): 0.0020911771059036253
(7,28): 0.0011641907691955567
(7,30): 9.640514850616456e-05
(7,31): -0.0003257119655609131
(7,32): -0.0004159802198410034
(7,33): -0.0006268817186355591
(8,1): 0.003167039752006531
(8,25): 0.0014358961582183838
(9,5): -0.00028450906276702883
(9,7): -0.0012124907970428467
(9,10): -0.0007761931419372559
(9,13): 0.016032230854034425
(9,14): 0.00418068528175354
(9,15): 0.0011880338191986085
(9,19): -0.00025382697582244874
(9,28): -0.00031554222106933594
(9,29): -0.00043994665145874023
(9,30): -0.0008377033472061157
(9,31): -0.0005762618780136108
(9,33): -9.267270565032959e-05
(9,34): -0.001774410605430603
(10,5): -0.0004942518472671509
(10,6): -0.001405532956123352
(10,7): 0.0007849860191345214
(10,9): 0.003935059905052185
(10,13): 0.0037548828125
(10,14): -0.0008710753917694091
(10,15): -0.0023265117406845092
(11,2): 0.0036444699764251708
(11,4): -0.0021214759349822998
(11,12): -0.003416290283203125
(11,17): 0.0014081907272338867
(11,18): 0.00044714152812957763
(11,19): 0.002340517044067383
(11,22): 0.005915640592575073
(11,27): 0.00974132001399994
(12,2): 0.002855908274650574
(12,3): 0.010695978999137878
(12,5): 0.0017139625549316407
(12,11): 0.0005052649974822998
(12,15): 0.001854543685913086
(12,17): -0.0003221583366394043
(12,18): 0.002062947154045105
(12,19): 0.0018526512384414674
(12,22): 0.004287101030349731
(13,9): -0.0027349507808685303
(13,10): -0.0051839125156402585
(13,14): -0.004486854076385498
(13,23): -0.0044626140594482425
(13,24): -0.003273378610610962
(13,39): -0.001809239387512207
(14,5): -0.0007804632186889648
(14,9): -0.001502140760421753
(14,10): -0.001064361333847046
(14,13): -0.001532999873161316
(14,23): -0.0013205736875534057
(14,24): -0.0014886951446533203
(15,2): -0.0008441895246505737
(15,4): -1.548349857330322e-05
(15,5): 0.0002170407772064209
(15,6): 0.005521016716957092
(15,7): 0.008233550190925597
(15,9): -0.00020334362983703613
(15,10): 0.0008331650495529175
(15,12): -9.553432464599609e-05
(15,17): -0.0017056751251220703
(15,18): 1.4300346374511718e-05
(15,19): -0.0023188674449920654
(15,22): -0.0004895877838134766
(15,38): -0.002744682431221008
(16,20): -0.0005690723657608033
(16,21): -0.000157548189163208
(16,23): -0.0005524027347564698
(16,24): -0.00265092134475708
(17,2): -0.0006137382984161377
(17,3): 0.00133650541305542
(17,4): -0.0003847193717956543
(17,11): 0.0019267594814300537
(17,12): -0.0008120226860046386
(17,15): -0.0006118535995483399
(17,18): 0.0005488866567611695
(17,19): 0.0005378472805023193
(17,22): -0.001631576418876648
(17,27): 0.01013148069381714
(18,0): 0.005243294835090637
(18,1): 0.006953192949295044
(18,2): 0.0012591522932052612
(18,3): 0.0006679624319076538
(18,4): -0.0005688869953155518
(18,11): 0.004705307483673096
(18,12): -0.00027527451515197755
(18,15): -0.0002749800682067871
(18,17): -0.0006257277727127075
(18,19): -0.0025540220737457274
(18,22): -0.0021961891651153566
(18,27): 0.008598310351371765
(19,2): 0.001412871479988098
(19,3): 0.001295241117477417
(19,4): -0.00023494422435760498
(19,5): 0.0004857712984085083
(19,9): 0.0010376995801925659
(19,11): 0.0003393083810806274
(19,12): 0.0006399261951446533
(19,15): -0.0005256825685501099
(19,17): 0.0005712884664535522
(19,18): 0.00034325480461120604
(19,22): -8.84103775024414e-05
(20,16): -0.0005763667821884155
(20,21): -0.00030358076095581053
(20,23): -0.000519404411315918
(20,24): 0.0004266601800918579
(20,26): 0.0010486358404159545
(21,16): 0.00012215852737426758
(21,20): -0.0006202334165573121
(21,23): 0.00021692216396331787
(21,24): -0.00158413827419281
(21,26): 0.0020119208097457886
(22,2): -0.00022796034812927246
(22,3): -0.0018278557062149049
(22,4): -0.00210325300693512
(22,5): -0.0010012495517730713
(22,11): -0.0011843192577362062
(22,12): 7.95668363571167e-05
(22,15): -0.001301252245903015
(22,17): -0.0016859036684036255
(22,18): -0.0005564218759536743
(22,19): -0.0014091408252716064
(22,36): 0.00031317174434661863
(22,37): -0.00045543968677520753
(23,13): -0.0011358147859573365
(23,14): -0.0023931968212127686
(23,16): -0.002460266351699829
(23,20): -0.0019034254550933838
(23,21): -0.0015127897262573243
(23,24): -0.0026722025871276857
(23,26): -0.00099520742893219
(23,40): 0.0021071583032608032
(24,13): -0.0025041157007217405
(24,14): -0.0013982802629470825
(24,16): -0.0010819154977798461
(24,20): -0.0003610366582870483
(24,21): -0.0009384995698928833
(24,23): -0.0008274072408676148
(24,26): 0.0004441744089126587
(25,0): -0.00852648138999939
(25,1): -0.01044539749622345
(25,8): -0.015132271647453309
(25,27): -0.009714275598526001
(26,20): 0.004442689418792725
(26,21): 0.00307092010974884
(26,23): 0.02328024983406067
(26,24): 0.01362101674079895
(27,0): -0.009191265106201172
(27,1): -0.007280880212783813
(27,2): -0.004816361665725708
(27,3): -0.006014218926429749
(27,11): 0.0010182541608810425
(27,17): 0.0041119855642318725
(27,18): 0.00028074681758880613
(27,25): -0.007142624855041504
(28,0): 0.006860401034355163
(28,1): 0.007439505457878113
(28,5): -0.0008950287103652954
(28,6): -0.0009512722492218018
(28,7): -0.00074005126953125
(28,9): -0.0009800773859024049
(28,35): -0.004831768870353699
(29,5): 4.140853881835938e-05
(29,6): -3.666818141937256e-05
(29,9): 0.00031276941299438474
(29,30): 0.0009662282466888428
(30,5): -0.0002180713415145874
(30,6): -6.286501884460449e-06
(30,7): 0.0003147333860397339
(30,9): -0.0002477318048477173
(30,29): 0.0007150870561599731
(30,31): 0.0033955836296081544
(31,0): 0.0035616058111190797
(31,1): 0.006377099752426147
(31,2): -0.0006913602352142334
(31,3): 0.0003176701068878174
(31,4): -0.0009089952707290649
(31,5): -7.975101470947266e-06
(31,6): -0.00025042593479156493
(31,7): 0.0001930117607116699
(31,9): -0.0006159961223602295
(31,30): -0.002104482650756836
(32,5): -0.00017061471939086914
(32,6): -0.0001144862174987793
(32,7): 0.00014712035655975342
(32,33): 0.0011690765619277953
(32,34): 0.00030628621578216553
(32,38): 0.004347768425941467
(33,2): -0.00025439143180847165
(33,3): 0.0007249492406845092
(33,4): 8.19265842437744e-06
(33,5): -0.00026618838310241697
(33,6): -0.00028627872467041016
(33,7): 4.167795181274414e-05
(33,9): 4.2753219604492186e-05
(33,32): -0.0007083815336227417
(33,34): -0.0009120327234268189
(34,5): -0.0004507279396057129
(34,6): 3.357529640197754e-06
(34,9): 0.0007170909643173218
(34,32): -0.0007266563177108765
(34,33): 0.00014127254486083984
(34,38): 0.008121011853218079
(35,3): -0.0016690737009048462
(35,28): -0.00010822892189025879
(36,22): -0.006945359110832214
(36,37): -0.009245977401733399
(37,22): -0.003927403092384338
(37,36): -0.006024650931358337
(38,15): -0.0005131697654724121
(38,32): 0.0005437189340591431
(38,34): 0.0019277387857437134
(39,13): -0.005330401062965393
(39,40): -0.0066366827487945555
(40,23): -0.0038066017627716065
(40,39): -0.009190195798873901
