Test set index: 811

Target Class: 1

Target compound: RANDOM

Sum of Shapley Values: -4.768371582031249e-09

Shapley values:
0.0
0.0
0.0
0.0
0.0
0.0
0.0
0.0
0.0
0.0
-7.152557373046875e-09
0.0
0.0
0.0
0.0
0.0
0.0
0.0
0.0
0.0
0.0
0.0
0.0
0.0
0.0
0.0
0.0
0.0
0.0
0.0
0.0
0.0
0.0
0.0
0.0
0.0
0.0
0.0
0.0
0.0
0.0
0.0
0.0
0.0
0.0
0.0
0.0
0.0
0.0
0.0
0.0
0.0
0.0
-1.1920928955078125e-09
0.0
0.0
0.0
0.0
0.0
0.0
0.0
0.0
0.0
0.0
0.0
0.0
0.0
0.0
0.0
0.0
0.0
0.0
0.0
0.0
1.1920928955078125e-09
0.0
0.0
2.384185791015625e-09
0.0
0.0
