Interaction name: 5ung

Predicted class: 1
Predicted probability: 0.9403419494628906
Sum of phi edges: 0.5693730295822028

Interaction statistics:

Number of total edges connecting protein pseudo-atoms: 15
Number of total edges connecting ligand pseudo-atoms: 166
Number of total edges connecting protein and ligand pseudo-atoms: 67

Pertinent positive set edge index: tensor([[40,  2, 39,  2, 39, 38, 10,  1,  6, 35, 20, 39, 41, 27,  5, 27, 24, 34,
          7, 22],
        [ 1, 28,  2, 22, 10, 27, 30, 36, 19, 20, 42, 35,  0, 38, 25,  5,  4,  4,
          5, 38]], device='cuda:0')

FID- using pertinent positive set: 0.36075252294540405

Number of pertinent positive edges connecting protein pseudo-atoms: 0 (0.0%)
Number of pertinent positive edges connecting ligand pseudo-atoms: 16 (9.6%)
Number of pertinent positive edges connecting protein and ligand pseudo-atoms: 3 (4.5%)

Minimal top k set edge index: tensor([[40,  2, 39,  2, 39, 38, 10,  1,  6, 35, 20, 39, 41, 27,  5, 27, 24, 34,
          7, 22,  4, 39, 38, 36,  9, 36,  2, 19,  1, 25, 38,  6, 22, 51, 20, 36,
          8, 38, 39, 21, 27,  1, 19,  1, 19, 36, 45, 10, 17, 23, 28,  9, 18, 35,
         26, 31, 30, 37, 42,  1, 19, 13,  2,  6, 16, 24,  9, 21, 33,  4, 18, 33,
         48, 23, 10, 19, 23, 49, 36, 46,  4, 16,  9, 31, 27, 34, 23, 12, 22, 23,
         28, 28,  7, 61,  6, 42, 15,  5, 21, 20, 35, 19, 30, 34, 56,  2, 15, 36,
         27, 30, 23, 33, 45, 19, 30, 35, 19, 24, 35, 56,  3, 11, 63, 49, 31, 17,
         16,  0, 16, 11, 19, 21, 10, 31, 28, 38, 26, 22, 19, 49, 31, 25,  0, 24,
         56, 53, 18, 34, 21, 30, 40, 56,  1, 40, 38, 21, 13,  9, 42, 50, 27, 16,
         23, 15, 36, 52, 34,  5,  3, 10, 51, 45,  9, 42, 38, 13, 60, 29, 31, 31,
         23, 38, 18, 24, 38, 13, 23, 27, 14, 31, 63, 25, 12, 11, 29, 27, 28, 24,
         10,  3, 42, 44, 31, 24, 43, 35, 28, 28, 51, 52, 31, 13, 57, 15, 25, 29,
         26, 48, 25, 50, 23, 15, 30,  4, 17, 16, 21, 27, 29, 24, 37, 65,  3, 30,
         55, 33, 11, 34, 56, 22, 16, 15, 26, 26, 15, 13,  9, 32,  8, 42, 12, 27,
          8, 22, 22, 30, 11, 34,  9,  9, 37, 17, 33, 22, 16, 22, 32, 40, 54,  3,
         33, 22, 54, 27, 13, 34, 26, 23, 29, 25, 23, 24, 10, 23, 33, 12,  4, 10,
         25, 56, 25, 13,  2, 46, 10, 29, 14, 32, 27, 22, 18, 53, 20, 25, 11, 37,
         10, 55, 31, 28,  8, 28, 64,  6, 29, 10, 32, 14, 32, 17, 58, 17, 57, 19,
         20, 31, 25, 29, 37, 28,  4, 61, 28, 53, 24, 51, 24, 22, 22,  3,  2, 39,
         44, 28, 21, 58, 52, 31, 25, 31, 15, 39, 59],
        [ 1, 28,  2, 22, 10, 27, 30, 36, 19, 20, 42, 35,  0, 38, 25,  5,  4,  4,
          5, 38, 34, 12, 23, 16, 21, 17, 39, 13, 15, 24, 37, 39, 50, 13,  6, 18,
          3, 22, 19,  3, 24, 16,  3, 35, 20, 32, 10, 45, 50, 29, 22, 45, 13, 19,
         29, 26, 48, 27, 43, 40, 51, 35, 30, 20, 13, 28,  2, 10, 32, 27, 32, 16,
         63, 59, 22, 39, 38, 12,  1, 60, 31, 51, 20, 25, 29, 26, 24, 39, 42, 37,
         21, 30,  0, 29, 22,  8, 58, 40,  9,  9, 14, 12,  6, 27, 11, 19, 49, 13,
         25, 22, 30, 17, 42, 50, 24, 39, 53, 30, 13, 62, 12, 34, 48, 15, 22, 32,
         33,  5, 18, 56, 65,  8, 20, 30, 56, 28, 37,  9,  9, 55, 34, 26, 27, 22,
         21, 18, 16, 29, 28, 10, 41, 60, 14,  4, 30, 51, 19, 22, 12, 17, 34, 32,
         22, 17, 33, 18, 11, 27, 20, 24, 23, 44, 44, 53, 25, 12,  8, 38, 38, 61,
         25, 10, 17, 25, 29, 18, 31, 58, 55, 37, 29, 27, 13, 37, 24,  0, 38, 31,
         28, 21, 45,  9, 27, 63, 42,  1, 49, 24, 21, 17, 29, 50, 55, 16, 37, 61,
         34, 23, 34, 13, 27, 32, 31,  0, 36, 36, 57, 37, 31, 58, 31, 32, 10, 23,
         14, 52, 25, 25, 28, 56, 17, 18, 62, 27, 13, 36, 28, 18, 21, 22, 42, 23,
         60, 30, 23, 25, 26, 31, 12,  3, 24, 33, 15, 24, 15, 10, 17,  0, 55,  9,
         18,  2, 21, 26, 15, 37, 11, 61, 11, 31, 51, 29, 38, 48, 36, 49,  5,  8,
         29, 22, 11,  3,  9, 10, 21, 23, 51, 16, 31,  6, 33, 19, 13,  4, 27, 34,
         23, 57, 28, 23, 42,  9, 11,  9, 26,  2, 15,  1, 33, 15, 24, 18, 21,  6,
         35, 62,  5, 25, 11, 61, 24, 28, 31, 45, 37, 14, 23, 31, 49, 19, 10, 13,
         47,  2, 56, 14, 33,  4, 22, 24, 33,  9, 23]], device='cuda:0')

FID+ using minimal top-k set: 0.44070547819137573

Number of minimal top-k edges connecting protein pseudo-atoms: 8 (53.3%)
Number of minimal top-k edges connecting ligand pseudo-atoms: 123 (74.1%)
Number of minimal top-k edges connecting protein and ligand pseudo-atoms: 43 (64.2%)

Trustworthiness of the explanation: 0.5217261801812677

Number of relevant edges connecting protein pseudo-atoms: 3 (20.0%)
Number of relevant edges connecting ligand pseudo-atoms: 89 (53.6%)
Number of relevant edges connecting protein and ligand pseudo-atoms: 29 (43.3%)

Shapley values for edges: 

(0,4): -0.01186842292547226
(0,5): 0.0029492686688899995
(0,7): -0.001601300984621048
(0,27): 0.0026809000968933106
(0,40): -0.0022781661152839663
(0,41): -0.0027967870235443117
(1,14): 0.002530175745487213
(1,15): 0.007544002532958984
(1,16): 0.0063594400882720946
(1,35): 0.006199198812246323
(1,36): 0.012188138663768769
(1,40): 0.0050519491732120515
(2,9): 0.0004724563658237457
(2,10): -0.00018729984760284423
(2,19): 0.0034346207976341248
(2,20): -0.005401895940303802
(2,22): 0.016608223468065262
(2,28): 0.019750454723834993
(2,30): 0.0049259252846241
(2,39): 0.007766725420951843
(3,8): -0.007955851554870606
(3,9): 0.0007467187941074371
(3,10): 0.0012687717378139496
(3,12): 0.0030682431161403656
(3,13): -0.002929423451423645
(3,19): -0.00018393397331237794
(3,20): 0.002266622483730316
(3,21): 0.0017511238902807235
(3,39): -0.006972049772739411
(4,0): 0.001367172598838806
(4,5): 0.0005527928471565247
(4,7): -0.0067061643302440644
(4,23): -0.007882701084017753
(4,24): -0.0001315370202064514
(4,25): -0.002987045645713806
(4,27): 0.004494497179985046
(4,31): 0.004098230302333832
(4,34): 0.00832697629928589
(4,38): -0.0026011040806770327
(4,40): -0.0055199840664863584
(4,41): -0.004980175495147705
(5,0): -0.006532565280795097
(5,4): -0.0023127008974552156
(5,7): -0.0009043616056442261
(5,25): 0.00908141165971756
(5,27): 0.0023322805762290956
(5,34): -0.00038191869854927065
(5,40): 0.003648754060268402
(5,41): -0.0017454445362091065
(6,9): 0.00020613782107830047
(6,10): -0.0032686445116996764
(6,19): 0.01085186019539833
(6,20): 0.00478713646531105
(6,22): 0.003869665861129761
(6,28): -0.011176532208919525
(6,30): -0.0009694427251815795
(6,39): 0.007121716290712356
(7,0): 0.00391062319278717
(7,4): -0.014423934072256088
(7,5): 0.008386477902531624
(7,27): -0.02860606089234352
(8,3): 0.006640954315662384
(8,10): -0.0030030347406864166
(8,21): 0.00103695809841156
(8,42): 0.0002896590530872345
(8,43): -0.001166229248046875
(8,60): 0.0010162100195884704
(9,2): 0.0045684178173542025
(9,3): 0.0008476248383522034
(9,6): -0.0023908890783786775
(9,10): -0.0027145297825336458
(9,12): 0.0008531713485717774
(9,19): -0.002140562832355499
(9,20): 0.004075644314289093
(9,21): 0.007999536842107772
(9,22): 0.002458435297012329
(9,28): 0.0010547325015068053
(9,39): -0.0045747623592615125
(9,44): 0.002204403877258301
(9,45): 0.005563524812459946
(10,2): 0.00016180709004402161
(10,3): -0.0012792745232582093
(10,6): -0.002162839472293854
(10,8): 0.0005209803581237793
(10,9): -0.0012166738510131837
(10,20): 0.0028772981464862822
(10,21): 0.00046305254101753235
(10,22): 0.004398542642593384
(10,23): 0.00034251511096954345
(10,24): 0.002246763929724693
(10,28): 0.0017588582634925842
(10,30): 0.013115243315696716
(10,38): 0.0006066346168518066
(10,39): -0.004199549555778503
(10,45): 0.005992200523614884
(10,46): -0.0025604647397994996
(10,47): -0.002759714126586914
(11,25): 0.0012083201110363007
(11,26): 0.0009402269124984741
(11,27): 0.0003578352928161621
(11,29): -0.005076718777418137
(11,34): 0.00306698203086853
(11,37): 0.0018675816059112549
(11,56): 0.002935055196285248
(11,64): -0.0021653518080711363
(12,3): -0.00284103125333786
(12,9): -0.004880280494689942
(12,13): 0.0018984618037939072
(12,19): -0.0026857294142246246
(12,20): -0.005995321571826934
(12,39): 0.004045518636703491
(12,42): 0.0010251040756702424
(12,49): 0.0005890142917633057
(13,3): 0.00048652052879333496
(13,12): 0.002170419842004776
(13,15): 0.0006819574534893036
(13,16): -0.0026861146092414857
(13,18): 0.0019849133491516113
(13,19): 0.00247452050447464
(13,20): -0.0020010417699813845
(13,35): 0.005017455816268921
(13,36): 0.0010828855633735657
(13,39): -0.008464169055223465
(13,50): 0.0015243661403656005
(13,51): -0.0007068181037902832
(14,1): 6.122961640357971e-05
(14,35): -0.0006745640933513642
(14,50): -0.004894679784774781
(14,51): 0.0004342535138130188
(14,55): 0.0019472204148769379
(14,58): -0.002463611215353012
(15,1): -0.004014451801776886
(15,13): 0.0010957443714141846
(15,16): 0.0014981116354465486
(15,17): 0.002357192933559418
(15,18): 0.0011193248629570007
(15,32): 0.0014130243659019471
(15,33): -0.00032092183828353883
(15,49): 0.0033676593005657197
(15,58): 0.003673299700021744
(16,1): -0.0034078366309404375
(16,13): 0.004782889932394028
(16,15): 0.0007963864505290985
(16,17): 0.0011371226608753204
(16,18): 0.0029366932809352874
(16,32): 0.0023793599009513857
(16,33): 0.0029609870910644533
(16,36): 0.0013576841354370117
(16,51): 0.004083178192377091
(17,15): 2.4817734956741333e-05
(17,16): -0.0004168866574764252
(17,18): 7.27921724319458e-06
(17,32): 0.002968038618564606
(17,33): 0.0008297242224216461
(17,36): 0.0013589707016944885
(17,50): 0.005807598680257797
(17,52): -0.0006073820590972901
(18,13): 0.005550238937139511
(18,15): -0.0021064938604831696
(18,16): 0.0026188831031322478
(18,17): 0.002050689458847046
(18,32): 0.0044701829552650455
(18,33): 0.0003768937289714813
(18,36): -0.0004733352363109589
(18,52): -0.0008019471168518067
(18,53): -0.0029180154204368593
(19,2): -0.0010332904756069183
(19,3): 0.006215091794729233
(19,6): -9.011700749397278e-06
(19,9): 0.002768489122390747
(19,12): 0.0035358063876628877
(19,13): 0.007573805451393127
(19,20): 0.006157202571630478
(19,35): -0.004775431901216507
(19,39): 0.004295149296522141
(19,50): 0.003253888487815857
(19,51): 0.005025470852851868
(19,53): 0.003207332044839859
(19,65): 0.0028991557657718657
(20,2): -0.0008659641444683075
(20,3): -0.0057437212765216825
(20,6): 0.006774599552154541
(20,9): 0.003604627698659897
(20,10): -0.00037717968225479124
(20,12): -0.0015017689764499664
(20,13): 0.0003635400533676147
(20,19): -0.004100805819034576
(20,35): -2.202823758125305e-05
(20,42): 0.010469247102737427
(21,3): 0.0066039557754993435
(21,8): 0.0028932949900627135
(21,9): 0.0036274027824401856
(21,10): 0.004508695602416992
(21,28): 0.002599502205848694
(21,51): 0.0025135421007871626
(21,54): -0.00037963911890983584
(21,56): -0.0002463151514530182
(21,57): 0.0013558460772037505
(21,61): -0.0005817243456840515
(22,2): 0.0006991870701313019
(22,6): 0.0003777925670146942
(22,9): 0.0027857233583927156
(22,10): 0.0007884123921394348
(22,23): 0.0009947989881038666
(22,24): 0.0008021403849124909
(22,25): -0.0005827127397060395
(22,28): -0.00040318533778190615
(22,30): 0.001015869975090027
(22,31): -0.00018107697367668153
(22,38): 0.008329287320375443
(22,42): 0.00402273491024971
(22,49): -0.00018183104693889618
(22,50): 0.0068789622187614445
(22,56): 0.0011389198899269103
(23,4): -0.0006291241198778153
(23,10): -0.0005928090214729309
(23,22): 0.002378336191177368
(23,24): 0.004067510440945625
(23,25): 0.0020870040357112885
(23,27): 0.0014197398722171784
(23,28): -0.0005982634425163269
(23,29): 0.0058049289882183075
(23,30): 0.0032712377607822416
(23,31): 0.001960240080952644
(23,37): 0.003995333462953567
(23,38): 0.004293963015079498
(23,48): 0.0006011994183063507
(23,51): 0.0006331159174442292
(23,59): 0.004401320219039917
(23,61): 0.0006539484858512878
(24,4): 0.008992993235588075
(24,10): -0.0017379985004663467
(24,22): 0.0026605662703514097
(24,23): -0.00018060997128486634
(24,25): 0.002040436565876007
(24,27): -0.0029231594502925873
(24,28): 0.004769964665174484
(24,29): 0.0006132670491933822
(24,30): 0.003088188022375107
(24,31): 0.0018056157231330873
(24,37): -0.00016745492815971373
(24,58): 0.0013296559453010559
(24,63): 0.0016717323660850525
(25,4): 0.0003580667078495026
(25,5): -5.948588252067566e-05
(25,11): 0.0005013479292392731
(25,22): -0.0002890022099018097
(25,23): -0.0026914003491401673
(25,24): 0.007450217753648758
(25,26): 0.0026904980838298796
(25,27): 0.001900065541267395
(25,29): 0.0005142496526241302
(25,30): -0.0009769056737422943
(25,31): 0.0006498518586158752
(25,34): 0.0014383338391780853
(25,37): 0.0014955584704875945
(25,38): -0.0009398189932107925
(25,49): -0.0008705686032772065
(26,11): 0.0006715881824493408
(26,25): -0.003856177628040314
(26,27): 0.0011040638387203217
(26,29): 0.005468701720237732
(26,31): -0.004418576955795288
(26,34): 0.0014929474890232085
(26,37): 0.002802819013595581
(26,62): 0.0011078992486000061
(27,0): 0.0018587835133075715
(27,4): -0.00612667128443718
(27,5): 0.009052926450967788
(27,7): -0.0005367663502693176
(27,11): -0.0017467080056667327
(27,23): 0.0010224378108978271
(27,24): 0.006483907699584961
(27,25): 0.003313390165567398
(27,26): 0.0006854987144470215
(27,29): 0.004072507917881012
(27,31): 0.00041038647294044494
(27,34): 0.0023834583163261413
(27,37): 0.001349513977766037
(27,38): 0.009093459397554397
(27,58): 0.0019527256488800048
(28,2): -0.00024339273571968078
(28,6): -0.001283743679523468
(28,9): 0.0002144685387611389
(28,10): -0.005702948272228241
(28,21): 0.003979602158069611
(28,22): 0.005754437744617463
(28,23): 0.0003066299855709076
(28,24): 0.0016374844312667847
(28,30): 0.0039131098985671995
(28,31): -0.00015300154685974121
(28,38): 0.0018160559237003326
(28,49): 0.0016396944224834442
(28,56): 0.0028630396723747253
(28,61): -0.00012601301074028015
(29,11): 0.0006509973108768463
(29,23): 0.00046295255422592165
(29,24): 0.0018607515096664428
(29,25): -0.0001106308400630951
(29,26): 0.00017666250467300416
(29,27): -0.004055127203464508
(29,31): 0.0013491274416446686
(29,34): -0.00036259248852729795
(29,38): 0.0021376918256282807
(29,61): 0.0014936967194080352
(29,63): -0.0014725644886493684
(30,2): -0.00616277277469635
(30,6): 0.0035265596210956574
(30,10): 0.0025985898077487946
(30,22): 0.003302253186702728
(30,23): 0.0012625914812088013
(30,24): 0.0032484158873558044
(30,25): 0.0009754863381385803
(30,28): -0.00045445531606674194
(30,31): 0.0014091353118419647
(30,38): -0.008377478271722794
(30,48): 0.005442574769258499
(31,4): -0.00028692469000816343
(31,22): 0.0029932665824890137
(31,23): -0.004976213276386261
(31,24): -0.0002934923768043518
(31,25): 0.0040727309882640835
(31,26): 0.005461660176515579
(31,27): 0.0016924504935741424
(31,28): 0.00031917303800582886
(31,29): 0.0015956218540668487
(31,30): 0.0028723594546318054
(31,34): 0.0027010983228683474
(31,37): 0.0019422458112239838
(31,38): 0.0021222506463527678
(31,61): 0.002097579091787338
(31,62): -4.12362813949585e-05
(32,15): 9.4899982213974e-05
(32,16): 0.00042496800422668456
(32,17): 0.0007841819524765014
(32,18): 0.0010517147183418275
(32,33): 2.93104350566864e-05
(32,36): -0.00574680432677269
(32,65): -0.002302075028419495
(33,15): 0.0008026480674743653
(33,16): 0.004459907114505768
(33,17): 0.003265952467918396
(33,18): 0.0007311528921127319
(33,32): 0.004508129507303238
(33,36): 0.0005945084989070892
(33,52): 0.001224176287651062
(34,4): 0.00869308516383171
(34,5): -0.0019450104236602784
(34,11): 0.002338843643665314
(34,25): 0.001168866902589798
(34,26): 0.00407060295343399
(34,27): 0.0034947074949741364
(34,29): 0.0026000267267227172
(34,31): 0.0009040585160255432
(34,37): 0.0006795990467071534
(34,58): -0.0031298162043094636
(34,59): -0.002603617608547211
(35,1): 0.0016424791514873505
(35,13): 0.003084181696176529
(35,14): 0.0035567525029182433
(35,19): 0.005523516684770584
(35,20): 0.01077661320567131
(35,39): 0.003219127357006073
(36,1): 0.004214429855346679
(36,13): 0.003353497684001923
(36,16): 0.008025004118680954
(36,17): 0.007842243909835815
(36,18): 0.0067150634527206425
(36,32): 0.006143391728401184
(36,33): 0.0023453421890735626
(37,11): -0.00012162938714027405
(37,23): -0.003414013832807541
(37,24): 0.0008347438275814056
(37,25): -0.01041153073310852
(37,26): -0.0022585730254650114
(37,27): 0.005275607705116272
(37,31): 0.0012811648845672608
(37,34): 0.0003451947867870331
(37,38): -0.008142708688974381
(38,4): -0.007131453454494476
(38,10): 0.0020731814205646516
(38,22): 0.006631507277488708
(38,23): 0.00830334022641182
(38,25): 0.0021717609465122223
(38,27): 0.013389174044132233
(38,28): 0.0028224097192287444
(38,29): 0.002005913853645325
(38,30): 0.002515403926372528
(38,31): -0.0035475824773311617
(38,37): 0.007396945208311081
(39,2): 0.01721486683934927
(39,3): -0.005830738693475723
(39,6): -0.005671469122171402
(39,9): -0.0003308260440826416
(39,10): 0.016334795504808427
(39,12): 0.00832143783569336
(39,13): -0.0001934465765953064
(39,19): 0.006605220288038254
(39,35): 0.010142999142408371
(40,0): 0.0007833541184663772
(40,1): 0.02708567813038826
(40,4): 0.0025243113934993746
(40,5): -0.007371182292699814
(40,41): 0.0025854799151420593
(41,0): 0.009560068547725677
(41,4): -0.010524102747440338
(41,5): -0.0006612703204154968
(41,40): -0.000553751140832901
(42,8): 0.0037275756895542144
(42,12): 0.0024368672072887423
(42,20): -0.0019972169399261473
(42,22): 0.0010339397937059402
(42,43): 0.005222460106015205
(42,45): 0.0017164261639118195
(42,53): 0.002184678763151169
(43,8): -0.0005996906757354736
(43,42): 0.001643376499414444
(43,57): -0.0010368476808071136
(44,9): 0.0017100960016250611
(44,45): -0.003245484679937363
(44,47): -0.00023847460746765137
(45,9): -0.0022538667917251587
(45,10): 0.00601285457611084
(45,42): 0.0032644027471542356
(45,44): 0.002213378846645355
(45,53): -0.0005102090537548066
(46,10): 0.00046456903219223024
(46,60): 0.004179768711328507
(47,10): -0.0027267795801162718
(47,44): -0.004426766484975815
(48,23): 0.0014468222856521607
(48,30): -0.007175705283880234
(48,63): 0.004446181654930115
(49,12): 0.004268554449081421
(49,15): 0.0030580103397369386
(49,22): -0.0012996554374694823
(49,25): -0.0024224236607551576
(49,28): -0.0012155362963676452
(49,55): 0.002755937427282333
(50,13): 0.0014222285151481628
(50,14): -0.0023329311609268186
(50,17): 0.0024096742272377014
(50,19): -0.005566195249557495
(50,22): -0.0004328353703022003
(51,13): 0.00679837167263031
(51,14): -0.00017569899559020995
(51,16): -0.0008262823522090912
(51,19): -0.0006024169921875
(51,21): 0.0016243803501129151
(51,23): 0.002243726998567581
(52,17): 0.0015966776013374329
(52,18): 0.002344323098659515
(52,33): -0.00026882454752922056
(53,18): 0.0026191055774688722
(53,19): 0.00036864519119262696
(53,42): -0.0011510474979877473
(53,45): -0.00015475630760192872
(54,21): 0.0006856277585029602
(54,55): 0.000764465183019638
(55,14): 0.0012501341104507447
(55,49): -0.004412275552749634
(55,54): -0.003393654078245163
(55,57): 0.0003337676823139191
(56,11): 0.0034773549437522888
(56,21): 0.0026399165391921995
(56,22): 0.0005107878148555756
(56,28): 0.001165812611579895
(56,60): 0.0025477004051208496
(56,62): 0.003078890144824982
(57,21): -5.427002906799316e-06
(57,43): -0.0019674286246299743
(57,55): 0.0015029028803110122
(58,14): -0.0002588309347629547
(58,15): -0.0008676675707101822
(58,24): 2.1778196096420288e-05
(58,27): -0.0018161074817180634
(58,34): -0.0008718897402286529
(59,23): -0.0003374232351779938
(59,34): -0.0050195400416851044
(60,8): 0.002147843539714813
(60,46): -0.0071131960302591325
(60,56): -0.0021480703353881836
(61,21): -0.0014131005108356477
(61,23): -0.00038465499877929685
(61,28): -0.00014049455523490906
(61,29): 0.003881429135799408
(61,31): -0.0004532690346240997
(62,26): -0.0015395388007164
(62,31): -0.001310577392578125
(62,56): -0.0008641366660594941
(63,24): -0.0032443390786647797
(63,29): 0.0019027739763259888
(63,48): 0.003061676621437073
(64,11): 0.00020863413810729982
(65,19): -0.0005942556262016296
(65,32): 0.001273428052663803
