Test set index: 458

Target Class: 0

Target compound: TARGET

Sum of Shapley Values: 0.9798513541420164

Shapley values:
0.011404464375521456
-0.0020819488103135677
0.00056831526010511
0.058223773136894315
0.03652830895206209
0.003273443784594524
-0.005553280144246102
0.022721547101629037
0.0005934225445715926
0.006293773415156512
0.013680181858489822
0.06540478064301428
-0.014524899529670699
-0.008323404416796729
-0.0037428820409578824
0.02265558978075465
0.007107987986006325
-0.007473668314089812
-0.004933622718210324
0.00347265532409836
0.04518596599342649
-0.002378403168605018
0.015570902991414854
0.028765403924437192
0.054539838431776164
0.02661340287169971
0.02819352746179723
-0.02396881958575202
0.0048641117428875795
-0.0064897292642409786
0.03926082281353185
0.02839755335744562
0.06159554300979456
0.08709454607274296
0.09440285350185343
0.018843727288944814
0.04467629914679763
0.0323987373749676
-0.008655910825002028
0.06166301608192524
-0.0010081179174602677
0.028531688466594995
-0.026316058358436444
-0.005302635536459818
-0.00575031475189213
0.009335066034715263
-0.015650931579363748
0.005276058962071435
-0.001077389041563446
0.005304240038011229
0.0051125963422356735
-0.008915810486354541
0.015298216753266935
0.005352466549942856
-0.011793480379235015
0.046445283827098054
-0.011860041889624771
-0.016763385911254272
0.03164715440051058
0.015177350521887522
0.010088240295454319
0.02743692246385985
0.019274241123552072
0.013624122068383378
0.008884996856799625
0.01121369832211651
-0.007501082474058739
-0.011544344690635066
-0.0024153984566238325
0.011880075178022564

Minimal top-k Set:
Set indices on edge ranking: [34, 33, 11, 39, 32]
Set edge index: tensor([[15, 15,  5, 18, 15],
        [28, 16,  6, 17, 14]], device='cuda:0')
FID+: 0.9541530460119247

Pertinent Positive Set:

Pertinent set edge index: tensor([[15, 15,  5, 18, 15,  2, 11, 24,  8, 16, 14,  2, 17, 26, 10, 18, 14, 12,
         28],
        [28, 16,  6, 17, 14,  1, 10, 25, 10, 17, 13,  3, 16, 25, 11, 27, 15, 11,
         15]], device='cuda:0')
FID-: 0.10462969541549683