Test set index: 599

Target Class: 0

Target compound: TARGET

Sum of Shapley Values: 0.980984359658799

Shapley values:
-0.02002247355746876
0.018050610443319664
0.02044694699164318
0.02291751173744908
-0.024549151146738148
-0.012833055399467073
-0.013247636417901469
-0.01883670158168087
-0.0028162094671004474
0.010197471347332765
0.005387895642165098
-0.01625337148209139
-0.014061899054622018
-0.0327631947400522
-0.011388208138158327
0.010645989022763487
0.0041612274983045955
0.12040609119316618
0.014655477310094487
-0.010492888581647047
0.020415837818929684
-0.012709754673942251
0.12842697121155877
0.17763696526121295
0.23914533263129234
0.022346652315691412
0.04487921726282762
-0.024599423832204977
0.010702271883360853
-0.01597476154196429
0.02544231907912322
-0.013191903239030339
0.06501696662826156
-0.00969292082574092
-0.011013658170331106
0.006819780493907626
0.0837270164379872
-0.004364843340512971
-0.053955838145670926
0.03902024405811404
-0.011520086211227056
-0.001247255300096564
0.0011748947224479252
-0.0038222147635313874
-0.0035311621476984316
-0.013782190613549312
-0.004153813099983763
0.010342747180187234
0.06633146517798989
-0.020779167591637
-0.022560894216941033
0.24723228561344865
-0.07650694844499357
0.01749549723448958
-0.003722503594604154
0.0008052645411817436
0.0016526633060549955
0.00018536532819108016
0.011770767003860311
0.0018668849104367165
-0.020372639290921937
0.007893230698546866
0.0010447956936298459
-0.0069456486600359794
0.0030454274536754534
0.014616900117659062
0.01912623981532198
-0.006839767973273733
-0.009786294952662582
0.006687358178530104
-0.008187058606232374
0.018732334240511784
-0.008679777634903074
-0.00576883339425567
0.010518097028906858
0.043252167225435165
-0.0017146041282111856
-0.014773019027793844
-0.016156244597291838
-0.002394492232274862
-0.009833870896544436
0.0026075586347776526

Minimal top-k Set:
Set indices on edge ranking: [51, 24]
Set edge index: tensor([[22, 10],
        [23, 29]], device='cuda:0')
FID+: 0.8442402333021164

Pertinent Positive Set:

Pertinent set edge index: tensor([[22, 10, 10, 10,  7, 16, 21, 14, 11, 33],
        [23, 29, 11,  9, 30, 17, 22, 15, 12, 35]], device='cuda:0')
FID-: 0.14015531539916992
Minimal top-k Set GNNExplainer:
Set indices on edge ranking: [28, 54, 25, 17, 29, 67, 32, 20, 58, 55, 19, 48, 64, 61]
Set edge index: tensor([[12, 24, 11,  7, 13, 30, 14,  9, 26, 25,  8, 21, 29, 27],
        [13, 25, 10, 30, 12, 29, 15,  8, 27, 24,  9, 22, 10, 28]],
       device='cuda:0')
FID+: 0.8836375325918198

Pertinent Positive Set GNNExplainer:

Pertinent set edge index: tensor([[12, 24, 11,  7, 13, 30, 14,  9, 26, 25,  8, 21, 29, 27, 25, 26, 30,  9,
         27,  7, 21, 24, 13, 11, 10],
        [13, 25, 10, 30, 12, 29, 15,  8, 27, 24,  9, 22, 10, 28, 26, 25,  7, 10,
         20,  8, 24, 21, 14, 12, 11]], device='cuda:0')
FID-: 0.12588363885879517