Test set index: 599

Target Class: 0

Target compound: TARGET

Sum of Shapley Values: 0.8049262709057883

Shapley values:
-0.002925726313139954
3.4944201189799666e-05
-0.0008571589463310123
-0.0010321414365557183
-0.020880927228415214
-0.0017720219821499138
0.0014011289751779431
0.004026791294029866
0.016443524892737336
0.01224442986048877
0.0010868400120598348
0.0157149888201672
-0.004630312142134594
-0.05075533380137997
0.002524404277637506
0.008317317456116809
0.023094118191316945
0.09916077871750736
0.021811840918262933
0.0006926930090661543
0.026327387885403924
0.04881641130207453
0.1411220097062403
-0.0599902424797299
0.18091455235073375
0.07888398720729044
0.003111457854536248
-0.009662598564067737
0.02207406762023253
-0.01088236495186132
0.08494822370280049
-0.050508516662338084
0.06449603443783462
-0.09795992947255217
0.03799897503749612
-0.04558221519653425
0.20554914842408006
-0.045085697877228686
-0.1687034672645841
0.1298712348050702
-0.016503834551393124
-0.015673712020629085
0.0275309642051014
0.005464707169043446
-0.018603667331926907
-0.017142257749380642
-0.003623459148449005
0.0073602576380658894
-0.05036796366623915
-0.0015684117580417316
0.021393365674484875
0.05152241753509161
-0.032541509242215216
0.02018613318423423
-0.004487339412855573
-0.0018979459195614004
-0.0019379757928981772
0.0015711496763253974
0.01188732044668272
0.006143119427879456
-0.007416253325806861
0.0029062420400429324
0.019590520476901508
-0.010475339143271294
0.003340126500226005
0.05060745695443248
0.03855310307410607
-0.0012677416742787678
0.0014098910390138936
0.020139750668610706
-0.004828290901628947
0.011881447793566202
-0.013105037405362714
-0.005406441936752427
0.004078626947598704
-0.014301586589962816
0.010508683059427865
0.009145926017624503
0.04127780424970417
0.0008017053578781818
0.0001667388927095631
-0.0008310561928590399

Minimal top-k Set:
Set indices on edge ranking: [36, 24, 22]
Set edge index: tensor([[16, 10, 10],
        [17, 29,  9]], device='cuda:0')
FID+: 0.6990310847759247

Pertinent Positive Set:

Pertinent set edge index: tensor([[16, 10, 10, 18,  7, 13],
        [17, 29,  9, 16, 30, 14]], device='cuda:0')
FID-: 0.07887482643127441
Minimal top-k Set GNNExplainer:
Set indices on edge ranking: [29, 25, 28, 17, 67, 32, 20, 19, 64, 52, 39, 21, 71]
Set edge index: tensor([[13, 11, 12,  7, 30, 14,  9,  8, 29, 23, 18,  9, 32],
        [12, 10, 13, 30, 29, 15,  8,  9, 10, 22, 16, 10, 33]], device='cuda:0')
FID+: 0.99999237120619

Pertinent Positive Set GNNExplainer:

Pertinent set edge index: tensor([[13, 11, 12,  7, 30, 14,  9,  8, 29, 23, 18,  9, 32,  2,  7, 30],
        [12, 10, 13, 30, 29, 15,  8,  9, 10, 22, 16, 10, 33,  1,  8,  7]],
       device='cuda:0')
FID-: 2.384185791015625e-07