Interaction name: 5eyk

Affinity: 8.520000457763672
Predicted class: 1
Predicted probability: 0.7669851183891296
Sum of phi edges: 0.5986111765727403

Interaction statistics:

Number of total edges connecting protein pseudo-atoms: 11
Number of total edges connecting ligand pseudo-atoms: 96
Number of total edges connecting protein and ligand pseudo-atoms: 38

Pertinent positive set edge index: tensor([[31, 33, 41, 31, 23, 39, 14, 26, 26, 41,  3, 25, 12, 30, 31, 40,  7, 44,
         37, 41, 40, 40, 33, 14, 31, 40, 43, 26, 10, 25, 32, 45, 14, 26, 38, 12,
         13, 18, 25, 26, 32, 28,  7, 16, 35, 16, 18, 13, 16, 41, 43, 44, 21, 23,
         40, 16, 18, 35, 26, 12, 23, 10, 25,  8, 39, 20, 37, 44],
        [22, 15, 25,  8, 42, 17, 36, 37, 34,  9, 30, 45, 31,  3, 12, 18, 10, 38,
         35, 18, 21, 10, 13, 34, 21, 41, 19, 44, 32, 41, 23, 25, 35, 39, 44, 23,
         19, 41,  2, 43, 12, 33, 39, 44, 37, 43,  1, 33, 13, 40, 16, 16, 40, 12,
         20, 31, 20, 14,  7, 32, 32,  7,  6, 38,  7, 18, 14, 26]],
       device='cuda:0')

FID- using pertinent positive set: 0.021811723709106445

Number of pertinent positive edges connecting protein pseudo-atoms: 4 (36.4%)
% w.r.t. total number of pertinent positive edges: 8.5%)
Number of pertinent positive edges connecting ligand pseudo-atoms: 8 (8.3%)
% w.r.t. total number of pertinent positive edges: 17.0%)
Number of pertinent positive edges connecting protein and ligand pseudo-atoms: 35 (92.1%)
% w.r.t. total number of pertinent positive edges: 74.5%)

Minimal top k set edge index: tensor([[31, 33, 41, 31, 23, 39, 14, 26, 26, 41,  3, 25, 12, 30, 31, 40,  7, 44,
         37, 41, 40, 40, 33, 14, 31, 40, 43, 26, 10, 25, 32, 45, 14, 26, 38, 12,
         13, 18, 25, 26, 32, 28,  7, 16, 35, 16, 18, 13, 16, 41, 43, 44, 21, 23,
         40, 16, 18, 35, 26, 12, 23, 10, 25,  8, 39, 20, 37, 44, 10, 39, 21, 19,
         44, 34, 32, 20, 31, 20, 14,  0, 18, 22, 43,  2, 38,  6, 12,  6,  2,  0,
         19,  7, 31,  9,  6, 21, 23, 24, 17, 33, 17, 27, 20, 12,  3,  2,  5,  8,
         20, 28,  7, 22, 21,  4, 26, 30,  7,  5, 15, 18, 12,  4,  9,  8, 27,  1,
         24, 24, 11, 13, 45,  2, 18,  7, 24, 26,  7, 21, 12, 12, 18, 20,  4,  1,
         23, 15, 34,  2, 13,  8, 24,  3, 26, 14, 11, 38,  2, 23,  4, 19, 22, 11,
         10, 22, 21,  1,  9, 23, 20, 15, 30, 10, 16, 17, 27, 23, 19],
        [22, 15, 25,  8, 42, 17, 36, 37, 34,  9, 30, 45, 31,  3, 12, 18, 10, 38,
         35, 18, 21, 10, 13, 34, 21, 41, 19, 44, 32, 41, 23, 25, 35, 39, 44, 23,
         19, 41,  2, 43, 12, 33, 39, 44, 37, 43,  1, 33, 13, 40, 16, 16, 40, 12,
         20, 31, 20, 14,  7, 32, 32,  7,  6, 38,  7, 18, 14, 26, 40, 26, 31, 13,
         30, 14, 10, 40, 16,  7, 37, 13, 40,  6, 26, 24,  8, 22, 20, 11, 25,  3,
         15, 20, 42, 17, 27, 10,  8, 27, 10, 28,  9, 18, 12, 22, 14, 21, 27,  4,
         17,  0, 23,  5, 12, 16, 19,  4, 26, 25, 19, 21, 25,  8, 20, 31, 11,  4,
         22, 18, 24, 16, 32, 18, 25, 21,  2, 15, 15, 23,  2, 27, 27,  9, 15,  2,
          7, 26, 26, 12, 15, 19, 11, 13,  3,  3, 27, 40,  1,  9,  1,  8, 18, 25,
         21, 11,  8, 29, 23, 17, 23,  7, 44, 23, 26, 23,  5, 21, 26]],
       device='cuda:0')

FID+ using minimal top-k set: 0.2748580574989319

Number of minimal top-k edges connecting protein pseudo-atoms: 7 (63.6%)
% w.r.t. total number of minimal top-k edges: 7.7%)
Number of minimal top-k edges connecting ligand pseudo-atoms: 47 (49.0%)
% w.r.t. total number of minimal top-k edges: 51.6%)
Number of minimal top-k edges connecting protein and ligand pseudo-atoms: 37 (97.4%)
% w.r.t. total number of minimal top-k edges: 40.7%)

Trustworthiness of the explanation: 0.4291348567716094

Number of relevant edges connecting protein pseudo-atoms: 4 (36.4%)
% w.r.t. total number of relevant edges: 8.9%)
Number of relevant edges connecting ligand pseudo-atoms: 6 (6.2%)
% w.r.t. total number of relevant edges: 13.3%)
Number of relevant edges connecting protein and ligand pseudo-atoms: 35 (92.1%)
% w.r.t. total number of relevant edges: 77.8%)

Shapley values for edges: 

(0,3): 0.0008707399666309357
(0,13): 0.001732982024550438
(0,26): -0.003250791430473328
(0,28): -0.000125308558344841
(1,2): 8.866988122463226e-05
(1,4): 0.00018922824412584305
(1,8): -0.006334415525197983
(1,18): -0.005375691279768943
(1,24): -0.000892234593629837
(1,29): 7.86907970905304e-06
(2,1): 3.700152039527893e-05
(2,8): -0.0015738532692193986
(2,11): -0.0009872789680957794
(2,12): 7.056690752506256e-05
(2,18): 0.0001508142054080963
(2,20): -0.00029846198856830596
(2,21): 0.0004272840917110443
(2,23): -0.0019130820035934447
(2,24): 0.0012694764882326126
(2,25): 0.0009009402245283126
(3,0): -0.00013719134032726287
(3,13): 5.273900926113129e-05
(3,14): 0.0004495173692703247
(3,26): -0.0015385210514068603
(3,30): 0.013560330346226692
(4,1): 2.8104111552238466e-05
(4,7): -0.0005706499516963958
(4,8): 0.00022549182176589966
(4,15): 0.00010672353208065033
(4,16): 0.00037339627742767335
(4,30): -6.955429911613464e-05
(5,11): -0.00048722445964813235
(5,22): -0.00033272258937358854
(5,25): 0.00026499420404434203
(5,27): 0.00042423099279403686
(6,11): 0.0010344961285591126
(6,22): 0.0011737517267465592
(6,25): -0.0009571150690317154
(6,27): 0.0007040965557098389
(7,4): -0.0014937423914670944
(7,8): -4.070460796356201e-05
(7,10): 0.01118343584239483
(7,15): 0.00013660043478012086
(7,16): -0.0001446160674095154
(7,19): -0.0001088627427816391
(7,20): 0.000776393637061119
(7,21): 0.00014468260109424592
(7,23): 0.0003953766822814941
(7,26): 0.00034171387553215025
(7,39): 0.005387881994247437
(8,1): -0.002874702662229538
(8,2): -0.0004584922641515732
(8,4): 0.0004131227731704712
(8,7): -0.000260588675737381
(8,15): -0.0003899760544300079
(8,16): -0.0006742817908525467
(8,19): 5.807742476463318e-05
(8,21): -0.00016110971570014953
(8,23): -0.0005932032316923141
(8,31): 0.0002070917934179306
(8,38): 0.0031908465176820754
(9,10): -4.0750801563262936e-05
(9,17): 0.0007467595487833023
(9,20): 0.00021570466458797454
(9,21): -5.970552563667297e-05
(9,23): 6.8901479244232176e-06
(9,41): -0.00046138375997543333
(10,7): 0.0032545482367277146
(10,9): -0.00033953376114368437
(10,17): -0.0004460986703634262
(10,20): -1.7248168587684633e-05
(10,21): 1.210913062095642e-05
(10,23): -3.111213445663452e-06
(10,32): 0.007520242035388947
(10,40): 0.0024615345895290376
(11,2): -0.007123382538557052
(11,5): -0.0018551703542470932
(11,6): -0.006989829167723656
(11,12): -0.000354510098695755
(11,18): -0.00018880873918533325
(11,22): -0.00029638834297657013
(11,24): 0.00016476228833198548
(11,25): 1.3311728835105897e-05
(11,27): 4.465483129024506e-05
(12,2): 0.0001259852945804596
(12,11): -0.0003879006952047348
(12,18): -8.697420358657837e-05
(12,20): 0.001103307008743286
(12,21): -4.0673986077308655e-05
(12,22): 0.0005072586238384247
(12,23): 0.0063830848038196565
(12,24): -3.216937184333801e-05
(12,25): 0.0002502094954252243
(12,27): 0.00012144237756729125
(12,31): 0.013273617327213287
(12,32): 0.0033267588913440706
(13,0): -1.706250011920929e-05
(13,3): -5.676962435245514e-05
(13,15): 6.334193050861359e-05
(13,16): 0.00015475139021873475
(13,19): 0.006142357960343361
(13,26): -1.9807144999504088e-05
(13,33): 0.0044017057865858075
(14,3): 5.08280098438263e-05
(14,34): 0.009168037697672844
(14,35): 0.007039703875780106
(14,36): 0.02287361115217209
(14,37): 0.0017613253742456436
(15,4): -0.006723761633038521
(15,7): -2.9802322387695313e-10
(15,8): -5.914606153964996e-05
(15,13): -0.00020594924688339234
(15,16): -0.0001272863894701004
(15,19): 0.0002617547661066055
(15,26): 7.388971745967865e-05
(15,33): -0.002184860408306122
(16,4): -0.00011710070073604584
(16,7): -0.0001528412103652954
(16,8): -9.099990129470826e-06
(16,13): 0.004339007586240768
(16,15): -0.00017865002155303955
(16,19): -0.00026568859815597536
(16,26): -4.245489835739136e-06
(16,31): 0.003726578801870346
(16,43): 0.004694877788424492
(16,44): 0.005316697061061859
(17,9): 0.0005451914668083191
(17,10): 0.0005820563435554504
(17,20): -0.00022883564233779907
(17,21): -5.5909529328346254e-05
(17,23): -4.249513149261475e-06
(17,39): -0.0017644061148166656
(18,1): 0.004430387169122696
(18,2): -9.108535945415497e-05
(18,11): -0.0002004227042198181
(18,12): -0.0003027699142694473
(18,20): 0.0036778059601783753
(18,21): 0.00025984257459640505
(18,22): -0.00046967588365077974
(18,24): -0.0007903682440519332
(18,25): 0.00014869153499603272
(18,27): 0.00011353060603141784
(18,40): 0.0015733525902032852
(18,41): 0.005876767486333847
(19,7): -0.00017524704337120055
(19,8): 2.5297626852989196e-05
(19,13): 0.002228165343403816
(19,15): 0.0008223815262317657
(19,16): -0.00020530402660369872
(19,26): -8.968561887741089e-06
(19,43): -0.00030407845973968507
(20,2): -0.0007522329688072205
(20,7): 0.0017620337009429932
(20,9): 0.0001076369732618332
(20,10): -0.0001995551586151123
(20,12): 0.0005277978628873825
(20,17): 0.00040889114141464235
(20,18): 0.0028045642375946044
(20,21): -5.144871771335602e-05
(20,23): 1.6658008098602296e-06
(20,40): 0.0018489916622638702
(21,2): -4.2950585484504696e-05
(21,7): -2.4444088339805602e-05
(21,8): 8.641108870506286e-06
(21,9): -8.620813488960266e-05
(21,10): 0.0006703802198171616
(21,12): 0.00037708133459091187
(21,17): -0.00048438973724842073
(21,18): -0.00030859552323818205
(21,20): -3.9728879928588865e-05
(21,23): 0.00012730747461318968
(21,31): 0.0022460996359586717
(21,40): 0.0040486940741539
(22,5): 0.00039448320865631103
(22,6): 0.0014545378088951112
(22,11): 9.301230311393739e-06
(22,12): -0.0002597317099571228
(22,18): 1.477353274822235e-05
(22,24): -0.00015613019466400146
(22,25): -0.0001571051776409149
(22,31): -0.0019580402970314024
(23,2): -0.0009467219561338424
(23,7): 8.17117840051651e-05
(23,8): 0.0006149184703826905
(23,9): 2.8892457485198975e-05
(23,10): -0.0001143113523721695
(23,12): 0.003993601128458976
(23,17): 1.722201704978943e-06
(23,20): -7.298365235328675e-05
(23,21): -8.32967460155487e-06
(23,32): 0.0033028505742549895
(23,42): 0.03020010992884636
(24,1): -0.009917756542563438
(24,2): 0.00014312595129013062
(24,11): 5.622684955596924e-05
(24,12): -1.624792814254761e-05
(24,18): 0.00018144585192203522
(24,22): 0.00018552057445049287
(24,25): -0.00033146388828754426
(24,27): 0.0005826643854379654
(25,2): 0.00569196917116642
(25,5): -0.0017990488559007645
(25,6): 0.0031921789050102234
(25,11): -0.0001606614887714386
(25,12): -5.411349236965179e-05
(25,18): -0.0008255979418754578
(25,22): -0.0007462958991527557
(25,24): -0.000361471027135849
(25,27): -0.00043131113052368163
(25,41): 0.0073834177106618885
(25,45): 0.013281406536698341
(26,0): -0.0007322017103433609
(26,3): 5.1240473985672e-05
(26,7): 0.0035019174963235853
(26,13): -0.0015078947693109512
(26,15): 0.00013867750763893127
(26,16): -0.00035734474658966064
(26,19): 0.00036712221801280974
(26,34): 0.019181719124317168
(26,37): 0.0224347423017025
(26,39): 0.006459598988294601
(26,43): 0.005595303922891617
(26,44): 0.007603239566087723
(27,5): -6.15432858467102e-06
(27,6): -0.001410595029592514
(27,11): 0.0001918451488018036
(27,12): -0.000623648464679718
(27,18): 0.0005443990230560303
(27,24): -0.00021208152174949645
(27,25): -9.636469185352326e-05
(28,0): 0.0003986348956823349
(28,33): 0.005479765385389328
(29,1): -0.00016611039638519286
(29,30): -0.0075032241642475125
(30,3): 0.01249160148203373
(30,4): 0.00035064175724983213
(30,29): -0.009623383805155754
(30,44): -2.179667353630066e-06
(31,8): 0.032561967894434926
(31,12): 0.011857208013534546
(31,16): 0.0018291139602661132
(31,21): 0.008581832125782967
(31,22): 0.04063698165118694
(31,39): -3.40966135263443e-05
(31,42): 0.0007479267567396164
(32,10): 0.0019089262932538986
(32,12): 0.005581116899847984
(32,23): 0.007369411066174507
(32,45): -9.361833333969116e-05
(33,13): 0.009221238866448402
(33,15): 0.03789493337273598
(33,28): 0.0005800136923789978
(34,14): 0.0019459547102451324
(34,26): 7.209427654743195e-05
(35,14): 0.0035110174119472506
(35,37): 0.004759141206741333
(36,14): -0.0009593900293111801
(37,14): 0.0027529459446668627
(37,26): -0.000308428555727005
(37,35): 0.00963619828224182
(38,8): 0.0012202920019626618
(38,40): 4.4418200850486756e-05
(38,44): 0.006393662393093109
(39,7): 0.0030634402483701705
(39,17): 0.025207392647862436
(39,26): 0.002358270436525345
(39,31): -0.0003621462732553482
(39,42): -0.003582170307636261
(40,10): 0.009351692795753479
(40,18): 0.01183013342320919
(40,20): 0.0037474320083856582
(40,21): 0.009493938758969306
(40,38): -0.0008575855195522308
(40,41): 0.007891922369599342
(41,9): 0.018251547440886497
(41,18): 0.00960458055138588
(41,25): 0.03572092935442925
(41,40): 0.00424999438226223
(42,23): -0.002653360739350319
(42,31): -0.00011577054858207702
(42,39): -0.00037562958896160127
(43,16): 0.004248332530260086
(43,19): 0.007620389461517334
(43,26): 0.0014043284952640533
(44,16): 0.004227654933929443
(44,26): 0.0025137844681739807
(44,30): 0.0019489368051290512
(44,38): 0.010165548622608185
(45,25): 0.007044951468706131
(45,32): 0.00015356123447418212
