Test set index: 701

Target Class: 0

Target compound: TARGET

Sum of Shapley Values: 1.0416401554348964

Shapley values:
-0.018707048341269135
0.08460602712814215
0.03150240938779716
-0.011101968648860873
0.022828325589466177
0.012412800452443888
0.026061411278359994
0.03965374911430211
0.028102155211694804
-0.018533931987785378
0.01218448922924265
0.01039515968420476
-0.0016319421279481607
0.01612729565930319
-0.014405473277231367
0.04008365449488353
0.023972141446424334
0.010527696244305844
0.0260233361739423
0.019530265603896625
0.11239133060080547
0.07089493209283236
0.100670028439456
0.02626483816726885
0.03985565754952815
0.006298965473006632
0.0076872287502501736
0.08231229917964226
0.014373895944123485
0.043817136401450935
-0.004779223084074286
0.01671390094156403
0.001950730536058052
0.025762632832410003
0.002803324713936011
-0.0010897264317875927
-4.706431174944976e-05
0.0027527471776418594
0.021023690968894823
0.002575595439469699
-0.0009832569187199637
0.01890057194813795
-0.022789397972216702
-0.0027112373518511056
0.006134401458790201
0.0008829146422422862
-0.0024585585454790786
0.001058914566749268
0.0028873090722388206
-0.01569205111028755
-0.000326433003363228
-0.006743967879232007
0.03564386072894234
0.015888194914025263
0.013933155786405487
-0.003140986563688472
0.009650711077716973
0.007176216861663392
0.004672005380722337
0.039438914797635415
0.00942555630674913
-0.0015511938499854242
0.001035762366008241
0.00033563679309452034
0.008397120674732743
-0.0015770465740771082
0.0059924850666936355
-0.010692670395808901
0.0023169920766622737
0.006416666134073937
0.0007519640595846244
-0.002440547356267575
0.003770644880361157
-0.004476956646561392
0.00023343658469783844
-0.002944958012585884
0.0014616992348563456
-0.00039593027997925794
-0.0037976625328862367
0.01761759528695789
0.00614607494065371
-0.0076692689085510355

Minimal top-k Set:
Set indices on edge ranking: [20, 22, 1, 27, 21]
Set edge index: tensor([[ 9,  9,  1, 12,  9],
        [ 8, 23,  0, 11, 10]], device='cuda:0')
FID+: 0.9687650389969349

Pertinent Positive Set:

Pertinent set edge index: tensor([[ 9,  9,  1, 12,  9, 12,  6, 10,  3, 26, 22,  1,  3, 10],
        [ 8, 23,  0, 11, 10, 22, 24, 11,  4,  1, 23,  2, 25,  9]],
       device='cuda:0')
FID-: 0.02719491720199585
Minimal top-k Set GNNExplainer:
Set indices on edge ranking: [47, 20, 17, 52, 15, 79, 23, 4, 14, 54, 8, 63, 12, 10, 58, 80, 31, 76, 38]
Set edge index: tensor([[20,  9,  7, 22,  6, 34, 10,  2,  6, 23,  3, 27,  5,  4, 25, 35, 13, 33,
         16],
        [19,  8,  8, 23, 24, 35,  9,  1,  7, 22, 25, 28,  6,  5, 24, 26, 14, 34,
         17]], device='cuda:0')
FID+: 0.5012006759643555

Pertinent Positive Set GNNExplainer:

Pertinent set edge index: tensor([[20,  9,  7, 22,  6, 34, 10,  2,  6, 23,  3, 27,  5,  4, 25, 35, 13, 33,
         16, 29,  3,  7, 34, 22, 28,  3, 23, 24, 35,  4, 15, 14, 11, 26, 10, 27,
         11,  5, 24, 14,  8, 34, 29,  8,  9],
        [19,  8,  8, 23, 24, 35,  9,  1,  7, 22, 25, 28,  6,  5, 24, 26, 14, 34,
         17, 34,  2,  6, 29, 12, 27,  4,  9,  6, 34,  3, 14, 13, 10, 35, 11, 26,
         12,  4, 25, 15,  7, 33, 28,  9, 10]], device='cuda:0')
FID-: 0.2739459276199341