Test set index: 701

Target Class: 0

Target compound: TARGET

Sum of Shapley Values: 0.9434845703201102

Shapley values:
-0.051727558888345807
0.0927892660913376
-0.0049988979756180486
-0.006521255967977106
0.02593146001356554
-0.020554570544608998
0.005800111950531407
0.04250968479152102
-0.013387477420283988
0.002655327149839742
0.008369085779587622
0.016600741632804374
0.010365213193967847
0.011167790619873252
-0.005864624854248903
-0.01554566935023595
0.008999089606407905
-0.012549942588913385
0.020425897457446624
0.020684292079087438
0.05782974702417351
0.1278362683691395
0.09343493695911309
0.02046281653241209
0.05610474111445104
0.012362576311855366
0.033906402868296666
0.036108529325504055
-0.010479623588840768
0.027157332860836565
-0.0016552256956267864
-0.005223387465418933
0.008669245996294976
0.03828485976854828
-0.002810354463743684
0.002718784354691702
-0.003522380830512599
0.001596832548202368
0.03281771346700918
-0.011537387037397134
0.012619701992851607
0.12086071154268417
0.0007236544603355521
-0.004990940157164702
0.04708423684513824
-0.03463201598670398
0.02515921203381032
-0.0336262761277571
-0.014861869842461668
-0.026327518477369805
0.0494380769681142
0.035464909210192984
-0.016494538752047202
0.015621491629994934
0.019335950289397996
0.009483732423737066
-0.009279335690454232
0.01640692909522136
0.006830208887289019
0.05170961812758932
-0.0016129895567028874
0.00039936137002243965
0.0003323271811995433
0.01978417385657367
-0.008310135818942539
-0.019033957620093456
0.051672012612360874
-0.010332077499703062
-0.0007050751254279597
0.00731637452327711
-0.0017650803052147001
-0.008588159254436574
0.0030563116922546004
-0.005256986809505954
0.0020745206659967623
-0.00701349452780666
-0.0007466005312140258
-0.00045329499955410244
-0.004348332742703776
0.01690997806967389
0.0027391727163851133
-0.012369807243452753

Minimal top-k Set:
Set indices on edge ranking: [21, 41, 22, 1, 20]
Set edge index: tensor([[ 9, 17,  9,  1,  9],
        [10, 21, 23,  0,  8]], device='cuda:0')
FID+: 0.9287009388208389

Pertinent Positive Set:

Pertinent set edge index: tensor([[ 9, 17,  9,  1,  9, 10, 26, 29, 21, 18,  3, 14, 12, 22],
        [10, 21, 23,  0,  8, 11,  1, 28, 20, 19,  4, 13, 11, 12]],
       device='cuda:0')
FID-: 0.37331610918045044
Minimal top-k Set GNNExplainer:
Set indices on edge ranking: [15, 17, 58, 31, 20, 32, 37, 52, 23, 79, 55, 12, 9, 54, 7, 80, 41, 16, 4, 8]
Set edge index: tensor([[ 6,  7, 25, 13,  9, 13, 16, 22, 10, 34, 24,  5,  4, 23,  3, 35, 17,  7,
          2,  3],
        [24,  8, 24, 14,  8, 18, 15, 23,  9, 35,  6,  6,  3, 22,  4, 26, 21,  6,
          1, 25]], device='cuda:0')
FID+: 0.7208041250705719

Pertinent Positive Set GNNExplainer:

Pertinent set edge index: tensor([[ 6,  7, 25, 13,  9, 13, 16, 22, 10, 34, 24,  5,  4, 23,  3, 35, 17,  7,
          2,  3, 24, 34, 25, 22,  4, 14, 17, 12,  5, 23, 35, 29,  9],
        [24,  8, 24, 14,  8, 18, 15, 23,  9, 35,  6,  6,  3, 22,  4, 26, 21,  6,
          1, 25, 25, 29,  3, 12,  5, 15, 16, 11,  4,  9, 34, 34, 10]],
       device='cuda:0')
FID-: 0.4966167211532593