Test set index: 701

Target Class: 0

Target compound: TARGET

Sum of Shapley Values: 1.0254472534079693

Shapley values:
-0.032559001687481055
0.12043328646018842
0.006130825742846411
-0.0094887162132138
0.028446675904081037
-0.0273271089159965
0.005865690594908509
-0.003523242430674012
0.0020076861838763255
0.005289858454212242
-0.00037489802206275275
0.008877558000128257
0.0009228773298405523
-0.0021893705657064348
-0.05979192176294922
0.016188518217128908
0.03740877226273624
-0.015368308773273347
0.001651012607935964
-0.0035404786952149487
0.06404357088846041
0.11312659627278959
0.10974843430176763
0.009691628999420004
0.04934508480198461
0.01268001891393816
0.021408148781213887
0.08418436093754861
-0.0011389829865673124
0.033116201177962185
-0.0237133071134219
0.0040134416085303905
-0.004504952976337424
0.005872063539657471
-0.004214115716136786
0.004058099883626521
-0.006486352626604691
0.0030587145006820767
0.01721806421960398
0.0018042732219479345
0.009361770003024107
0.07585097506594556
0.00790610214121284
0.003598664662271208
0.04546726225331407
-0.018311810056310517
0.009844127313012194
0.049250398075869735
0.039725547547976026
-0.02219045379522564
-0.0007833355412074828
0.02163651901198226
-0.00623729766981097
0.027527143838983973
0.03380570029927121
-0.012321700878464313
0.005267133877121711
-0.000297858982498711
-0.00384259485895199
0.09259763570548231
0.0306373092984033
-0.0026271440065448485
-0.002036606831910363
0.01600934535681706
0.004382632643762566
-0.004959389108834384
0.03133720271847021
-0.0013009177236731934
0.0018699276934663863
0.0039342741401876095
-0.0009357595331652106
-0.0003265476587860616
-0.00356225373181801
0.0015792196116797106
-0.001391402252821804
0.0006374311453826578
0.007864367420455706
0.003189323421961945
-0.008375940658066426
0.022383594668170727
0.0002617172680136795
-0.00334776380755582

Minimal top-k Set:
Set indices on edge ranking: [1, 21, 22, 59]
Set edge index: tensor([[ 1,  9,  9, 26],
        [ 0, 10, 23,  1]], device='cuda:0')
FID+: 0.9478772655129433

Pertinent Positive Set:

Pertinent set edge index: tensor([[ 1,  9,  9, 26, 12, 17,  9, 10, 20, 18, 20,  7, 23, 12, 29, 26,  2, 23],
        [ 0, 10, 23,  1, 11, 21,  8, 11, 19, 19, 21,  6, 22, 22, 28, 27,  1,  9]],
       device='cuda:0')
FID-: 0.0
Minimal top-k Set GNNExplainer:
Set indices on edge ranking: [31, 20, 15, 17, 58, 45, 12, 43, 52, 23, 54, 79, 34, 10, 37, 55, 63, 38, 9, 77, 35, 16, 44, 47, 39, 41, 51, 64]
Set edge index: tensor([[13,  9,  6,  7, 25, 19,  5, 18, 22, 10, 23, 34, 14,  4, 16, 24, 27, 16,
          4, 34, 15,  7, 18, 20, 17, 17, 22, 28],
        [14,  8, 24,  8, 24, 18,  6, 17, 23,  9, 22, 35, 15,  5, 15,  6, 28, 17,
          3, 29, 14,  6, 19, 19, 16, 21, 12, 27]], device='cuda:0')
FID+: 0.9642505720257759

Pertinent Positive Set GNNExplainer:

Pertinent set edge index: tensor([[13,  9,  6,  7, 25, 19,  5, 18, 22, 10, 23, 34, 14,  4, 16, 24, 27, 16,
          4, 34, 15,  7, 18, 20, 17, 17, 22, 28, 13, 12,  5, 14,  9],
        [14,  8, 24,  8, 24, 18,  6, 17, 23,  9, 22, 35, 15,  5, 15,  6, 28, 17,
          3, 29, 14,  6, 19, 19, 16, 21, 12, 27, 18, 11,  4, 13, 10]],
       device='cuda:0')
FID-: 0.011974871158599854