Test set index: 2

Target Class: 0

Target compound: TARGET

Sum of Shapley Values: 1.00577806284189

Shapley values:
-0.006205943231092107
-0.013643475442562204
0.019585820354095514
0.040370309016611386
0.07540229741698207
-0.02433276445347004
-0.059593423301726955
0.03677082211748142
-0.008207261833289093
0.016467789992926436
-0.018133246390282506
0.028499816980789877
0.006277069913198619
0.03645847649328841
-0.01777840753823781
-0.020648258070879857
0.014929854359372448
0.0003951103626661307
0.01823034189854896
-0.0019728440948435884
0.019411424848294046
0.006368332311483429
-0.0020907053674368648
-0.011788460098811565
0.01052160655659247
-0.004236856477665408
0.00956876685463622
0.005877447387316158
-0.00687709522105507
0.0011439825992835952
-0.010960866242605722
-0.026332790177596436
-0.0018023915740959548
-0.0051123132298826176
0.017058912375840337
-0.007047644002542029
0.08327785984068369
0.004214236098047203
0.1755940889452697
0.09496229326611724
0.23695975323516077
-0.001381456974723273
0.021222283693926522
-0.054584305203129076
-0.002161185537693141
0.011975406051849501
0.017931691545594444
0.004378201911980503
-0.002920933911887673
0.0008706858378901394
0.018766870779356612
-0.009211260904228266
-0.006481872657961175
0.044108243983780805
0.000656772088430648
0.035464090057949045
-0.02212126537566713
-0.01522981561973402
0.027845028728465473
-0.028351794685891222
-0.0010296450993044764
0.001608915535558853
0.01557856755757335
0.019166104405022685
-0.0060215028369109466
0.0034923653280209267
-0.004222763813965596
0.12683050835062062
0.06942581887540916
-0.005607439515239256
-0.027149130439688075
-0.015169782076864086
0.05340398810471654
0.023115008182021078
