Test set index: 376

Target Class: 0

Target compound: TARGET

Sum of Shapley Values: 0.9140598974857916

Shapley values:
0.046720127041333166
-0.03212956500145382
0.0025776410803766397
0.0037977056099338467
0.013281740364519208
-0.026182080799398308
0.03894455713710279
0.0026095878203047534
-0.015352416113924681
0.06383839744746893
0.01910048347934433
0.13552468910855237
0.11312530481318157
0.17855271032322004
0.0466598552902691
0.09640933025821175
-0.02498594673230007
0.023601772415507583
-0.07454240060099698
-0.010504181068226471
0.06059555389533156
-0.004790170240039171
-0.0017856497505784274
0.028914490030946392
-0.0030925372680834107
0.012600711259974815
-0.0013530969691844398
-0.0006649137124678522
0.002736770008100722
-0.005531054050381647
0.014702367173033552
0.0041450646656543385
-0.0034598326731183574
-0.012338300029446827
0.01167410304344223
0.0035491712581528084
0.003882558564670991
-0.0044545593915246975
0.006979616439544812
0.009904771211764765
0.004830625474869791
-0.030480013527452977
0.07312405502983177
0.005696622444410967
0.0033891916326103375
0.008145876671783538
0.038321969999994904
0.05008459338689606
-0.018514952015634176
0.009814422220842924
0.012376651514108694
0.023164291179971205
0.002313308823201573
0.0035076070502030447
-9.283959922505656e-05
0.004586253698245778
-0.0026528881289146354
-0.00044200046699068225
-0.0007197725446143016
-5.806323273788647e-05
-0.0008255936241652522
-0.0009057739430878378
0.001463403819306159
0.004670546283519763

Pertinent Negative Set:
Pertinent set indices on edge ranking: [13, 11, 12]
Pertinent set edge index: tensor([[ 5,  5,  5],
        [19,  4,  6]], device='cuda:0')
FID+: 0.97307631932199

Pertinent Positive Set:

Pertinent set edge index: tensor([[ 5,  5,  5,  6, 19,  4,  9, 21,  0,  6,  2, 21, 10,  7, 24],
        [19,  4,  6,  7, 20,  3,  8, 23,  1,  5, 20, 22,  9,  8, 21]],
       device='cuda:0')
FID-: 4.76837158203125e-07
Pertinent Negative Set GNNExplainer:
Pertinent set indices on edge ranking: [15, 17, 9, 41, 12, 16, 44, 13, 10]
Pertinent set edge index: tensor([[ 6,  7,  4, 19,  5,  7, 20,  5,  4],
        [ 7,  8,  3,  5,  6,  6, 19, 19,  5]], device='cuda:0')
FID+: 0.9999027251760708

Pertinent Positive Set GNNExplainer:

Pertinent set edge index: tensor([[ 6,  7,  4, 19,  5,  7, 20,  5,  4, 10, 19,  3, 25,  2,  6, 14, 13,  2,
         20,  3],
        [ 7,  8,  3,  5,  6,  6, 19, 19,  5, 11, 20,  2, 24,  3,  5,  9, 14,  1,
          2,  4]], device='cuda:0')
FID-: 0.045912742614746094