Test set index: 376

Target Class: 0

Target compound: TARGET

Sum of Shapley Values: 0.8256606563489312

Shapley values:
-0.012646990278133484
-0.016982671765499054
0.007012442845882345
-0.027749705166197375
0.00793711718563754
0.015035249372834812
0.015169686334075932
0.01330803646217727
-0.07235262428010772
0.05103376008733474
-0.038187994605665763
0.20731969082321502
0.15031931410575342
0.26593397572579336
0.05339131786891683
0.036728896354221115
-0.05470795467600384
0.05202757519794104
-0.026154412729446772
-0.010408958816587887
0.0048421753845132995
-0.0017347199408945307
0.0024677131033554113
0.03573659242307658
0.001998404348187264
-0.000942828207598734
-0.003248371354199286
0.0014254347252787537
-0.002745749954831827
0.003611856802503235
0.004500602699542547
0.0029134563231869343
-0.01651672033002786
-0.02452731438194325
0.0058880791615122
0.013172267440453056
-0.000786652151924333
-0.006565331411217734
-0.009923269850013816
0.005055183047895434
0.013796929036849141
-0.029590793791610125
0.05491894012739312
0.036200583857194116
-0.05771521983605726
0.04860953751619456
0.028029145127943696
0.009775350829671398
0.010317774410294031
-0.0030648682843537863
0.00854780508431755
0.0013199423601747038
-0.012547775782297679
0.015690847327942185
0.029259613415541376
0.007705279040147781
0.006905978009770504
0.01705446873126105
-0.03277473796044008
0.011621317563558262
0.0008859417843527079
-0.00012798932903250183
0.01034759215568679
0.019848437031434435

Minimal top-k Set:
Set indices on edge ranking: [13, 11, 12]
Set edge index: tensor([[ 5,  5,  5],
        [19,  4,  6]], device='cuda:0')
FID+: 0.8666200786828995

Pertinent Positive Set:

Pertinent set edge index: tensor([[ 5,  5,  5, 19,  6],
        [19,  4,  6, 20,  5]], device='cuda:0')
FID-: 3.5762786865234375e-07
Minimal top-k Set GNNExplainer:
Set indices on edge ranking: [6, 37, 56, 10, 36, 40, 44, 7, 38, 41, 13, 5, 12, 23]
Set edge index: tensor([[ 2, 15, 26,  4, 15, 18, 20,  3, 16, 19,  5,  2,  5, 10],
        [20, 18, 25,  5, 17, 15, 19,  2, 15,  5, 19,  3,  6,  9]],
       device='cuda:0')
FID+: 0.8727100044488907

Pertinent Positive Set GNNExplainer:

Pertinent set edge index: tensor([[ 2, 15, 26,  4, 15, 18, 20,  3, 16, 19,  5,  2,  5, 10,  6,  3,  6],
        [20, 18, 25,  5, 17, 15, 19,  2, 15,  5, 19,  3,  6,  9,  7,  4,  5]],
       device='cuda:0')
FID-: 0.03025764226913452