Interaction name: 5uhi

Affinity: 8.039999961853027
Predicted class: 1
Predicted probability: 0.9978923201560974
Sum of phi edges: 0.3706496228091418

Interaction statistics:

Number of total edges connecting protein pseudo-atoms: 8
Number of total edges connecting ligand pseudo-atoms: 161
Number of total edges connecting protein and ligand pseudo-atoms: 62

Pertinent positive set edge index: tensor([[ 4,  2,  1,  2, 23,  5,  1, 12, 12, 17,  5,  2, 24,  3,  1,  2,  2, 43,
         18, 34, 15, 15, 51, 41, 22, 24,  0,  4,  7,  8, 32, 30, 32,  4, 52, 32,
         48, 48, 22, 17, 18, 12, 14, 14, 18, 21, 21, 45,  3, 12, 15, 23,  2,  2,
         14,  5, 39, 22,  5,  3,  9, 31, 25, 29,  6, 18, 43, 24, 33, 15, 10,  8,
         23, 13, 17, 18, 23, 26, 15, 38, 16,  2, 29, 17, 52, 50, 30, 44, 29, 14,
         22, 15, 10],
        [ 2, 33, 11, 24, 31, 30, 27,  0, 29, 14, 21, 21, 21, 35,  9, 22, 14, 47,
         15,  3,  3,  0, 47, 17, 14, 22, 12, 13,  9, 21, 13, 26, 33, 19, 30,  7,
         23, 12,  4, 10, 24,  3,  6, 47, 30, 10,  3, 14, 29, 31, 12, 28, 32, 18,
         32, 26, 35,  7, 18, 21, 14, 23, 16, 31,  9,  3, 15, 15, 21, 29, 24, 32,
         25, 37, 19, 26, 48, 18, 26, 24, 25,  8, 28, 39, 37, 11, 28, 20, 21, 17,
         32, 43, 17]], device='cuda:0')

FID- using pertinent positive set: 0.47559696435928345

Number of pertinent positive edges connecting protein pseudo-atoms: 3 (37.5%)
% w.r.t. total number of pertinent positive edges: 4.1%)
Number of pertinent positive edges connecting ligand pseudo-atoms: 57 (35.4%)
% w.r.t. total number of pertinent positive edges: 78.1%)
Number of pertinent positive edges connecting protein and ligand pseudo-atoms: 13 (21.0%)
% w.r.t. total number of pertinent positive edges: 17.8%)

Minimal top k set edge index: tensor([[ 4,  2,  1,  2, 23,  5,  1, 12, 12, 17,  5,  2, 24,  3,  1,  2,  2, 43,
         18, 34, 15, 15, 51, 41, 22, 24,  0,  4,  7,  8, 32, 30, 32,  4, 52, 32,
         48, 48, 22, 17, 18, 12, 14, 14, 18, 21, 21, 45,  3, 12, 15, 23,  2,  2,
         14,  5, 39, 22,  5,  3,  9, 31, 25, 29,  6, 18, 43, 24, 33, 15, 10,  8,
         23, 13, 17, 18, 23, 26, 15, 38, 16,  2, 29, 17, 52, 50, 30, 44, 29, 14,
         22, 15, 10, 10, 39, 29, 26, 10,  9, 21,  4, 22, 21, 11,  6, 13, 24,  4,
         26, 51, 15, 12, 10, 26, 53, 27, 39, 12, 23, 26, 11, 29,  0, 14, 40, 30,
         17, 27, 17,  8, 18,  4, 22,  8, 44, 37,  7, 15, 42, 22, 19, 29, 26, 39,
          6,  3, 15,  9, 30, 21, 42, 11, 15, 29, 23,  9, 30, 26, 27, 26, 30, 25,
         44, 20, 31, 37,  3,  8, 29,  8, 29, 30, 14, 12, 35, 29, 18, 50, 48,  3,
         22, 25, 23, 10, 20, 32, 29, 25,  7, 10, 17,  3, 28, 12, 21, 24, 21, 11,
         15, 30,  5, 36, 17, 52, 19, 18, 33, 45, 43, 23, 37, 10, 29, 46, 14, 21,
         14, 28, 19, 20, 15,  7,  6, 36, 30, 20,  6, 13, 18,  7,  6, 15, 14, 23,
         21,  2,  6, 30, 39, 32, 12, 29, 38,  7, 20,  3, 52, 48, 46, 40,  6,  9,
         44, 36, 21, 18, 26, 31, 10, 14, 14, 13, 19,  2, 19, 26, 36, 23, 16, 18,
         12, 47, 14, 21, 20,  8, 13, 36, 27, 26, 23],
        [ 2, 33, 11, 24, 31, 30, 27,  0, 29, 14, 21, 21, 21, 35,  9, 22, 14, 47,
         15,  3,  3,  0, 47, 17, 14, 22, 12, 13,  9, 21, 13, 26, 33, 19, 30,  7,
         23, 12,  4, 10, 24,  3,  6, 47, 30, 10,  3, 14, 29, 31, 12, 28, 32, 18,
         32, 26, 35,  7, 18, 21, 14, 23, 16, 31,  9,  3, 15, 15, 21, 29, 24, 32,
         25, 37, 19, 26, 48, 18, 26, 24, 25,  8, 28, 39, 37, 11, 28, 20, 21, 17,
         32, 43, 17,  7, 15, 30, 21, 19, 27,  8,  7, 26, 33, 27, 11, 39, 14, 22,
          3, 17, 23, 53, 37,  5, 30, 19, 12, 15, 12, 23,  6, 26, 15,  9, 18, 15,
         51, 11, 47, 22, 40, 10, 19, 15,  7, 10, 44, 30, 12, 10, 27,  3, 31, 17,
         10, 23, 24,  7, 20, 31, 23, 19,  8, 23, 42,  6, 52, 30,  7, 29, 29, 29,
         13, 25, 29,  8, 18, 24,  5, 37, 25, 16, 50, 48, 51, 15, 21, 14, 16, 30,
         53, 23, 15, 22, 44, 17, 39, 28, 10,  2, 44, 31, 29, 23, 36, 36, 22,  9,
         25, 23, 15, 46, 36,  6,  7,  2, 22, 13, 13, 20, 17,  6, 12, 14,  7, 17,
         44, 16, 32, 38, 28, 13, 14, 13, 25, 52, 17, 44, 52, 11, 19, 39, 24, 16,
         26, 13, 52, 53, 21, 19, 42, 18,  8, 14, 29, 26, 20, 20, 10, 37, 36,  1,
         14, 21, 50, 33, 24, 18, 32,  4, 10, 43,  9, 10, 11, 33, 17,  3, 28,  5,
         30, 14, 27, 15, 16, 38,  7,  6, 14, 22, 18]], device='cuda:0')

FID+ using minimal top-k set: 0.5369706451892853

Number of minimal top-k edges connecting protein pseudo-atoms: 4 (50.0%)
% w.r.t. total number of minimal top-k edges: 2.8%)
Number of minimal top-k edges connecting ligand pseudo-atoms: 105 (65.2%)
% w.r.t. total number of minimal top-k edges: 72.4%)
Number of minimal top-k edges connecting protein and ligand pseudo-atoms: 36 (58.1%)
% w.r.t. total number of minimal top-k edges: 24.8%)

Trustworthiness of the explanation: 0.5306124345706607

Number of relevant edges connecting protein pseudo-atoms: 3 (37.5%)
% w.r.t. total number of relevant edges: 2.8%)
Number of relevant edges connecting ligand pseudo-atoms: 79 (49.1%)
% w.r.t. total number of relevant edges: 73.1%)
Number of relevant edges connecting protein and ligand pseudo-atoms: 26 (41.9%)
% w.r.t. total number of relevant edges: 24.1%)

Shapley values for edges: 

(0,12): 0.0071896579861640934
(0,15): 0.0025823403894901275
(0,31): -0.007937050461769103
(0,34): -0.003952609002590179
(1,9): 0.009271988868713379
(1,11): 0.014054360389709473
(1,27): 0.010841988325119019
(2,4): -0.0035449609160423277
(2,8): 0.0035117684304714204
(2,10): 0.00024601668119430544
(2,13): 0.0006814688444137573
(2,14): 0.008760631382465363
(2,18): 0.004712915420532227
(2,21): 0.009652523994445801
(2,22): 0.008909011781215668
(2,24): 0.011790319830179214
(2,32): 0.004737391918897629
(2,33): 0.014727067053318024
(3,12): -0.00046762019395828246
(3,15): -0.0018866771459579467
(3,18): 0.001899183988571167
(3,21): 0.004237740039825439
(3,23): 0.002159011363983154
(3,26): 0.0004723431169986725
(3,29): 0.004862054884433746
(3,30): 0.0016506211459636688
(3,31): 0.0014119617640972137
(3,34): -0.009639496803283692
(3,35): 0.00937006726861
(4,2): 0.015145272612571717
(4,7): 0.002967442572116852
(4,10): 0.0024456661939620972
(4,13): 0.006992836743593216
(4,14): -0.004921532571315766
(4,19): 0.006135659217834473
(4,22): 0.0028201481699943543
(4,32): -0.00036705955862998963
(5,12): -0.001473993957042694
(5,15): 0.0012188434600830078
(5,18): 0.004243960082530976
(5,21): 0.009673081636428833
(5,23): -0.0015453585982322692
(5,26): 0.004394874125719071
(5,29): -0.0023136040568351745
(5,30): 0.011106830686330796
(5,31): -0.0064415809512138366
(6,7): -0.0019361071288585662
(6,9): 0.0040816511213779445
(6,10): 0.0021705591678619386
(6,11): 0.0028866124153137207
(6,14): 0.0008308398723602295
(6,17): 0.0007927021384239196
(6,19): 0.0007172396779060364
(6,27): -0.0005744451284408569
(6,36): 0.00039905235171318055
(6,52): 0.0006460356712341309
(7,4): -0.004404601007699967
(7,6): -0.0012150347232818604
(7,9): 0.006916393041610718
(7,10): 0.0014689196646213531
(7,11): 0.0007456892728805542
(7,13): 0.0008740741014480591
(7,14): 0.0005007815361022949
(7,19): -0.002926090657711029
(7,22): -0.0028436815738677977
(7,27): -0.00020743370056152343
(7,32): -0.0023722480237483978
(7,37): -0.006132362484931946
(7,44): 0.0022994738817214964
(8,2): -0.0038453152775764464
(8,15): 0.002372092753648758
(8,18): -0.0005091889202594757
(8,21): 0.0068600717186927795
(8,22): 0.002471022307872772
(8,24): 0.0018575170636177063
(8,26): -0.001389298439025879
(8,32): 0.0037800998985767363
(8,37): 0.0018217349052429199
(8,38): 0.0001415771245956421
(9,1): 0.0003957384824752808
(9,6): 0.0020323006808757784
(9,7): 0.002121576815843582
(9,11): -0.0026538169384002688
(9,14): 0.004177909791469574
(9,19): -0.0008225958049297333
(9,27): 0.003086070716381073
(10,2): 0.0014484179019927977
(10,4): -0.005287519991397858
(10,6): 0.0009946557879447937
(10,7): 0.0032882747054100037
(10,13): -0.0011697489023208619
(10,14): -0.0004962372779846191
(10,17): 0.0032948841154575347
(10,19): 0.0031187760829925536
(10,21): -0.0025662527978420257
(10,22): 0.0015247312188148498
(10,24): 0.003849082589149475
(10,32): 0.0002969813346862793
(10,37): 0.002753804326057434
(10,38): 3.453969955444336e-05
(10,46): -0.0013582180440425873
(11,1): -0.0013002726435661317
(11,6): 0.002628556340932846
(11,7): -0.000848030149936676
(11,9): 0.0012435609102249146
(11,19): 0.0020730671286582946
(11,27): 0.002903960049152374
(11,41): -0.002855380177497864
(11,50): -0.0033735591173171997
(12,0): 0.010489377379417419
(12,3): 0.005588072836399078
(12,5): -0.008248501569032668
(12,15): 0.002701115310192108
(12,23): 0.001346295177936554
(12,29): 0.010214014500379563
(12,30): 0.00021627798676490784
(12,31): 0.0048042163252830505
(12,39): -0.0018407198786735534
(12,42): 0.0005853161215782166
(12,48): 0.0017184163630008698
(12,53): 0.002758166790008545
(13,2): -0.005773885548114777
(13,4): -0.014824268519878387
(13,7): 0.00012652158737182616
(13,10): -0.003187563717365265
(13,32): -0.0018259763717651367
(13,36): -0.002441672831773758
(13,37): 0.0037064158916473387
(13,39): 0.002857746183872223
(13,43): 0.0002715720236301422
(13,44): 0.00077980637550354
(13,45): -0.0017711818218231201
(14,2): -0.015558207184076309
(14,4): 0.0002923472225666046
(14,6): 0.005388857126235962
(14,7): 0.0009650948643684387
(14,9): 0.002580729424953461
(14,10): 0.00027421653270721436
(14,17): 0.003329194784164429
(14,19): -0.0002502208948135376
(14,22): -8.538901805877685e-05
(14,24): 0.0006909048557281494
(14,27): 0.00020053893327713013
(14,32): 0.004456296265125274
(14,44): 0.000936155617237091
(14,45): -0.002780637592077255
(14,46): -0.0034541986882686616
(14,47): 0.005328648239374161
(14,50): 0.0017403826117515565
(15,0): 0.007784245163202285
(15,3): 0.008171143680810929
(15,5): -0.0025591135025024416
(15,8): 0.002067378014326096
(15,12): 0.004774314761161805
(15,18): -6.603777408599854e-05
(15,21): -0.0032915255427360536
(15,23): 0.002765565514564514
(15,24): 0.002150622308254242
(15,25): 0.0012333320081233977
(15,26): 0.003622449040412903
(15,28): 0.0008804178237915039
(15,29): 0.003909225463867187
(15,30): 0.0022774039208889006
(15,31): -3.8827955722808835e-05
(15,33): -0.003468926101922989
(15,39): 0.0006916147470474244
(15,43): 0.003306424021720886
(16,20): -1.930266618728638e-05
(16,23): -0.0025628915429115294
(16,25): 0.0035311082005500794
(16,28): 0.00022434711456298829
(16,30): -0.0038009539246559145
(16,48): -0.0010537122189998626
(16,49): -0.0010444343090057373
(17,6): -0.0002854040265083313
(17,10): 0.0056068417429924015
(17,14): 0.009856021404266358
(17,19): 0.0036824043095111847
(17,21): -0.002856457531452179
(17,22): -0.005605709254741669
(17,24): -0.003967800736427307
(17,32): -0.00037745654582977295
(17,36): 0.0011657913029193877
(17,37): -0.0023355884850025177
(17,39): 0.0034946684539318086
(17,41): -0.0057389684021472934
(17,44): 0.0014476224780082703
(17,47): 0.002474369406700134
(17,50): -0.005873549431562423
(17,51): 0.0025644898414611816
(18,2): 0.001074610650539398
(18,3): 0.004035823196172714
(18,5): 0.00022368788719177247
(18,8): -0.0026514351367950438
(18,15): 0.00831707775592804
(18,21): 0.001689574271440506
(18,23): -0.0024781349301338197
(18,24): 0.00560209721326828
(18,26): 0.0036694738268852234
(18,29): -0.001372465193271637
(18,30): 0.00532162219285965
(18,31): -0.0033152349293231963
(18,33): 0.0003263704478740692
(18,40): 0.0024647006392478944
(18,52): 0.0007566997408866883
(19,4): -0.006162226647138596
(19,6): -2.6794075965881346e-05
(19,7): 0.0011261793971061706
(19,9): 0.0002507874369621277
(19,10): -8.087038993835449e-05
(19,11): 0.00024201154708862306
(19,14): -0.0038061878085136414
(19,17): -0.004717500060796738
(19,22): -0.0026001936197280885
(19,27): 0.0022042565047740935
(19,32): 0.0009176549315452576
(19,53): -0.0012737753987312316
(20,16): 0.00014637291431427002
(20,23): -0.0007557490468025207
(20,25): 0.0019180066883563995
(20,28): -0.0003542998433113098
(20,29): 0.00048576265573501586
(20,30): -0.0009254580736160279
(20,38): 0.0008845791220664978
(20,44): 0.0015054263174533844
(20,48): -0.0006308698654174805
(20,49): -0.002512265145778656
(20,52): 0.0007929474115371705
(21,2): -0.00167427659034729
(21,3): 0.005058699697256089
(21,5): -0.00013203531503677368
(21,8): 0.003048219382762909
(21,10): 0.005160318017005921
(21,15): 0.00015979498624801636
(21,17): 0.0009465241432189942
(21,18): -1.4177858829498292e-05
(21,22): 0.0012674692273139953
(21,24): -0.000679631233215332
(21,26): 0.0006837520003318787
(21,29): -0.0043523372709751125
(21,30): -0.0004572543501853943
(21,31): 0.002092021107673645
(21,33): 0.0029248994588851928
(21,36): 0.001311684548854828
(21,39): -0.0025568395853042603
(21,40): -0.00029526740312576296
(21,50): 0.00034538567066192625
(22,2): -0.002645716965198517
(22,4): 0.005627873241901398
(22,7): 0.004246734082698822
(22,8): -0.0005293698608875275
(22,10): 0.0022254355251789095
(22,14): 0.00738039493560791
(22,17): -0.0029669618606567383
(22,19): 0.0024205049872398376
(22,21): -0.001723940372467041
(22,24): -0.0004777137935161591
(22,26): 0.002945348024368286
(22,32): 0.003328329920768738
(22,33): -0.0029429876804351806
(22,53): 0.001606718897819519
(23,3): 0.00022461608052253722
(23,5): -0.003201550245285034
(23,12): 0.0026818719506263734
(23,15): 0.0015863564610481262
(23,16): 0.0006894817948341369
(23,18): 5.181118845939636e-05
(23,20): 0.0010009390115737916
(23,25): 0.003710694909095764
(23,26): -0.0019928473234176636
(23,28): 0.004764022976160049
(23,29): -0.0010203783214092254
(23,30): -0.0005369579792022705
(23,31): 0.011462001502513886
(23,42): 0.0020501574873924254
(23,48): 0.003659035712480545
(24,2): -0.02044231951236725
(24,8): -0.0018083517253398894
(24,10): -0.0019507211446762084
(24,14): 0.0028505030274391173
(24,15): 0.003975360691547394
(24,17): -0.0022171878814697264
(24,18): -0.0019593998789787293
(24,21): 0.009537534266710281
(24,22): 0.007263600826263428
(24,26): -0.00030301600694656374
(24,32): -0.0007474160194396972
(24,33): -0.0005352543294429779
(24,36): 0.0012794159352779388
(24,38): -0.00026117831468582155
(25,15): -0.00022690996527671814
(25,16): 0.004112221598625183
(25,20): -0.0011154097318649293
(25,23): 0.0016051387786865233
(25,28): 0.0014741678535938262
(25,29): 0.0019403426349163056
(25,30): -0.001138193905353546
(26,3): 0.002811119854450226
(26,5): 0.002719149887561798
(26,8): 1.4689564704895019e-05
(26,15): -0.0024229560792446135
(26,18): 0.0036406761407852175
(26,21): 0.0031194527447223662
(26,22): 8.367195725440979e-05
(26,23): 0.0026329679787158965
(26,24): 0.0003076057881116867
(26,29): 0.0019925963878631592
(26,30): 0.0020221778750419616
(26,31): 0.0021952927112579347
(26,33): 0.0002255958318710327
(27,1): -0.0032944518327713015
(27,6): -0.0031273341178894042
(27,7): 0.002013617753982544
(27,9): -0.0016180765628814697
(27,11): 0.002548753023147583
(27,14): 0.00011020094156265259
(27,19): 0.0027065521478652956
(28,15): -0.001077447533607483
(28,16): 0.0009236082434654236
(28,20): -0.003460298925638199
(28,23): -0.0026202124357223512
(28,25): -0.0003404548764228821
(28,29): 0.0013504998385906219
(28,30): -0.00013581842184066774
(28,53): -0.0008165538311004639
(29,3): 0.0021957352757453917
(29,5): 0.0018251383304595948
(29,12): 0.0009809572994709014
(29,15): 0.001691494882106781
(29,18): 0.0005800969898700714
(29,20): -0.0002924396097660065
(29,21): 0.003359712213277817
(29,23): 0.0020669639110565186
(29,25): 0.0017970630526542664
(29,26): 0.0025854822993278503
(29,28): 0.0035111311078071593
(29,30): 0.0031598973274230956
(29,31): 0.00409969300031662
(29,39): 0.0014777880907058715
(30,3): -0.0009171122312545776
(30,5): -8.278638124465942e-05
(30,12): -0.0057475146651268
(30,15): 0.0025763426721096038
(30,16): 0.0017672231793403625
(30,18): -0.000347517728805542
(30,20): 0.0021152350306510924
(30,21): -0.002887110859155655
(30,23): 0.0012215664982795716
(30,25): 0.0007932169735431671
(30,26): 0.0065758413076400755
(30,28): 0.0034228721261024475
(30,29): 0.001980070471763611
(30,52): 0.0020285573601722716
(30,53): 0.0006262527406215668
(31,0): -0.0038718488812446595
(31,3): -0.005102251172065735
(31,5): -0.005518711805343628
(31,12): -0.00019819334149360658
(31,15): -0.00041056200861930845
(31,18): 0.0003026725351810455
(31,21): -7.678002119064331e-05
(31,23): 0.004167119860649109
(31,26): -2.1308064460754395e-05
(31,29): 0.0019178080558776855
(32,2): -0.003575339913368225
(32,4): -0.010037401020526885
(32,7): 0.006003879308700562
(32,8): -0.008694670796394348
(32,10): -0.0020062296092510225
(32,13): 0.006702503561973572
(32,14): -0.0034135809540748597
(32,17): 0.0014903533458709717
(32,19): 0.000596974641084671
(32,22): -0.010188983827829361
(32,24): -0.00834838606417179
(32,33): 0.006424036920070648
(33,2): -0.004793188869953156
(33,15): -0.003328763544559479
(33,18): -0.003612269163131714
(33,21): 0.003937052637338638
(33,22): 0.0010713478922843933
(33,24): -0.003913019001483917
(33,26): -0.006115019023418426
(33,32): -0.0008565841615200043
(34,0): -0.0020576995611190797
(34,3): 0.008243577182292938
(35,3): -0.006631859838962555
(35,39): -0.004427410960197449
(35,51): 0.001715916097164154
(36,6): 0.00011645376682281494
(36,13): 0.000794064998626709
(36,17): 0.00022517532110214234
(36,21): 0.00034650787711143494
(36,24): -0.0031114292144775392
(36,46): 0.0011777985095977783
(37,7): -6.209447979927063e-05
(37,8): 0.0019154298305511476
(37,10): 0.002343806028366089
(37,13): -7.914036512374879e-05
(37,17): 0.0009976759552955627
(37,40): -0.0015423372387886047
(37,52): -0.001540866494178772
(38,8): 0.0005145666003227234
(38,10): -0.0005939567089080811
(38,20): -0.0010923099517822265
(38,24): 0.0036056444048881532
(39,12): 0.0027048853039741516
(39,13): -0.003907500207424164
(39,15): 0.0032366982102394106
(39,17): 0.0021933333389461043
(39,21): 0.000618206262588501
(39,29): -0.0036142233014106752
(39,35): 0.004251461625099182
(40,18): 0.0025805222988128664
(40,21): -0.0004647837579250336
(40,37): 0.00040352046489715575
(40,52): -0.0008738568425178528
(41,11): -0.0015337437391281128
(41,17): 0.007441461980342865
(42,12): 0.0022428879141807557
(42,23): 0.0020835807919502257
(43,13): 0.0010125082731246948
(43,15): 0.004000248610973358
(43,47): 0.008418155908584595
(44,7): 0.0023699158430099485
(44,13): 0.0019219949841499328
(44,14): 0.0003631970286369324
(44,17): -0.002033856809139252
(44,20): 0.0033936533331871033
(45,13): 0.0010304760932922364
(45,14): 0.005049365758895874
(46,10): 0.0004122912883758545
(46,14): 0.0009673592448234558
(46,36): -0.00028594940900802615
(47,14): 0.0002065134048461914
(47,17): -0.00012490630149841308
(47,43): -0.00333481565117836
(47,51): -0.0033836954832077025
(48,12): 0.005763553231954575
(48,16): 0.0016739296913146973
(48,20): 0.00041317343711853025
(48,23): 0.005961393266916275
(49,16): -0.0007039839029312133
(49,20): -0.0009799373149871826
(50,11): 0.0034478849172592165
(50,14): 0.0016793116927146911
(50,17): -0.0012408334016799926
(50,21): -0.00036283701658248904
(51,17): 0.0027979311347007753
(51,35): -0.00942526787519455
(51,47): 0.007522200345993042
(52,6): 0.001149812936782837
(52,18): -0.0014126375317573547
(52,20): 0.00045291751623153685
(52,30): 0.006120693385601044
(52,37): 0.003493320792913437
(52,40): -0.00014501139521598815
(53,12): -0.003259696066379547
(53,19): -0.0020732662081718446
(53,22): -0.0009794376790523529
(53,28): -0.0016803005337715149
(53,30): 0.0027106061577796938
