Interaction name: 5kr2

Affinity: 8.479999542236328
Predicted class: 1
Predicted probability: 0.9994589686393738
Sum of phi edges: 0.253773286342621

Interaction statistics:

Number of total edges connecting protein pseudo-atoms: 12
Number of total edges connecting ligand pseudo-atoms: 135
Number of total edges connecting protein and ligand pseudo-atoms: 95

Pertinent positive set edge index: tensor([[19],
        [ 8]], device='cuda:0')

FID- using pertinent positive set: 0.444611132144928

Number of pertinent positive edges connecting protein pseudo-atoms: 0 (0.0%)
% w.r.t. total number of pertinent positive edges: 0.0%)
Number of pertinent positive edges connecting ligand pseudo-atoms: 1 (0.7%)
% w.r.t. total number of pertinent positive edges: 100.0%)
Number of pertinent positive edges connecting protein and ligand pseudo-atoms: 0 (0.0%)
% w.r.t. total number of pertinent positive edges: 0.0%)

Minimal top k set edge index: tensor([[19, 42, 18, 21, 43,  4,  3,  6,  5,  5, 38, 26, 60, 42, 16, 18, 46,  6,
         27, 40,  0, 59,  9, 38, 25, 47,  0, 29,  6, 17,  8,  9,  4, 17, 21, 38,
         20, 13, 27, 12, 19,  5, 12, 48, 34, 36, 17, 44, 25, 39, 50, 44,  1, 62,
         18, 10, 26, 35, 22, 59, 48, 32, 13, 32, 29, 14, 34, 22,  9, 40, 26, 17,
         57, 46, 48, 21, 30, 18, 17, 29,  0, 53, 18,  6, 13, 50, 29, 27, 27, 29,
         36, 52,  8, 26, 52, 22,  6, 20,  6, 22,  1, 16, 39, 40, 54, 27,  8, 28,
         23,  8, 54,  4, 45, 30, 22, 22, 33, 55, 18, 58, 45, 22, 48, 22, 12, 15,
         18, 34, 36, 45, 59, 33, 22, 52,  1, 45, 32, 21, 25, 37, 48,  2,  7, 18,
         31,  1,  3, 49, 27, 62, 27, 30, 22, 52, 40, 20, 23, 40, 15, 26, 24, 40,
         45, 17, 59, 18, 36, 25, 36, 34, 48, 27, 37, 10, 13, 20, 62, 11, 26, 18,
         62, 10, 54, 35, 13, 47, 13, 11, 36, 18, 25, 18, 29, 21, 51, 26, 60, 46,
         22,  1, 27, 55, 30, 60,  9, 22, 18, 15, 53, 19, 47, 35, 19, 19, 38,  0,
         32, 54, 38, 53, 37, 14, 33, 15, 45, 46, 26, 28, 39, 21, 27, 22, 23, 13,
         46, 24,  6, 59, 59, 60, 54, 13, 38, 25, 61, 54, 58, 37, 11, 19, 12, 21,
         35, 31, 19, 51, 16, 46, 48, 27, 61, 29, 49, 30, 36, 49,  3, 31, 16,  1,
         59, 32, 59, 22,  6, 38, 39, 46, 19, 62, 34, 15, 38,  1, 30, 61, 57, 25,
         33, 24,  2, 26, 32, 54,  2, 23, 45, 54, 31, 16, 29, 31, 20, 45, 62, 56,
         14, 50, 16, 16, 31, 23, 23, 35, 30, 35, 36, 23, 18, 15, 35, 53,  1, 31,
         28, 62, 62, 17, 24, 17, 19, 13, 14, 25,  1, 28,  0,  5, 28, 16, 46, 28,
         33,  0, 38, 20, 15, 48, 19,  6, 51, 50, 25, 37, 37, 60, 14, 34, 34, 17,
         24, 26,  2, 56, 20, 31, 41, 22, 50, 30, 20, 14, 61, 10, 34, 20, 14, 10,
         19,  2, 59, 36,  2, 52, 20, 33, 59, 18, 20, 36, 38, 25, 38,  2, 24, 29,
          2, 52, 35, 18,  1,  6, 34, 21, 11, 29, 53, 33, 35,  1, 11, 21, 33, 36,
          7, 37, 46, 12, 31, 34,  5, 20, 10, 24, 37, 36, 36,  9, 52,  4, 19,  9,
         41, 39, 57,  5,  5,  5, 52, 34, 42, 17, 19, 12,  9,  6, 13,  8, 10,  5,
          9,  4,  5,  2,  4, 12,  7, 33,  9,  3, 28,  4,  9, 18,  0,  7, 11, 10,
          9, 34,  3, 11, 10, 17, 41, 44,  5, 41, 10, 17, 46, 12,  2, 12],
        [ 8,  6,  4,  9,  4, 12,  7, 13, 12, 27, 21,  5, 17,  7, 46,  9, 17, 17,
         46,  5,  3, 19, 21, 29, 10, 17,  1, 30,  0, 46, 19, 19,  9,  7, 19, 19,
          9, 31, 11, 22,  4, 26, 25, 17, 19, 46, 45,  9, 12,  0, 22, 46, 34, 22,
         45, 22, 11, 46, 25, 44, 13, 15, 34, 37, 20, 13, 46, 11, 20,  2, 48, 60,
         14, 18, 36, 30, 20, 46, 54,  6, 40, 27, 10,  2, 59, 18,  9, 52, 28, 46,
         25, 18,  9, 52, 26, 10,  1, 48, 42, 50, 16, 37,  5,  3, 17,  5, 18, 26,
         33, 12, 50, 43, 30, 21, 36, 24, 25, 27, 48, 38, 20, 52, 18, 35, 18, 59,
         59, 20, 59, 15, 15, 24,  5, 27, 13, 31, 16, 34, 24, 14, 20, 21,  3, 19,
         45, 30,  0, 48, 26, 13, 54,  1, 12, 36, 39, 19, 25,  1,  1, 61, 62,  0,
         38, 48, 13,  8, 33, 49, 23, 29, 26, 53,  1, 33, 48, 45, 16, 22, 51, 52,
         38, 36, 38, 36, 14, 62,  6, 28, 10, 60, 54, 54, 21, 29, 53, 28, 38, 29,
         33, 31, 48, 28, 29, 18,  2, 53, 12, 16, 26, 34, 30, 22, 21, 29, 62, 13,
         14, 25, 30, 28, 13, 16, 10, 31, 56, 35, 50, 52, 46, 54, 61, 62, 61, 62,
         16, 22, 34, 18, 29, 34, 27,  1, 54, 23, 23, 20, 50, 15,  5, 59, 33, 38,
         61, 13, 20, 28, 31, 27, 27, 55, 27, 19, 33, 47, 62, 25,  6, 15, 15, 14,
         36, 31, 34, 23,  7, 20, 40, 34, 38, 36, 38, 32, 45,  0, 34, 35, 60, 33,
         35, 25, 19, 53, 56, 21,  9, 22, 17, 18, 16, 62, 38,  1, 34, 18, 35, 45,
         37, 26,  1, 32, 14, 24, 36, 23, 45, 25, 24, 35, 50, 45, 62, 22, 40, 37,
         53, 24, 47,  9, 35,  6, 52, 37, 31, 22, 15, 51, 39, 19, 27, 14, 36, 55,
         22,  6, 60,  2, 37, 49,  5,  3, 26, 58, 36, 31, 16, 57, 32, 13, 59, 47,
         36, 27, 18, 32, 21, 32,  2, 59, 54, 38, 38, 57, 26, 18, 30, 54,  1, 42,
         18, 40, 22, 22, 39, 22, 18, 23, 31,  5, 29, 12, 58, 35, 34, 41, 23, 34,
         17, 19, 33,  2, 37,  9,  1, 20, 12, 59, 51, 36, 24,  6, 26,  2, 49, 35,
          6, 32, 44, 36, 59, 21, 10, 30, 25, 33, 57, 52, 48, 29, 28, 10,  2,  6,
          4,  2, 37, 18, 40, 41, 41, 60, 10,  0,  9,  5, 44, 29,  0, 10,  5, 22,
          4, 41, 39,  6, 19, 11, 42, 12,  8, 40, 11, 18, 17, 20, 17, 17, 10,  4,
         18,  6, 17, 27, 11,  2,  5, 59, 11, 52,  8,  3, 39,  4, 20,  8]],
       device='cuda:0')

FID+ using minimal top-k set: 0

Number of minimal top-k edges connecting protein pseudo-atoms: 9 (75.0%)
% w.r.t. total number of minimal top-k edges: 4.8%)
Number of minimal top-k edges connecting ligand pseudo-atoms: 101 (74.8%)
% w.r.t. total number of minimal top-k edges: 53.4%)
Number of minimal top-k edges connecting protein and ligand pseudo-atoms: 79 (83.2%)
% w.r.t. total number of minimal top-k edges: 41.8%)

Trustworthiness of the explanation: 0.0

Number of relevant edges connecting protein pseudo-atoms: 3 (25.0%)
% w.r.t. total number of relevant edges: 2.6%)
Number of relevant edges connecting ligand pseudo-atoms: 59 (43.7%)
% w.r.t. total number of relevant edges: 51.8%)
Number of relevant edges connecting protein and ligand pseudo-atoms: 52 (54.7%)
% w.r.t. total number of relevant edges: 45.6%)

Shapley values for edges: 

(0,1): 0.0032129651308059693
(0,3): 0.003545314073562622
(0,6): 2.9146671295166016e-05
(0,13): 0.0005916583538055419
(0,17): -0.0025755566358566283
(0,39): 6.728589534759521e-05
(0,40): 0.0014638650417327882
(1,0): 0.00027275204658508303
(1,6): -0.0005968320369720459
(1,13): 0.0010516691207885743
(1,14): 0.0003118157386779785
(1,15): 7.931411266326905e-05
(1,16): 0.0012599557638168335
(1,30): 0.0009473466873168945
(1,31): 0.0006896781921386718
(1,34): 0.0020517385005950927
(1,37): -0.0004917740821838379
(1,40): 0.00012098968029022216
(2,6): -0.002063118815422058
(2,9): 0.00021575093269348143
(2,17): -0.0004649317264556885
(2,18): -6.292760372161865e-05
(2,19): 0.0002434593439102173
(2,20): -0.007124354839324951
(2,21): 0.0009860444068908692
(2,39): -0.00028587698936462404
(2,40): -0.00023281335830688477
(2,41): -0.0004095989465713501
(3,0): 0.0009343260526657104
(3,6): 0.0003272247314453125
(3,7): 0.006073762178421021
(3,17): -0.003229444622993469
(3,40): -0.0023908030986785887
(4,9): 0.0030137914419174194
(4,10): -0.00100314199924469
(4,12): 0.007209823727607727
(4,18): -0.0024982291460037232
(4,19): -0.0021165519952774047
(4,41): -0.0019099420309066772
(4,43): 0.0011770868301391603
(5,10): -0.0007472068071365356
(5,11): -0.003816279768943787
(5,12): 0.005310045480728149
(5,18): -0.001311502456665039
(5,19): 5.8600902557373045e-05
(5,22): -0.0018702495098114015
(5,26): 0.0024168568849563597
(5,27): 0.005276119709014893
(5,39): -0.001962571144104004
(5,40): -0.0013928580284118652
(5,41): -0.0013994598388671876
(6,0): 0.00319449782371521
(6,1): 0.001293632984161377
(6,2): 0.001446537971496582
(6,3): 6.318092346191407e-08
(6,7): 0.0002915441989898682
(6,9): -0.0004948770999908447
(6,13): 0.005389006137847901
(6,17): 0.0037022554874420167
(6,29): -0.0017069578170776367
(6,34): 0.00047555625438690187
(6,42): 0.0012883800268173218
(7,3): 0.0009802412986755372
(7,6): -0.0006586956977844238
(7,17): -0.0026490473747253418
(7,42): -0.002194766402244568
(8,9): 0.0013359522819519044
(8,10): -0.0018188053369522096
(8,12): 0.0011893814802169799
(8,18): 0.0012150615453720092
(8,19): 0.0031082797050476074
(9,2): 0.0006286627054214477
(9,4): -0.0018969261646270752
(9,6): -0.0010585397481918334
(9,8): -0.0023162013292312624
(9,17): -0.0025217914581298828
(9,18): -0.0027482670545578
(9,19): 0.003049575090408325
(9,20): 0.001732209324836731
(9,21): 0.003419795632362366
(9,29): -0.0009698492288589478
(9,44): -0.0016675442457199097
(10,4): -0.0027066832780838013
(10,5): -0.0018360304832458496
(10,8): -0.00532296895980835
(10,11): -0.003417882323265076
(10,18): -0.00017857015132904052
(10,22): 0.001979369521141052
(10,25): -0.0008162462711334229
(10,33): 0.0008219635486602783
(10,36): 0.0007823747396469116
(10,42): -0.00020756781101226806
(11,5): 0.000428168773651123
(11,10): -0.002650938630104065
(11,12): -0.0005542629957199097
(11,22): 0.0008006536960601807
(11,26): -0.0006248533725738525
(11,27): -0.003408348560333252
(11,28): 0.0007644754648208618
(12,4): -0.00705812931060791
(12,5): -0.0015946942567825317
(12,8): -0.008954508304595947
(12,11): -0.002187504768371582
(12,18): 0.0010832005739212036
(12,22): 0.0026111847162246706
(12,25): 0.0024078905582427977
(12,33): 0.00041870176792144773
(12,36): -0.0006890583038330078
(13,0): -0.0017089056968688965
(13,1): 0.0004552227258682251
(13,6): 0.0007659012079238892
(13,14): 0.0007738107442855835
(13,31): 0.002747887372970581
(13,34): 0.0018842917680740355
(13,37): 9.228050708770752e-05
(13,48): 0.0008095329999923706
(13,59): 0.001428682804107666
(13,62): 0.00048526883125305176
(14,1): -0.00018385887145996093
(14,13): 0.001779959201812744
(14,16): 0.0005606698989868164
(14,31): 9.197652339935302e-05
(14,32): -3.465652465820313e-05
(14,37): 0.00017394006252288818
(14,57): -0.00012459933757781981
(15,1): 0.0008874911069869995
(15,16): 0.0006223547458648681
(15,31): 0.0005498147010803223
(15,32): 0.00027605175971984864
(15,37): 2.1276473999023436e-05
(15,45): 0.00013512313365936278
(15,59): 0.0010760337114334106
(16,1): 0.00016025304794311523
(16,14): 5.632758140563965e-05
(16,15): 0.00031607091426849365
(16,31): 0.0003714317083358765
(16,32): 0.0001596611738204956
(16,37): 0.0012541186809539794
(16,46): 0.004050936698913574
(16,62): 0.00020287573337554932
(17,0): -0.001453680992126465
(17,2): -0.0034864532947540285
(17,3): -0.005625487565994263
(17,6): 9.679913520812988e-05
(17,7): 0.002998935580253601
(17,9): 0.0001030421257019043
(17,45): 0.0022046411037445067
(17,46): 0.0031817615032196044
(17,47): -3.8875341415405275e-05
(17,48): 0.0008748906850814819
(17,54): 0.001519286036491394
(17,60): 0.0016668593883514403
(18,2): -0.0004849565029144287
(18,4): 0.009099257588386535
(18,5): -0.00036590397357940676
(18,8): 0.0008585774898529053
(18,9): 0.003979422450065613
(18,10): 0.0014514565467834474
(18,12): 0.0006261348724365234
(18,19): 0.0009580570459365845
(18,20): -0.0025551921129226686
(18,45): 0.0020145028829574585
(18,46): 0.0015407991409301758
(18,48): 0.0011340337991714478
(18,50): 0.0001367717981338501
(18,52): 0.0007861047983169555
(18,54): 0.0007333213090896607
(18,59): 0.0010745835304260254
(18,60): 0.0007499492168426513
(19,2): -0.0010042864084243775
(19,4): 0.002568433880805969
(19,5): 3.744959831237793e-06
(19,8): 0.01466768741607666
(19,9): -0.0015234118700027466
(19,18): -0.00023021399974822998
(19,20): 0.00039527952671051023
(19,21): 0.0006020152568817138
(19,29): 0.0006002610921859741
(19,34): 0.000621190071105957
(19,38): 0.0002835690975189209
(19,52): 9.600937366485596e-05
(19,59): 0.00041958570480346677
(20,2): 2.1725893020629883e-05
(20,9): 0.0028673654794692995
(20,18): -0.00034906208515167236
(20,19): 0.0009007513523101807
(20,21): -6.832838058471679e-05
(20,29): -0.00036966264247894286
(20,30): -0.0008080482482910156
(20,34): 0.00018933653831481933
(20,38): -0.0001100766658782959
(20,45): 0.0008045423030853271
(20,48): 0.0012919002771377564
(20,54): -0.00018068492412567138
(21,2): -0.0006268793344497681
(21,9): 0.008565388321876526
(21,19): 0.002901862859725952
(21,20): -0.0005532962083816529
(21,29): 0.0007201111316680908
(21,30): 0.001566873788833618
(21,34): 0.0010255193710327149
(21,38): 0.0004170459508895874
(21,54): 0.0005208861827850342
(22,5): 0.00105690598487854
(22,10): 0.0013125514984130859
(22,11): 0.0017605412006378174
(22,12): 0.000917927622795105
(22,23): 0.0002934831380844116
(22,24): 0.0011452919244766236
(22,25): 0.0019592314958572386
(22,33): 0.0006901943683624268
(22,35): 0.0010953831672668457
(22,36): 0.00115866482257843
(22,50): 0.0012665235996246339
(22,52): 0.0010995250940322877
(22,53): 0.0006281739473342896
(22,59): -9.543180465698242e-05
(22,62): 0.0004993373155593872
(23,22): 0.0002136486768722534
(23,24): 0.00015600800514221192
(23,25): 0.0008967667818069458
(23,33): 0.001194879412651062
(23,35): 0.00014259874820709228
(23,36): 0.00015324950218200683
(23,61): 0.0004977130889892578
(24,22): 0.0004760783910751343
(24,23): -0.00044219315052032473
(24,25): 0.00024423182010650633
(24,33): -0.0008526229858398437
(24,35): 9.973287582397461e-05
(24,36): -4.688680171966553e-05
(24,62): 0.0008856344223022461
(25,10): 0.0032673233747482298
(25,12): 0.002144505977630615
(25,22): 9.033203125e-05
(25,23): 0.00044081509113311765
(25,24): 0.0010252636671066284
(25,33): 0.0002520120143890381
(25,35): -0.00037899911403656007
(25,36): -1.4740824699401856e-05
(25,49): 0.00084614098072052
(25,54): 0.0007388263940811158
(26,5): 0.004917005300521851
(26,11): 0.0019737589359283447
(26,27): -6.265521049499512e-05
(26,28): 0.0007037609815597534
(26,48): 0.0016780251264572144
(26,50): 0.0005349260568618774
(26,51): 0.0007861548662185669
(26,52): 0.0013207286596298219
(26,53): 0.0002424180507659912
(26,61): 0.0008870863914489746
(27,5): 0.001224076747894287
(27,11): 0.002633066177368164
(27,26): 0.0009316420555114746
(27,28): 0.0013669764995574952
(27,46): 0.0036141997575759887
(27,48): 0.0006892067193984985
(27,52): 0.001410699486732483
(27,53): 0.0008298671245574952
(27,54): 0.0009267276525497436
(27,55): 0.00035366714000701905
(27,61): 0.0005138784646987915
(28,11): -0.0024750465154647827
(28,26): 0.001210191249847412
(28,27): 5.639493465423584e-05
(28,51): 7.592380046844482e-05
(28,52): 0.0005267465114593506
(28,53): 0.00011375963687896728
(28,55): 4.0020942687988285e-05
(29,6): 0.0014713990688323974
(29,9): 0.001420518159866333
(29,19): 0.0003485250473022461
(29,20): 0.0017888587713241577
(29,21): 0.0007225465774536133
(29,30): 0.0032062357664108276
(29,34): -0.0004541587829589844
(29,38): 0.0001910114288330078
(29,46): 0.0013638037443161012
(29,59): -0.0005621260404586792
(30,1): 0.0009193778038024903
(30,20): 0.0015452784299850465
(30,21): 0.001164500117301941
(30,29): 0.0006418913602828979
(30,34): 0.0002686643600463867
(30,38): -0.00010649025440216064
(30,45): 0.00015144944190979004
(30,47): 0.0003381019830703735
(31,1): 0.0001909714937210083
(31,13): 0.00041228234767913817
(31,14): 0.00015636682510375977
(31,15): 0.00032573461532592774
(31,16): 0.00020757615566253663
(31,32): -7.311463356018067e-05
(31,37): 0.00011796712875366211
(31,45): 0.0009578388929367066
(31,59): -0.0007063430547714233
(32,14): 0.0005899286270141602
(32,15): 0.0018906736373901368
(32,16): 0.0010338473320007325
(32,31): 0.0003039050102233887
(32,37): 0.0018675112724304199
(32,56): 0.000237615704536438
(33,10): 0.0005547773838043213
(33,12): -0.0022182607650756835
(33,22): 3.9818882942199704e-05
(33,23): -0.00035035431385040285
(33,24): 0.0010593760013580323
(33,25): 0.0011451399326324462
(33,35): 0.0002483928203582764
(33,36): -0.0005873405933380127
(33,49): -0.0006308287382125854
(34,1): -0.0005099141597747803
(34,6): -0.0030579400062561036
(34,13): -3.4903287887573245e-05
(34,19): 0.002394433617591858
(34,20): 0.001066376566886902
(34,21): -0.0007272404432296753
(34,29): 0.0008341056108474731
(34,30): -0.0001806485652923584
(34,38): 0.00027785658836364745
(34,46): 0.0017657798528671264
(34,59): -3.729701042175293e-05
(34,60): -0.0014124625921249389
(35,22): 0.0006038689613342285
(35,23): 0.00015181541442871094
(35,24): -0.0005900233983993531
(35,25): 0.00014709651470184326
(35,33): -0.0004834681749343872
(35,36): 0.000774611234664917
(35,46): 0.0019737017154693604
(35,61): 0.00041262805461883545
(35,62): 0.0001281958818435669
(36,10): 0.0007537651062011719
(36,12): -0.000375598669052124
(36,22): -0.0002689498662948608
(36,23): 0.0008450520038604737
(36,24): 0.00014673233032226564
(36,25): 0.0013604414463043212
(36,33): 0.0008574175834655762
(36,35): -0.00065338134765625
(36,46): 0.0023685657978057863
(36,48): -0.0009658217430114746
(36,52): -0.0009161710739135742
(36,59): 0.001066375970840454
(36,62): 0.00033652544021606446
(37,1): 0.0008230340480804443
(37,13): 0.0005610829591751099
(37,14): 0.0010048067569732666
(37,15): 0.0004295206069946289
(37,16): -2.453446388244629e-05
(37,31): -2.3494958877563477e-05
(37,32): -0.0006606024503707886
(37,57): -0.0009046381711959839
(38,19): 0.002894759774208069
(38,20): 0.00028692364692687987
(38,21): 0.005030965209007263
(38,29): 0.00329401433467865
(38,30): 0.0005741173028945923
(38,34): -0.0004079359769821167
(38,45): 0.0002742999792098999
(38,54): 0.0004512542486190796
(38,58): -0.0003764331340789795
(38,60): 2.8837919235229492e-05
(38,62): 0.0005928134918212891
(39,0): 0.0021070826053619387
(39,2): -0.001239180564880371
(39,5): 0.0012450063228607179
(39,40): 0.000284993052482605
(39,46): 0.0005220431089401245
(40,0): 0.0008849155902862549
(40,1): 0.0008921456336975097
(40,2): 0.0017278015613555909
(40,3): 0.0012331467866897583
(40,5): 0.0035456043481826784
(40,39): 0.0009060293436050415
(41,2): -7.827103137969971e-05
(41,4): -0.0010589605569839477
(41,5): -0.0035331934690475465
(41,52): -0.004073923826217652
(42,6): 0.011522337198257446
(42,7): 0.004234877228736877
(42,10): -0.0014366626739501954
(43,4): 0.007480710744857788
(44,9): 0.002172566652297974
(44,46): 0.0020660966634750365
(44,59): -0.0036361682415008544
(45,15): 0.001064651608467102
(45,17): 0.0002096790075302124
(45,18): 0.00018624663352966308
(45,20): 0.0011088263988494873
(45,30): 0.0011699575185775757
(45,31): 0.001045529842376709
(45,38): 0.0008824658393859863
(45,56): 0.0005415660142898559
(46,16): 0.00047695457935333253
(46,17): 0.00390092134475708
(46,18): 0.0016170883178710938
(46,27): 0.0003710448741912842
(46,29): 0.0006962615251541138
(46,34): 0.00028419137001037595
(46,35): 0.0005362260341644287
(46,36): 4.300594329833984e-05
(46,39): -0.006174052357673645
(46,44): -0.0006782770156860352
(47,17): 0.0032522696256637573
(47,30): 0.0006137597560882569
(47,62): 0.0007726413011550904
(48,13): 0.0019129520654678344
(48,17): 0.0023962002992630005
(48,18): 0.001095637083053589
(48,20): 0.0010002148151397705
(48,26): 0.0008314400911331177
(48,27): 0.0003664124011993408
(48,36): 0.001587073802947998
(48,49): 4.574060440063476e-06
(49,25): 0.00033112525939941404
(49,33): 0.0003449171781539917
(49,48): 0.000932953953742981
(50,18): 0.0014285320043563843
(50,22): 0.002093554139137268
(50,26): 0.00016224324703216551
(50,54): -9.870827198028564e-05
(50,58): -1.4675259590148926e-05
(51,26): -1.640915870666504e-06
(51,28): 0.0003884011507034302
(51,53): 0.0007060891389846801
(52,18): 0.0013577330112457275
(52,19): -0.00046968400478363036
(52,22): -0.0003066164255142212
(52,26): 0.0013151103258132934
(52,27): 0.001053113341331482
(52,28): -0.0009702599048614502
(52,36): 0.0009119510650634766
(52,41): -0.0014060074090957641
(53,22): 0.00012141048908233643
(53,26): 0.0006219369173049927
(53,27): 0.0014553874731063842
(53,28): 0.0005694067478179931
(53,51): -0.0005837368965148926
(54,17): 0.0012247514724731444
(54,18): 0.00020801663398742676
(54,20): 0.00043543577194213865
(54,21): 0.00023171365261077882
(54,25): 0.0005831778049468994
(54,27): 0.0004594153165817261
(54,38): 0.00077705979347229
(54,50): 0.0011849087476730347
(55,27): 0.001142885684967041
(55,28): 0.000659305453300476
(56,32): -6.314098834991455e-05
(56,45): 0.00018123090267181398
(57,14): 0.001634202003479004
(57,37): -0.0013043040037155151
(57,60): 0.00025401830673217775
(58,38): 0.0011306017637252807
(58,50): 0.00043480157852172853
(59,13): 0.0008652800321578979
(59,15): 0.0010612589120864869
(59,18): 0.0004725712537765503
(59,19): 0.0034960591793060302
(59,22): -0.0002549451589584351
(59,29): 0.00047245979309082034
(59,31): -0.0003571009635925293
(59,34): 0.00029398322105407716
(59,36): 0.0003113168478012085
(59,44): 0.0019374412298202514
(60,17): 0.00457538366317749
(60,18): 0.0006408071517944335
(60,34): 0.0004715442657470703
(60,38): 0.0007008129358291626
(60,57): -2.8418898582458497e-05
(61,23): 0.0004391932487487793
(61,26): -0.00016802132129669188
(61,27): 0.00034982383251190184
(61,35): 0.00026472628116607665
(62,13): 0.0009275507926940918
(62,16): 0.000802035927772522
(62,22): 0.002047879695892334
(62,24): 0.00010948657989501954
(62,35): 0.0001842886209487915
(62,36): 0.0002817696332931519
(62,38): 0.0007833433151245117
(62,47): 0.00010320544242858887
