Interaction name: 5gid

Affinity: 6.110000133514404
Predicted class: 1
Predicted probability: 0.9967531561851501
Sum of phi edges: 0.4021817809343336

Interaction statistics:

Number of total edges connecting protein pseudo-atoms: 16
Number of total edges connecting ligand pseudo-atoms: 116
Number of total edges connecting protein and ligand pseudo-atoms: 73

Pertinent positive set edge index: tensor([[27],
        [63]], device='cuda:0')

FID- using pertinent positive set: 0.43741798400878906

Number of pertinent positive edges connecting protein pseudo-atoms: 0 (0.0%)
% w.r.t. total number of pertinent positive edges: 0.0%)
Number of pertinent positive edges connecting ligand pseudo-atoms: 0 (0.0%)
% w.r.t. total number of pertinent positive edges: 0.0%)
Number of pertinent positive edges connecting protein and ligand pseudo-atoms: 1 (1.4%)
% w.r.t. total number of pertinent positive edges: 100.0%)

Minimal top k set edge index: tensor([[27, 27, 62,  5, 60,  4,  0, 15,  4,  1,  2,  3, 25, 55, 54, 57,  1, 37,
         19, 25,  2, 39,  8, 27,  3, 18,  7,  3,  6,  8, 40, 52,  7,  7, 24,  0,
          0, 42, 52,  8,  2,  3,  8, 26,  5,  8,  7,  3, 62, 62, 60, 28, 35, 48,
         47, 36, 47,  6, 53, 41,  8, 24, 55, 24,  5, 62, 54, 50, 41, 15, 49,  9,
         62,  7,  8, 44, 56,  8, 45, 46,  1,  1, 51, 22,  0, 22, 34, 49, 62, 51,
         45, 40,  9, 26, 16,  7, 34,  9,  9, 52, 41,  4, 47, 37, 46, 46, 20, 24,
         33, 14, 25, 17, 51, 26, 59, 22, 58, 16, 27,  8, 26, 16, 24, 62, 11, 53,
         12, 33, 13, 26,  7, 16, 41, 16, 32,  9, 38, 22, 16, 31, 32, 33, 24, 24,
         45, 29, 30, 20, 25, 11, 23, 16, 28, 54, 45, 32, 57, 19, 25, 14, 19, 15,
         61, 21, 10, 46, 28, 22, 15, 25, 64, 34, 29, 31, 15, 18, 31, 11, 33, 34,
         23, 17, 45, 11, 21, 57, 25, 18, 13, 27, 13, 17, 29, 10, 14, 30, 33, 43,
         59, 45, 20, 14, 33, 18, 30, 19, 20, 16, 22, 17, 44, 20, 33, 17, 31, 11,
         10, 15, 64, 30, 33, 23, 64, 33, 10, 58, 64, 58, 15, 19, 47, 17, 24, 15,
         13, 45, 21, 59, 18, 17, 21, 32, 22, 17, 16, 21, 55, 10, 19, 29, 12, 18,
         14, 22, 12, 23, 32, 34, 57, 45, 20, 14, 34, 20, 26, 11, 18, 30, 31, 11,
         11,  2, 28, 61, 32, 13, 23, 38, 20, 18, 14, 31, 21, 41, 22, 18, 28, 26,
         30, 16, 31, 26, 57, 16, 17, 23, 17, 16, 33, 21, 10, 61, 50, 19, 23, 61,
         17, 18,  0, 43, 11, 61, 45, 34, 13, 34, 64, 23, 19, 20, 61, 32, 21, 18,
         14, 53, 22, 14, 21, 13, 63, 12, 17, 32, 32, 34, 21, 20, 34, 34, 29, 12,
         18, 33, 15, 30,  8, 12, 48, 18, 13, 52, 25, 43, 19, 29,  1, 29, 61, 44,
         21, 33, 34,  5, 27, 23, 27, 13, 29,  7, 32, 13, 29, 25, 17, 38,  6, 22,
         31, 21, 28, 31,  2, 33, 19,  8, 10, 34, 27, 21,  4, 30, 53, 35,  2, 26,
         11, 63, 27, 56, 27, 36, 35, 63, 24, 47, 25, 36,  0, 35],
        [63, 56, 25, 24, 27,  8,  8, 28,  7,  8, 24, 36, 53, 26, 26,  7,  7, 47,
         60, 52, 26,  3, 28, 60, 26, 52, 59, 39, 26, 45,  7, 18, 57,  8, 41,  1,
          9,  9, 25, 33, 35, 27, 15, 54, 25,  0, 28, 25, 53, 24, 19, 15,  2, 22,
          8,  3, 20, 27, 25,  8,  7, 27, 46,  2, 26, 38, 23, 23, 10, 47, 17, 11,
         52, 40, 41, 45, 27, 47,  8, 22,  0, 37, 24, 18,  7, 62, 20, 22, 22, 18,
         13, 11,  0,  5, 61,  0, 23, 10, 29, 35, 34, 28, 21,  1, 34, 24, 18, 26,
         21, 11,  2, 16, 33,  3,  7, 34, 30, 17,  3, 16, 55, 34, 51, 18, 13, 62,
         29, 34, 11, 25,  4, 21, 24,  8, 15, 42, 62, 32, 64, 13, 16, 17, 62, 46,
         61, 31, 12, 17,  6,  9, 19, 32,  7, 55, 11, 18, 19, 17, 62, 10, 32, 33,
         21, 22, 11, 55,  4, 21, 17, 24, 13, 21, 13, 11, 20, 20, 29, 31, 32, 16,
         21, 22, 16, 29, 19, 33,  5, 33, 30,  2, 31, 32, 30, 31, 30, 31, 18, 14,
         14, 21, 32, 12, 20, 22, 11, 23, 47, 33, 23, 33, 12, 15, 19, 34, 30, 57,
         41, 32, 16, 14, 16, 54, 31, 15, 29, 64, 30, 16, 45, 33, 15, 23, 25, 16,
         14, 18, 16, 29, 62, 20, 17, 34, 61, 18, 58, 34, 54, 43, 57,  9, 31, 17,
         59, 49, 30, 18, 19, 17, 34, 44, 19, 13, 33, 34,  6, 45, 32, 29, 14, 30,
         14, 25,  1, 13, 21, 61, 17, 53, 21, 23, 29, 10, 32, 33, 17, 34,  8, 27,
         13, 45, 43,  2, 11, 20, 61, 50, 15, 15,  8, 23, 14, 22, 48, 34, 61, 45,
         49, 51, 28, 31, 10, 17, 15, 19, 29, 32, 58, 34, 20, 33, 16, 20, 20, 19,
         31, 35, 46, 43, 47, 45, 27, 13, 19, 22, 17, 22, 61, 16, 57, 18, 10, 44,
         21, 41,  8, 64,  1, 14, 50, 45, 64, 62, 26, 10, 21, 14, 28, 11, 23, 13,
         33, 57, 46, 27, 25, 22,  6, 12, 59,  1, 33, 44, 12,  3, 21,  2, 25, 48,
         64, 18,  0, 12, 38, 51, 18,  4,  9, 41,  5, 45,  0, 58, 38, 53, 27, 24,
         40, 35, 24, 36, 26, 63, 63, 36,  5, 37, 27, 56,  4, 52]],
       device='cuda:0')

FID+ using minimal top-k set: 0

Number of minimal top-k edges connecting protein pseudo-atoms: 9 (56.2%)
% w.r.t. total number of minimal top-k edges: 6.0%)
Number of minimal top-k edges connecting ligand pseudo-atoms: 87 (75.0%)
% w.r.t. total number of minimal top-k edges: 58.4%)
Number of minimal top-k edges connecting protein and ligand pseudo-atoms: 53 (72.6%)
% w.r.t. total number of minimal top-k edges: 35.6%)

Trustworthiness of the explanation: 0.0

Number of relevant edges connecting protein pseudo-atoms: 4 (25.0%)
% w.r.t. total number of relevant edges: 6.7%)
Number of relevant edges connecting ligand pseudo-atoms: 26 (22.4%)
% w.r.t. total number of relevant edges: 43.3%)
Number of relevant edges connecting protein and ligand pseudo-atoms: 30 (41.1%)
% w.r.t. total number of relevant edges: 50.0%)

Shapley values for edges: 

(0,1): 0.0038631713390350343
(0,4): -0.005972394943237305
(0,7): 0.001568843722343445
(0,8): 0.011810542941093445
(0,9): 0.00380312442779541
(0,28): -0.00014302730560302734
(1,0): 0.0016423213481903077
(1,7): 0.0058825135231018065
(1,8): 0.011061107516288757
(1,28): -0.0006842935085296631
(1,37): 0.0016323024034500123
(2,24): 0.008575413823127747
(2,25): 8.677244186401367e-05
(2,26): 0.005581383109092713
(2,27): -0.0022379326820373534
(2,35): 0.003671902418136597
(2,38): -0.0012247657775878906
(3,25): 0.003347142934799194
(3,26): 0.005032930970191956
(3,27): 0.003662121295928955
(3,36): 0.008482112288475037
(3,39): 0.004516756534576416
(4,0): -0.0019100743532180786
(4,7): 0.011577230095863342
(4,8): 0.012322958707809448
(4,28): 0.0012304049730300904
(5,24): 0.01292303204536438
(5,25): 0.0034569138288497924
(5,26): 0.0023074430227279664
(5,27): -0.0007834720611572265
(6,25): -0.0010479104518890381
(6,26): 0.0044521218538284306
(6,27): 0.0025411063432693483
(7,0): 0.0012869954109191895
(7,1): -0.0008803665637969971
(7,4): 0.000930069088935852
(7,8): 0.004019482731819153
(7,28): 0.0033531993627548217
(7,40): 0.0019140839576721191
(7,57): 0.004138718843460083
(7,59): 0.00482733964920044
(8,0): 0.0034126466512680053
(8,1): -0.0005311101675033569
(8,4): -0.001609029769897461
(8,7): 0.0023550105094909666
(8,15): 0.0035779356956481935
(8,16): 0.001037493348121643
(8,28): 0.005462487936019897
(8,33): 0.0037375855445861816
(8,41): 0.0018820488452911377
(8,45): 0.0042676377296447755
(8,47): 0.0017471176385879517
(9,0): 0.001416252851486206
(9,10): 0.001270374059677124
(9,11): 0.001942077875137329
(9,29): 0.0012523055076599122
(9,42): 0.0008775663375854493
(10,9): -0.0017140811681747436
(10,11): 0.0006535476446151733
(10,14): -9.178698062896729e-05
(10,29): 0.00035133302211761477
(10,31): 0.0004977220296859741
(10,41): 0.0003933972120285034
(10,43): 0.00021490871906280519
(11,9): 0.000775831937789917
(11,10): -0.00014860212802886964
(11,13): 0.0009612572193145752
(11,14): 9.576380252838135e-05
(11,29): 0.000552334189414978
(11,30): 9.717464447021484e-05
(11,31): 0.0005645883083343505
(11,40): -0.002449110746383667
(11,45): 0.00011509597301483154
(11,57): 0.0003942561149597168
(12,13): -0.000374763011932373
(12,14): -0.000531402826309204
(12,29): 0.0009449613094329834
(12,30): 0.00019374728202819824
(12,31): 0.00020681560039520263
(12,44): -0.00047005414962768554
(13,11): 0.0009404146671295167
(13,12): -0.0008484041690826416
(13,14): 0.00028217792510986327
(13,29): -0.0002245563268661499
(13,30): 0.0005334514379501343
(13,31): 0.0005099934339523316
(13,44): -0.0009115755558013916
(13,45): -0.0003242301940917969
(13,61): 5.629181861877441e-05
(13,64): -0.0006238788366317749
(14,10): 0.0006829726696014404
(14,11): 0.0010940831899642943
(14,12): 0.0004720193147659302
(14,13): 0.0001637554168701172
(14,29): 1.7455220222473146e-05
(14,30): 0.0004962426424026489
(14,31): -0.0002879750728607178
(14,43): -0.0003102421760559082
(14,59): 0.00019968628883361815
(15,8): -0.0005280041694641114
(15,16): 0.00029074668884277344
(15,17): 0.0006293958425521851
(15,20): 0.0005805826187133789
(15,28): 0.011748427748680115
(15,32): 0.000391114354133606
(15,33): 0.0006818431615829468
(15,45): 0.0003250831365585327
(15,47): 0.0020113211870193483
(16,8): 0.0008859413862228393
(16,15): -7.088124752044678e-05
(16,17): 0.0010547757148742676
(16,20): -4.304230213165283e-05
(16,21): 0.0008969593048095703
(16,32): 0.0007732617855072022
(16,33): 0.0004541105031967163
(16,34): 0.0009927546977996826
(16,45): -2.2786855697631834e-06
(16,58): 0.00022382795810699463
(16,61): 0.0013232642412185668
(16,64): 0.0008535987138748169
(17,15): -6.802260875701904e-05
(17,16): 0.0010783755779266357
(17,18): 0.00022655725479125977
(17,19): -0.0003798854351043701
(17,20): 0.00024726152420043943
(17,21): -0.0009510231018066407
(17,22): 0.0005542850494384766
(17,23): 0.00030984222888946533
(17,32): 0.000501549243927002
(17,33): 0.00044284582138061525
(17,34): 0.0004060971736907959
(17,49): -0.00013404011726379396
(17,61): -5.2986741065979006e-05
(18,17): 0.00020619988441467285
(18,19): -0.00028600633144378664
(18,20): 0.0005793863534927368
(18,21): -0.0004994893074035645
(18,22): 0.00046814143657684324
(18,23): 2.374887466430664e-05
(18,32): 0.0001103276014328003
(18,33): 0.0005347293615341187
(18,34): 3.874897956848145e-06
(18,45): -0.0006237423419952392
(18,51): -0.00014075100421905517
(18,52): 0.004982818365097046
(18,62): 0.00026820123195648194
(19,17): 0.0006965303421020508
(19,18): -0.0015732240676879883
(19,20): -0.00024108827114105224
(19,21): -0.000680166482925415
(19,23): 0.00046516716480255127
(19,32): 0.0006829071044921875
(19,33): 0.00032352745532989504
(19,34): -0.00010649025440216064
(19,57): 0.0002101147174835205
(19,60): 0.005855518579483032
(20,15): 0.0004295253753662109
(20,16): -0.00044407904148101806
(20,17): 0.000779343843460083
(20,18): 0.0011269301176071167
(20,19): 0.00016472816467285155
(20,21): 4.184067249298096e-05
(20,32): 0.0004731625318527222
(20,33): -0.0002715533971786499
(20,34): 0.00014795541763305665
(20,47): 0.00045569539070129396
(21,16): 0.0002817380428314209
(21,17): 0.0002424865961074829
(21,18): -0.0011171823740005493
(21,19): 0.0005483388900756836
(21,20): -0.0002818012237548828
(21,22): 0.0006549108028411865
(21,23): -8.555293083190917e-05
(21,32): 9.412169456481933e-06
(21,33): -0.0007361793518066407
(21,34): 0.00022370636463165284
(21,45): -0.0018622851371765136
(21,47): -0.00031229138374328614
(21,61): -0.00043493330478668214
(22,17): 6.7418813705444336e-06
(22,18): 0.001593911051750183
(22,21): 0.0006327217817306518
(22,23): 0.0004471856355667114
(22,32): 0.0008563584089279175
(22,34): 0.0010672122240066527
(22,46): -0.0003098487854003906
(22,48): -0.0010984903573989869
(22,49): 0.00019838392734527587
(22,61): 0.00023856937885284425
(22,62): 0.00153353750705719
(23,17): 5.6014657020568847e-05
(23,18): 0.00018929362297058106
(23,19): 0.0007735300064086914
(23,21): 0.0005584162473678589
(23,22): -0.000792301893234253
(23,34): -0.00023611903190612793
(23,50): -6.060779094696045e-05
(23,54): 0.000373079776763916
(23,61): -0.00011601507663726807
(24,2): 0.0023133164644241334
(24,5): -0.003843146562576294
(24,25): 0.00030714690685272215
(24,26): 0.0011261743307113647
(24,27): 0.0023440092802047728
(24,41): 0.003960731029510498
(24,46): 0.0008189254999160767
(24,51): 0.0009892666339874267
(24,62): 0.0008201575279235839
(25,2): 0.0010856467485427857
(25,3): -0.0009356755018234253
(25,5): 0.0005464804172515869
(25,6): 0.0007785570621490479
(25,24): 0.0006204140186309814
(25,26): -0.0006617337465286254
(25,27): -0.00412106990814209
(25,52): 0.005616724491119385
(25,53): 0.008278095722198486
(25,62): 0.0006896811723709107
(26,2): -6.281137466430664e-06
(26,3): 0.001073812246322632
(26,5): 0.001414235234260559
(26,6): 0.00014053463935852052
(26,24): -0.0022745281457901
(26,25): 0.0009340453147888184
(26,27): 3.0040740966796875e-07
(26,54): 0.003511820435523987
(26,55): 0.0010198020935058593
(27,2): 0.0005124330520629883
(27,3): 0.0010482937097549439
(27,5): -0.0018340492248535157
(27,6): -0.000846068263053894
(27,24): -0.003008145093917847
(27,25): -0.0007922136783599853
(27,26): -0.003228369951248169
(27,56): 0.015125945806503296
(27,60): 0.005214451551437378
(27,63): 0.02309546947479248
(28,0): -0.0011441004276275635
(28,1): 8.516073226928711e-05
(28,4): 0.0006365615129470825
(28,7): 0.0007363522052764893
(28,8): 1.7446279525756836e-06
(28,15): 0.0029191827774047853
(29,9): 0.00020820200443267823
(29,10): -0.00046912074089050293
(29,11): -0.0006887745857238769
(29,12): -0.0009190553426742554
(29,13): 0.000611121654510498
(29,14): -0.0006815540790557861
(29,30): 0.0004980850219726562
(29,31): 0.0007892990112304687
(29,59): -0.0008588248491287232
(30,11): 0.0004656517505645752
(30,12): 0.0007814812660217285
(30,13): -1.0073184967041015e-06
(30,14): 0.00038401782512664795
(30,29): 0.00010860145092010498
(30,31): 0.0004934585094451905
(30,58): -0.00207474946975708
(30,64): -0.0005297261476516724
(31,10): 1.7372965812683107e-05
(31,11): 0.0005827254056930542
(31,12): -0.001162128448486328
(31,13): 0.000847819447517395
(31,14): 0.00010126888751983643
(31,29): 0.000570676326751709
(31,30): 0.00040105342864990237
(31,43): -4.407763481140137e-06
(31,64): -0.0011056691408157348
(32,15): 0.0008826154470443726
(32,16): 0.0008459657430648804
(32,17): -0.0004213839769363403
(32,18): 0.0007017117738723755
(32,19): 0.00018625617027282716
(32,20): -0.00028057873249053955
(32,21): 6.873130798339843e-05
(32,22): -0.00040635526180267335
(32,33): -0.000889439582824707
(32,34): 0.00024150371551513673
(33,8): -7.936298847198486e-05
(33,15): 0.00037025868892669677
(33,16): 0.0003732675313949585
(33,17): 0.0008371669054031372
(33,18): 0.00048707962036132813
(33,19): 0.00040776669979095457
(33,20): 0.0004715186357498169
(33,21): 0.001107281446456909
(33,32): 0.0005620861053466797
(33,34): 0.0009421265125274658
(33,41): -0.0005098897218704224
(33,51): -0.0013825374841690064
(33,57): -0.0007361942529678345
(34,16): 0.0005589890480041504
(34,17): 0.00018414735794067383
(34,18): -0.00046480119228363035
(34,19): -0.00022372424602508544
(34,20): 0.0015091699361801146
(34,21): 0.0006176930665969849
(34,22): -0.00042696714401245115
(34,23): 0.0012739276885986328
(34,32): -0.00022963523864746093
(34,33): 0.00015291094779968262
(34,41): -0.0017498505115509033
(34,46): -0.0007701569795608521
(34,57): -0.00045219361782073976
(35,2): 0.0027898007631301878
(35,52): -0.006332013010978699
(35,53): -0.0022146570682525634
(35,63): -0.003346296548843384
(36,3): 0.002579861283302307
(36,56): -0.005107232332229614
(36,63): -0.0033283770084381104
(37,1): 0.0011593556404113769
(37,47): 0.00586388111114502
(38,2): -0.0009555262327194214
(38,53): 5.5922269821166994e-05
(38,62): 0.0008772140741348266
(39,3): 0.0055600953102111815
(40,7): 0.004267301559448242
(40,11): 0.0014231109619140625
(41,8): 0.002415934205055237
(41,10): 0.0020410019159317018
(41,24): 0.0008907252550125122
(41,33): 8.551478385925293e-06
(41,34): 0.0012342286109924315
(42,9): 0.00376545250415802
(43,10): -0.0006736886501312256
(43,14): 0.0004848712682723999
(43,31): -0.00014472126960754394
(44,12): 0.0004400932788848877
(44,13): -0.0007138186693191528
(44,45): 0.001860147714614868
(45,8): 0.001722901463508606
(45,11): 0.0007101237773895263
(45,13): 0.001448768377304077
(45,15): -0.00018785059452056886
(45,16): 0.0005536037683486939
(45,18): 0.0002820563316345215
(45,21): 0.0004795926809310913
(45,44): 0.0001665496826171875
(45,61): 0.0008142304420471192
(46,22): 0.001719375252723694
(46,24): 0.001127743124961853
(46,34): 0.001152406334877014
(46,55): 0.0006463319063186645
(47,8): 0.002750992178916931
(47,15): 0.0003167766332626343
(47,20): 0.002577367424964905
(47,21): 0.0011994659900665284
(47,37): -0.00409869134426117
(48,22): 0.0027700722217559814
(48,50): -0.0005549120903015136
(49,17): 0.0020068496465682983
(49,22): 0.0015044552087783813
(50,23): 0.002114623188972473
(50,48): -0.0001049727201461792
(51,18): 0.0014600694179534913
(51,24): 0.0016297173500061035
(51,33): 0.0010780560970306396
(52,18): 0.0041953808069229125
(52,25): 0.003741428852081299
(52,35): 0.0012502211332321167
(52,62): -0.0006381195783615113
(53,25): 0.002487373352050781
(53,35): -0.00028967022895812986
(53,38): -0.0021759384870529176
(53,62): 0.000945349931716919
(54,23): 0.0021244752407073974
(54,26): 0.006663058996200562
(54,55): 0.0007309567928314209
(55,26): 0.007907441854476928
(55,46): 0.002337154746055603
(55,54): 0.00022254824638366698
(56,27): 0.0018546247482299804
(56,36): -0.003031042218208313
(57,7): 0.006314151287078858
(57,11): -2.9097199440002442e-05
(57,19): 0.0006967401504516602
(57,33): 0.0005476677417755127
(57,34): 0.00018049776554107666
(58,16): 0.00033087849617004396
(58,30): 0.001056388020515442
(58,64): 0.0003495466709136963
(59,7): 0.0010721784830093383
(59,14): 0.0004825454950332642
(59,29): 0.0002741891145706177
(60,19): 0.003024950623512268
(60,27): 0.01251903235912323
(61,13): 8.159756660461426e-05
(61,16): -0.0002780395746231079
(61,17): -0.00018101751804351805
(61,21): 0.0006651914119720459
(61,22): -0.00010009348392486572
(61,23): -0.0006901699304580688
(61,45): -0.00012137413024902343
(62,18): 0.0009818565845489502
(62,22): 0.0015035641193389892
(62,24): 0.0030391269922256468
(62,25): 0.014136021137237548
(62,38): 0.002195039987564087
(62,52): 0.0019276469945907592
(62,53): 0.0031211745738983156
(63,27): -0.00035076916217803957
(63,35): -0.0026763623952865603
(63,36): -0.0038140952587127686
(64,13): 0.0006198626756668091
(64,16): 0.0003882354497909546
(64,30): 0.00034354329109191893
(64,31): 0.0003720897436141968
(64,58): -0.00023381829261779786
