Test set index: 309

Target Class: 0

Target compound: TARGET

Sum of Shapley Values: 0.10592162298180981

Shapley values:
0.0029545499827149514
-0.025898216497153043
-0.001482449173927307
0.020099676921963693
-0.0029594991606427356
-0.008234821446239948
0.005542544377967715
-0.004815958738327027
0.002420942783355713
0.0005763843414933944
0.004034262094646693
-0.003921999037265778
0.0038814550638198854
0.008112108073401032
0.0043657362461090084
-0.01450999528169632
0.008154199197888375
-0.0009562697913497686
0.003589160442352295
0.022904058298736346
0.014134428277611733
0.003325527177657932
0.0028577519580721853
0.023103002089542315
0.03106574542587623
-0.05085474004969001
0.0023116686606226722
0.028871778454631566
0.005965496546123177
0.011193478852510453
0.005906466841697693
-0.0025931488210335376
0.017659423465374857
-0.00484876811504364
0.002385367751121521
-0.0073697856068611145
-0.0022586560714989903
-0.008306186348199844
-0.0037375373717441107
0.0034331219922751188
-0.003673500344157219
0.00037722811102867124
-0.011776226726360618
0.0032682475075125695
-0.006871259419713169
-0.006065947189927101
0.008682536855340005
0.00024902163073420525
-0.0005074713127851282
0.0053827748447656636
-0.0001782345771789551
0.007251553386449814
-0.021579251750372352
-0.0015954744815826415
0.004293075134046376
0.007364608864454567
0.01896975397627102
-0.004768669828772545
0.007504292353987693
0.002109464257955551
0.013369297445751726
0.004358236193656922
-0.00392733134329319
-0.012415404412895441

Minimal top-k Set:
Set indices on edge ranking: [24, 27, 23, 19, 3, 56, 32, 20, 60, 29, 46, 16, 13, 58, 55, 51, 28, 30, 6, 49]
Set edge index: tensor([[11, 12, 10,  8,  2, 25, 14,  9, 27, 13, 20,  7,  6, 26, 24, 22, 12, 13,
          3, 21],
        [10, 11, 11, 28,  1, 18, 15,  8, 11, 12, 19,  8,  7, 16, 23, 23, 13, 14,
          2, 22]], device='cuda:0')
FID+: 0.6834676265716553

Pertinent Positive Set:

Pertinent set edge index: tensor([], device='cuda:0', size=(2, 0), dtype=torch.int64)
FID-: 0.0002079606056213379