Test set index: 309

Target Class: 0

Target compound: TARGET

Sum of Shapley Values: 0.9465502298707373

Shapley values:
0.02100541564500667
-0.05454278999982869
-0.04533523886148751
0.08373940255682541
0.015729560794515714
0.020441280931906895
0.013866210716264926
0.029001341227619146
-0.0044486737942111745
-0.0011960109119416096
-0.008898416959254987
-0.005327406123316736
0.018572485410947203
0.01898576338285966
0.014834012012249296
0.0012181049288554928
8.699280638754449e-05
0.0347410658751026
0.07659033146532003
0.09269702490734871
0.01915313212378399
0.009584197001952836
0.022435636360742056
0.03484086126443601
0.1378271788753546
0.09417030500724378
0.19389564544608898
0.04654854765443054
0.07150010060022655
0.003985890807483551
-0.0002008327221645874
-0.014026347690183657
0.005131747859655882
0.008827427582405251
0.004156716019001923
-0.032122764574604605
-0.005551023067926485
-0.05195620857859758
-0.004663399180420542
-0.00511685263944512
-0.010789761310515025
-0.007820869460602816
-0.04579593985850958
0.020833337620705585
-0.007878721169056725
-0.0018768148892007036
0.02211400466311309
-0.0014010107556321075
0.004933180525295804
0.002174108924111716
-0.005548325125651201
-0.017098914278403737
-0.014148931189626568
-0.012301962058825394
0.00543707322812576
-0.00261262048565094
0.025520199855503974
0.015595850788696953
0.010992598103164199
0.006614610865700613
-0.013815704314663666
0.013661142942543822
0.051581865329365144
0.048001417760116766

Pertinent Negative Set:
Pertinent set indices on edge ranking: [26, 24, 25, 19]
Pertinent set edge index: tensor([[11, 11, 11,  8],
        [27, 10, 12, 28]], device='cuda:0')
FID+: 0.9989986979635432

Pertinent Positive Set:

Pertinent set edge index: tensor([[11, 11, 11,  8,  2,  8, 12, 28],
        [27, 10, 12, 28,  1,  9, 13,  8]], device='cuda:0')
FID-: 2.7418136596679688e-06
Pertinent Negative Set GNNExplainer:
Pertinent set indices on edge ranking: [48, 54, 24, 34, 50, 55, 20, 30, 29, 31, 33, 21, 60, 28, 6, 25, 32]
Pertinent set edge index: tensor([[21, 24, 11, 15, 22, 24,  9, 13, 13, 14, 15,  9, 27, 12,  3, 11, 14],
        [20, 19, 10, 16, 21, 23,  8, 14, 12, 13, 14, 10, 11, 13,  2, 12, 15]],
       device='cuda:0')
FID+: 0.9999356366461143

Pertinent Positive Set GNNExplainer:

Pertinent set edge index: tensor([[21, 24, 11, 15, 22, 24,  9, 13, 13, 14, 15,  9, 27, 12,  3, 11, 14, 23,
          8],
        [20, 19, 10, 16, 21, 23,  8, 14, 12, 13, 14, 10, 11, 13,  2, 12, 15, 24,
          9]], device='cuda:0')
FID-: 0.0764232873916626