Explaining class 0 for compound: O=C1NCc2ccc(OCCCN3CCN(c4cccc5cc(F)ccc45)CC3)c(F)c21
Shapley values for edges:
(0,1): -0.04708819045685461
(1,0): 0.057713335628661086
(1,2): 0.01832072203060098
(1,31): 0.0014179451303579919
(2,1): 0.07981167568745157
(2,3): 0.038088271184612804
(3,2): 0.050073657227756356
(3,4): 0.028692757688245654
(4,3): -0.005145167787685315
(4,5): 0.00436272364684358
(4,31): 0.0429165952797511
(5,4): 0.031211244319599447
(5,6): 0.0010906345975958778
(6,5): -0.010028958550679912
(6,7): -0.005867089098236197
(7,6): 0.004669642233257578
(7,8): 0.02150772751912053
(7,29): 0.022617938804162033
(8,7): -0.015786269300092824
(8,9): 0.0008031671101755071
(9,8): -0.009999271669504806
(9,10): -0.009906394726694905
(10,9): 0.026380226438707702
(10,11): 0.010969490684806243
(11,10): 0.07556401594067552
(11,12): 0.11152254223947601
(12,11): 0.028366390324515517
(12,13): 0.07243040597677715
(12,28): 0.07397627015316903
(13,12): 0.05694548597398359
(13,14): 0.012358792051167324
(14,13): 0.014544756709580012
(14,15): 0.012408705356122216
(15,14): 0.018841931748336913
(15,16): -0.0033755198026701487
(15,27): 0.05484784032514892
(16,15): -0.030159739691004547
(16,17): -0.00451766152040613
(16,26): -0.0029472112482034412
(17,16): 0.009493635869816764
(17,18): -0.0003376971537796481
(18,17): -0.00010214956914769813
(18,19): -0.0001918836172104055
(19,18): -0.000756003789890534
(19,20): -0.0011324567900025803
(20,19): -0.0036000883691308457
(20,21): 0.002361460268397378
(20,26): 0.009916199291895383
(21,20): -0.003991200196865007
(21,22): -0.0020437897048245
(22,21): -0.006037883743200909
(22,23): 0.025944123855610762
(22,24): 0.00016057029276700163
(23,22): -0.0009208375145286466
(24,22): 0.004525325610964342
(24,25): -0.002062816044940732
(25,24): 0.000810352454743124
(25,26): 0.010774683023408416
(26,16): 0.0018543766818951185
(26,20): -0.003489863822546451
(26,25): 0.003536337505671436
(27,15): 0.051543987780838636
(27,28): 0.02009719474654269
(28,12): 0.050522404495793864
(28,27): 0.05524532602542065
(29,7): -0.033188246534197524
(29,30): -0.017566199950135305
(29,31): 0.008363172564519357
(30,29): 0.029520868600568875
(31,1): 0.006036725180219994
(31,4): 0.005597628694002039
(31,29): -0.00836340569517052

Sum of Shapley values: 1.0401532686061299

Minimal top k set edge index:
[[11, 2, 11, 12, 12, 1], [12, 1, 10, 28, 13, 0]]

FID+: 0.9952818211168051

Pertinent positive set edge index:
[[11, 2, 11, 12, 12, 1, 13, 28, 15, 27], [12, 1, 10, 28, 13, 0, 12, 27, 27, 15]]

FID-: 0.07387417554855347

