Interaction name: 5q0s

Affinity: 7.210000038146973
Predicted class: 1
Predicted probability: 0.8829258680343628
Sum of phi edges: 0.7894416490383451

Interaction statistics:

Number of total edges connecting protein pseudo-atoms: 23
Number of total edges connecting ligand pseudo-atoms: 128
Number of total edges connecting protein and ligand pseudo-atoms: 71

Pertinent positive set edge index: tensor([[63, 48, 60,  6, 11, 39, 54, 63,  7, 25, 35,  4, 13, 43, 15, 26, 44, 44,
         20, 63, 25, 17, 40, 32,  4,  7,  9, 38, 14, 63, 15, 63, 54, 31, 11, 60,
          9, 58, 27, 15, 20, 17, 51, 38, 54, 52, 56, 49, 48, 41, 15,  8, 23, 22,
         49, 29, 17, 63, 16, 63, 35, 36,  9,  4, 62,  3, 51, 15, 35, 60, 16, 36,
          7,  7, 63, 29, 16, 63, 47, 16, 52, 60, 49, 31, 10, 48,  8, 35, 62,  9,
         36, 18, 22, 21,  4, 48, 35, 44, 38, 20, 42, 50, 24,  9,  8, 10, 48, 13,
         46, 20, 13, 25, 19, 58, 29, 21],
        [19, 11,  5, 47, 37, 24, 28, 12, 60, 39,  9, 51, 49, 40, 42, 53, 61, 46,
         48, 17, 53, 59, 43,  3, 52, 50, 10, 29, 47, 21, 41, 20, 19, 16, 55,  7,
         26, 57, 56, 40, 17, 46,  7, 17, 18, 23, 27, 10, 14, 42, 43, 52, 52, 60,
         13, 57, 38, 25, 45, 18, 29, 26, 23, 22, 13, 34,  8, 39, 13, 23, 61, 10,
         51, 49, 38, 58, 18, 13, 14, 44,  8, 22,  7, 22, 49, 20, 50, 18, 36, 48,
          6, 54, 30, 15, 16,  9, 21, 45, 58, 36, 41,  8, 39, 35, 51, 36, 21,  1,
         44,  6, 62, 20, 54, 29, 38, 63]], device='cuda:0')

FID- using pertinent positive set: 0.07824796438217163

Number of pertinent positive edges connecting protein pseudo-atoms: 9 (39.1%)
% w.r.t. total number of pertinent positive edges: 10.1%)
Number of pertinent positive edges connecting ligand pseudo-atoms: 15 (11.7%)
% w.r.t. total number of pertinent positive edges: 16.9%)
Number of pertinent positive edges connecting protein and ligand pseudo-atoms: 65 (91.5%)
% w.r.t. total number of pertinent positive edges: 73.0%)

Minimal top k set edge index: tensor([[63, 48, 60,  6, 11, 39, 54, 63,  7, 25, 35,  4, 13, 43, 15, 26, 44, 44,
         20, 63, 25, 17, 40, 32,  4,  7,  9, 38, 14, 63, 15, 63, 54, 31, 11, 60,
          9, 58, 27, 15, 20, 17, 51, 38, 54, 52, 56, 49, 48, 41, 15,  8, 23, 22,
         49, 29, 17, 63, 16, 63, 35, 36,  9,  4, 62,  3, 51, 15, 35, 60, 16, 36,
          7,  7, 63, 29, 16, 63, 47, 16, 52, 60, 49, 31, 10, 48,  8, 35, 62,  9,
         36, 18, 22, 21,  4, 48, 35, 44, 38, 20, 42, 50, 24,  9,  8, 10, 48, 13,
         46, 20, 13, 25, 19, 58, 29, 21,  6, 26, 63, 62, 11, 20, 21, 18, 31, 45,
         36, 35, 25, 48, 23, 57, 39, 45, 62, 31, 26, 13, 31, 54, 16, 20, 29, 58,
         16],
        [19, 11,  5, 47, 37, 24, 28, 12, 60, 39,  9, 51, 49, 40, 42, 53, 61, 46,
         48, 17, 53, 59, 43,  3, 52, 50, 10, 29, 47, 21, 41, 20, 19, 16, 55,  7,
         26, 57, 56, 40, 17, 46,  7, 17, 18, 23, 27, 10, 14, 42, 43, 52, 52, 60,
         13, 57, 38, 25, 45, 18, 29, 26, 23, 22, 13, 34,  8, 39, 13, 23, 61, 10,
         51, 49, 38, 58, 18, 13, 14, 44,  8, 22,  7, 22, 49, 20, 50, 18, 36, 48,
          6, 54, 30, 15, 16,  9, 21, 45, 58, 36, 41,  8, 39, 35, 51, 36, 21,  1,
         44,  6, 62, 20, 54, 29, 38, 63, 48,  9, 62, 38, 32, 62, 35, 35, 25, 44,
         62,  4, 63,  6,  9, 58, 25, 54, 20,  6, 36, 63,  3, 45, 62,  3, 35, 61,
         36]], device='cuda:0')

FID+ using minimal top-k set: 0.39114731550216675

Number of minimal top-k edges connecting protein pseudo-atoms: 13 (56.5%)
% w.r.t. total number of minimal top-k edges: 12.6%)
Number of minimal top-k edges connecting ligand pseudo-atoms: 20 (15.6%)
% w.r.t. total number of minimal top-k edges: 19.4%)
Number of minimal top-k edges connecting protein and ligand pseudo-atoms: 70 (98.6%)
% w.r.t. total number of minimal top-k edges: 68.0%)

Trustworthiness of the explanation: 0.5492284446374425

Number of relevant edges connecting protein pseudo-atoms: 9 (39.1%)
% w.r.t. total number of relevant edges: 10.2%)
Number of relevant edges connecting ligand pseudo-atoms: 12 (9.4%)
% w.r.t. total number of relevant edges: 13.6%)
Number of relevant edges connecting protein and ligand pseudo-atoms: 67 (94.4%)
% w.r.t. total number of relevant edges: 76.1%)

Shapley values for edges: 

(0,4): -1.229815185070038e-05
(0,9): -0.0028544705361127853
(0,18): 0.0005043625086545944
(0,19): -0.007556100226938724
(0,20): -0.004943655207753182
(0,21): -0.0014438337460160255
(0,22): 0.00038592685014009475
(0,23): -0.001295207068324089
(0,31): -4.589185118675232e-06
(0,33): 6.555885076522827e-05
(1,2): -0.009090602062642575
(1,3): -1.0198056697845459e-05
(1,6): -0.00010775472968816757
(1,7): -2.4539344012737273e-05
(1,9): 0.00010031823068857193
(1,11): -0.006381946206092834
(1,13): -0.0023044632747769357
(2,1): -0.0074631375074386596
(2,3): -0.002719433419406414
(2,11): 8.381169289350509e-05
(2,27): -0.014565519466996192
(3,1): 0.00010062031447887421
(3,2): -0.0022117580473423005
(3,4): -5.0786696374416354e-05
(3,6): 0.0012562472745776176
(3,9): 2.47182697057724e-05
(3,11): -9.190451353788376e-05
(3,13): -0.00013199307024478913
(3,20): -0.000913734994828701
(3,21): -0.00030828513205051423
(3,27): -0.0017508165165781974
(3,29): 0.0009479495882987976
(3,31): 2.8816312551498412e-05
(3,32): 0.0007992154359817505
(3,34): 0.00525556830689311
(4,0): 0.0001282105967402458
(4,3): 0.00010728057473897934
(4,6): 0.0011215200275182724
(4,9): -1.790955662727356e-05
(4,16): 0.003602714352309704
(4,18): -0.00025313880294561384
(4,19): 0.0008839666843414307
(4,20): -0.00018443413078784944
(4,22): 0.005566691011190414
(4,25): 0.000550510324537754
(4,28): 0.0004726601019501686
(4,35): 0.0002861563861370087
(4,51): 0.010968035422265529
(4,52): 0.0090360339730978
(5,14): 0.00017251759767532347
(5,15): 6.49087131023407e-06
(5,21): 0.00010508194565773011
(5,22): -7.14525580406189e-05
(5,23): 0.00042153991758823393
(5,24): -0.00019119776785373689
(5,60): -0.00032662168145179747
(6,1): -4.508119076490402e-05
(6,3): 0.0007645858824253082
(6,4): 0.0006388116255402565
(6,7): -5.2781999111175535e-05
(6,8): -0.0001143881306052208
(6,9): 8.956119418144226e-06
(6,10): -2.7739442884922028e-05
(6,20): 0.0013368064537644386
(6,25): -4.913024604320526e-05
(6,26): -0.00016827899962663652
(6,31): -0.0001885603740811348
(6,36): 0.00046530231833457947
(6,47): 0.01720688968896866
(6,48): 0.002307898178696632
(7,1): -3.707036375999451e-05
(7,6): -0.000145622082054615
(7,8): 7.118236273527145e-05
(7,9): 4.542991518974304e-05
(7,10): 2.066798508167267e-05
(7,25): 0.00021845042705535887
(7,26): 0.00023536160588264466
(7,49): 0.0047378700226545336
(7,50): 0.00886389784514904
(7,51): 0.004804784059524536
(7,60): 0.015438583083450794
(8,6): 1.711871474981308e-05
(8,7): -5.506586283445358e-05
(8,10): -0.00031096652150154115
(8,25): 0.0001679249480366707
(8,26): 0.0003916740044951439
(8,50): 0.003966473825275898
(8,51): 0.0028192431479692457
(8,52): 0.006282926313579082
(9,0): -6.837796419858932e-05
(9,1): 5.1799900829792024e-05
(9,3): 1.657739281654358e-05
(9,4): -5.5964067578315734e-05
(9,6): 0.00010347694158554078
(9,7): 6.538718938827515e-05
(9,10): 0.008769252933561802
(9,20): 0.00031609877943992613
(9,21): 0.00010880649089813233
(9,22): 1.261085271835327e-05
(9,23): 0.0056506675109267235
(9,25): -0.0005133214592933655
(9,26): 0.007767337895929813
(9,31): 0.00015275150537490844
(9,35): 0.0029948411136865617
(9,48): 0.0037925686687231065
(10,6): 4.064060747623443e-05
(10,7): 3.0447915196418764e-06
(10,8): -6.4450129866600034e-06
(10,9): -0.0001337752491235733
(10,25): 0.0001636189967393875
(10,26): 0.00013029519468545913
(10,36): 0.002726314067840576
(10,49): 0.004064274355769158
(11,1): -0.0016471636295318603
(11,2): -2.58626788854599e-05
(11,3): -4.849657416343689e-06
(11,12): -7.210638374090195e-05
(11,13): -0.0002861104160547256
(11,27): 6.210729479789734e-06
(11,29): 6.628073751926422e-06
(11,32): 0.0022112511098384855
(11,37): 0.01717676695436239
(11,48): -0.0007033992931246757
(11,55): 0.008224746808409691
(12,11): -7.827818393707275e-05
(12,13): 0.00010290317237377167
(12,27): 0.0002213224768638611
(12,29): 0.0002506554126739502
(12,32): -0.0011146704480051995
(12,63): -0.001440984457731247
(13,1): 0.0025497087463736533
(13,3): -5.753450095653534e-06
(13,11): -0.00014251738786697388
(13,12): -9.086553007364273e-05
(13,27): -0.00010824300348758697
(13,29): -0.000397147573530674
(13,32): -0.0012279784306883812
(13,35): -0.00023370780050754547
(13,49): 0.010955149158835411
(13,62): 0.002483134940266609
(13,63): 0.0014682924747467041
(14,5): 0.000468398779630661
(14,15): 4.2763277888298036e-05
(14,21): 9.806379675865173e-05
(14,22): -1.196008175611496e-05
(14,23): -4.2964592576026914e-05
(14,24): 3.722719848155975e-06
(14,30): -0.0005832666158676148
(14,47): 0.008550256416201591
(14,48): -0.0006114614009857178
(15,5): 0.0001377052068710327
(15,14): -5.209222435951233e-05
(15,21): 0.001318207010626793
(15,24): -0.0005566823482513428
(15,30): -0.0006610483676195145
(15,39): 0.005165945589542389
(15,40): 0.007369733862578869
(15,41): 0.008516895212233066
(15,42): 0.010315281264483929
(15,43): 0.006341040916740894
(16,4): 0.0009632033109664917
(16,17): -0.00023660536855459212
(16,18): 0.004407103285193443
(16,19): 0.0005270366743206977
(16,20): 4.322081804275513e-06
(16,28): -0.00012085001915693283
(16,31): -0.0006037770584225655
(16,36): 0.0013462964445352555
(16,44): 0.0043756688013672825
(16,45): 0.006051147654652596
(16,61): 0.004921873435378075
(16,62): 0.001403856724500656
(17,16): -0.0001052704080939293
(17,18): -8.993323892354965e-05
(17,19): -0.0014805617183446885
(17,20): 0.0007169026881456375
(17,28): 7.782131433486939e-07
(17,38): 0.006089222282171249
(17,46): 0.007152198441326618
(17,59): 0.009229347854852677
(17,63): 0.00121010210365057
(18,0): 3.072984516620636e-05
(18,4): -8.182842284440995e-05
(18,16): 0.0010573739558458327
(18,17): 0.00023350417613983155
(18,19): -9.491659700870514e-05
(18,20): -0.00011045742779970169
(18,28): 0.00041701268404722216
(18,31): 1.4182738959789276e-05
(18,35): 0.0020358178019523623
(18,54): 0.0037198617309331895
(18,63): -0.001343434415757656
(19,0): -0.002617558687925339
(19,4): -0.00010083448141813278
(19,16): -9.106941521167755e-05
(19,17): -0.0002665568143129349
(19,18): 8.358098566532135e-06
(19,20): 7.224828004837036e-07
(19,28): 7.833462208509446e-05
(19,31): 0.0009267039969563484
(19,54): 0.002380842715501785
(19,63): -5.0069428980350494e-05
(20,0): 0.0011555054783821106
(20,3): 0.0014036450535058974
(20,4): -5.831904709339142e-06
(20,6): 0.002516029365360737
(20,9): 0.0007755249738693237
(20,16): -0.00017166085541248322
(20,17): 0.007212880626320839
(20,18): -0.000390329509973526
(20,19): -0.00011080771684646607
(20,25): 0.0006938795372843742
(20,28): 0.00019417408853769302
(20,31): -0.00012244898825883866
(20,36): 0.0032355034351348876
(20,48): 0.009928628653287887
(20,62): 0.0020936879515647887
(20,63): -0.0002270282432436943
(21,0): 0.0006697505712509155
(21,3): 0.000920594371855259
(21,5): -0.0002522284537553787
(21,9): 0.0010035787895321846
(21,14): -8.184771984815598e-05
(21,15): 0.003603131137788296
(21,22): -1.3576820492744446e-05
(21,23): -0.000156344510614872
(21,24): 6.350360810756683e-05
(21,30): -0.00018066756427288056
(21,35): 0.002047096639871597
(21,48): 0.00131240401417017
(21,63): 0.0023302656039595605
(22,0): 2.5646090507507323e-05
(22,4): 0.0010947982966899872
(22,5): -0.00036709181964397433
(22,9): 2.3456253111362456e-05
(22,14): -0.00028690434992313386
(22,21): -2.4972558021545412e-05
(22,23): -5.110830068588257e-05
(22,24): -0.00023744065314531326
(22,30): 0.0036694133281707764
(22,31): -0.0008305475488305092
(22,60): 0.0062635443359613414
(23,0): -0.0008081119880080223
(23,5): -5.389340221881866e-05
(23,9): 0.0017275666445493699
(23,14): 0.00041812513023614884
(23,21): -0.00020871922373771667
(23,22): -0.0003117949515581131
(23,24): -0.0003454245626926422
(23,30): 0.0007580101862549782
(23,52): 0.006264038644731045
(23,60): 0.0004583195596933365
(24,5): 6.471838802099228e-05
(24,14): -1.36556476354599e-05
(24,15): 6.286915391683579e-05
(24,21): 0.0002038271725177765
(24,22): -0.00018205132335424423
(24,23): 0.00012338053435087204
(24,30): -0.0007539011910557747
(24,39): 0.0030202744156122207
(25,4): 0.0005769450962543487
(25,6): -0.00014061704277992248
(25,7): 0.00017975639551877975
(25,8): -0.00014436155557632447
(25,9): -0.00010350197553634643
(25,10): 0.0003071391209959984
(25,20): 0.002417101636528969
(25,26): -6.345689296722413e-05
(25,31): -0.000648186206817627
(25,39): 0.014085256010293961
(25,53): 0.009741053432226181
(25,63): 0.0018418103829026223
(26,6): 7.593214511871338e-05
(26,7): -0.0004292188584804535
(26,8): 3.8047470152378086e-05
(26,9): 0.0022909117862582205
(26,10): 0.0005056092143058777
(26,25): 8.901666849851608e-05
(26,36): 0.0015144398808479309
(26,53): 0.010267154909670353
(27,2): -0.007799709513783455
(27,3): -0.0026646821945905687
(27,11): 4.508677870035171e-05
(27,12): 0.00021826036274433136
(27,13): -8.472654968500138e-05
(27,29): -2.915188670158386e-06
(27,32): 0.0009593502432107925
(27,56): 0.007465652562677861
(28,4): 5.1879361271858216e-05
(28,16): 0.00021062768995761872
(28,17): 3.300905227661133e-06
(28,18): -0.00020024612545967103
(28,19): 0.00013825595378875734
(28,20): 2.472624182701111e-06
(28,31): 3.9603561162948605e-06
(28,54): -0.0030288318917155266
(29,3): -0.00040931832045316697
(29,11): -7.66165554523468e-06
(29,12): -0.0001237121969461441
(29,13): -0.00012168623507022858
(29,27): 1.4827251434326171e-05
(29,35): 0.0013628652691841125
(29,38): 0.0023366566374897957
(29,57): 0.006119546107947826
(29,58): 0.004489916749298573
(30,14): 0.0001178881898522377
(30,15): -7.010303437709808e-05
(30,21): 3.78667563199997e-05
(30,22): -3.490440547466278e-05
(30,23): 5.9280842542648315e-05
(30,24): -0.0004417704790830612
(31,0): -4.5969411730766295e-05
(31,3): 0.0014313240721821785
(31,6): 0.0015189164131879807
(31,9): -1.551710069179535e-05
(31,16): 0.008310836069285869
(31,18): 0.00030512340366840363
(31,19): 1.2020505964756012e-05
(31,20): -4.270900040864945e-05
(31,22): 0.004147638827562332
(31,25): 0.0019966329634189604
(31,28): 0.0006146067008376122
(32,3): 0.009076716527342796
(32,11): -5.274824798107147e-05
(32,12): 0.0003734228014945984
(32,13): 5.979258567094803e-05
(32,27): 0.00022210784256458283
(33,0): 0.0001152399554848671
(33,35): -0.0019042430073022843
(33,60): -0.003400721214711666
(34,3): 0.0008289336040616036
(34,35): 0.0005338307842612266
(35,4): 0.0018982940539717674
(35,9): 0.012467522025108337
(35,13): 0.005101401321589947
(35,18): 0.0038864726945757864
(35,21): 0.003567248210310936
(35,29): 0.005964750498533249
(35,33): -0.0012570326402783394
(35,34): -0.003450392074882984
(36,6): 0.0037633746489882467
(36,10): 0.004816676340997219
(36,16): 0.0002054564282298088
(36,20): 0.0012022826075553895
(36,26): 0.005672787763178349
(36,62): 0.0019080284237861633
(37,11): 0.00045175287872552874
(37,63): -0.0001263098046183586
(38,17): 0.006965982466936111
(38,29): 0.00867957316339016
(38,58): 0.00329982653260231
(38,62): 0.00024611856788396834
(38,63): 0.00014279473572969436
(39,15): 0.0006404135748744011
(39,24): 0.017124119624495508
(39,25): 0.0016462017595767974
(40,15): -0.0007872447744011879
(40,43): 0.009182832241058349
(40,48): 7.782392203807831e-05
(40,50): 0.0003496177867054939
(41,15): -0.0007915186136960983
(41,42): 0.006546724513173103
(42,15): -0.0006775422394275665
(42,41): 0.0031799858808517455
(43,15): -0.00019950833171606064
(43,40): 0.01074511930346489
(44,16): -0.00016524113714694977
(44,45): 0.0033086111769080164
(44,46): 0.009954929947853089
(44,61): 0.010148749463260174
(45,16): -0.00025659516453742983
(45,44): 0.0019915378838777542
(45,46): -0.0008619577065110207
(45,54): 0.0016241113841533661
(46,17): 0.0008368704468011857
(46,44): 0.0025482382997870446
(46,45): -0.0002520648017525673
(47,6): -0.00046139620244503023
(47,14): 0.004401151798665523
(47,55): 0.00047853216528892517
(48,6): 0.0017569390684366226
(48,9): 0.003594724163413048
(48,11): 0.026582940928637982
(48,14): 0.0065733566880226135
(48,20): 0.004044249281287193
(48,21): 0.002642795741558075
(48,40): 0.0005171303451061249
(48,50): -0.00010152421891689301
(49,7): 0.004291482381522656
(49,10): 0.006594899706542492
(49,13): 0.006163721159100533
(50,7): 0.0009362459555268287
(50,8): 0.003070298731327057
(50,40): 0.0006177850067615509
(50,48): 0.00016011945903301238
(51,4): 0.00015282973647117614
(51,7): 0.007112313471734524
(51,8): 0.005215706713497639
(52,4): 0.0008999127522110939
(52,8): 0.004375277645885944
(52,23): 0.006648507118225098
(53,25): -0.0020125333964824675
(53,26): 0.0005472952127456665
(53,54): 3.0288472771644592e-05
(54,18): 0.00690778948366642
(54,19): 0.008408483304083347
(54,28): 0.016376306861639024
(54,45): 0.0014241596311330795
(54,53): -0.0004761524498462677
(55,11): -8.963905274868011e-05
(55,47): 0.0009842143952846526
(56,27): 0.006640824899077416
(57,29): 0.0008940490335226059
(57,58): 0.0016685282066464424
(58,29): 0.0023781387880444527
(58,38): 0.0012725281715393066
(58,57): 0.00766041710972786
(58,61): 0.0013497531041502954
(59,17): -0.0016141203790903092
(60,5): 0.018498795852065087
(60,7): 0.008148205056786538
(60,22): 0.004306705743074417
(60,23): 0.005018547140061855
(60,33): -0.0026698118448257448
(61,16): -0.0006153631210327148
(61,44): -0.000379367396235466
(61,58): -0.0003110227361321449
(62,13): 0.00546197310090065
(62,16): 0.0008079067617654801
(62,20): 0.0015578695386648177
(62,36): 0.0038814933225512506
(62,38): 0.0022401702404022217
(62,63): 0.0008550869300961494
(63,12): 0.015711399503052236
(63,13): 0.004406749792397022
(63,17): 0.009784490540623665
(63,18): 0.006002571769058705
(63,19): 0.035063472874462605
(63,20): 0.008426967933773994
(63,21): 0.008547904789447785
(63,25): 0.006084177903831005
(63,37): 0.00022076576948165894
(63,38): 0.004628825336694718
(63,62): 0.0022772761806845667
