Interaction name: 1v0o

Predicted class: 0
Predicted probability: 0.8036980628967285
Sum of phi edges: -0.120425974726677

Interaction statistics:

Number of total edges connecting protein pseudo-atoms: 9
Number of total edges connecting ligand pseudo-atoms: 85
Number of total edges connecting protein and ligand pseudo-atoms: 29

Pertinent positive set edge index: tensor([[21],
        [14]], device='cuda:0')

FID- using pertinent positive set: -0.06349873542785645

Number of pertinent positive edges connecting protein pseudo-atoms: 0 (0.0%)
% w.r.t. total number of pertinent positive edges: 0.0%)
Number of pertinent positive edges connecting ligand pseudo-atoms: 1 (1.2%)
% w.r.t. total number of pertinent positive edges: 100.0%)
Number of pertinent positive edges connecting protein and ligand pseudo-atoms: 0 (0.0%)
% w.r.t. total number of pertinent positive edges: 0.0%)

Minimal top k set edge index: tensor([[21, 25, 21, 23,  5, 21,  1,  5, 13, 11,  6, 10,  7,  4,  0, 12,  7, 16,
          5, 21,  9, 19,  1,  0,  9, 22,  3, 26,  8, 13,  8,  7, 14,  2, 22, 13,
         19,  4, 12, 13,  2,  3, 24, 15, 24, 24, 32, 26,  0,  7,  7,  9,  6, 13,
          4, 13,  0,  2,  9,  5, 11,  3,  8,  3,  2,  3,  2,  9, 13, 19,  9,  3,
          2, 19, 36, 12, 14,  7, 14,  2, 32, 19, 36, 18, 24, 33,  7, 14, 26, 22,
         17, 20,  1,  3,  7, 28,  8, 33, 19,  6,  4,  6,  8, 11,  9, 19, 11,  1,
          8, 16, 16,  3, 19, 37,  3, 23, 13, 12, 17, 10,  4, 30, 22, 12, 20,  4,
         20, 14, 29, 12,  0, 35, 18, 20, 15, 33, 14,  3, 24, 16, 36, 18, 31, 16,
          3,  1,  5, 17, 11,  4, 38, 14, 34, 10, 20, 12, 35, 15, 20,  2,  9, 12,
         21, 11, 18, 18, 12, 20, 13, 11, 15,  4, 19, 17, 11, 29, 14, 19, 12, 18,
          2, 17, 16, 19, 17, 10, 10, 10, 11, 18, 15, 12, 14, 20, 25, 20,  4,  6,
          8, 16, 19, 31, 18, 19, 31, 30, 17,  8, 13, 11, 38, 13, 11, 37, 11, 37,
          0, 21,  0,  0, 37, 31, 26, 19,  6, 17,  5, 34, 12,  5,  6, 38,  5, 26,
         21, 21, 11, 21, 11, 21, 15,  5, 18, 21, 31,  5],
        [14,  5, 19, 37, 11, 11,  6,  0, 11,  1, 14,  5,  8, 13, 20,  9,  9,  5,
         20,  6,  8, 35,  5, 18,  7,  0,  9, 36,  9,  7,  7, 19, 12, 12, 25,  2,
          9,  7,  3, 14,  8, 22,  0, 10,  4,  1, 26, 33, 19, 13,  4, 13, 11,  8,
         21,  9, 17, 13, 19, 17,  5,  7, 12, 21,  9,  2,  4,  3,  3,  7, 12, 23,
          3,  4, 26,  2,  6, 12, 36, 24, 14,  3, 14,  5,  2, 26,  3, 11, 32,  1,
         10, 17, 22, 19, 21, 17,  4, 11,  6, 26,  3,  1,  2, 31, 21, 21, 21, 24,
         21, 10, 20, 24,  0, 18, 12,  3,  4, 37, 20, 16, 24, 16,  3,  7, 16, 12,
         38, 21, 11, 11,  5, 19, 20, 18, 16, 14, 33,  4,  3, 17, 11, 17, 20, 15,
         13, 11, 18, 18, 34,  2, 20, 13, 11, 20, 10, 21, 31, 18,  5, 21,  2,  4,
          2,  0, 16, 10,  8,  0,  6, 12, 20, 19, 14,  0,  6, 15, 32,  8, 19, 15,
         19,  5, 18,  2, 15, 15, 17, 18, 29,  0, 17, 14, 19, 31, 22, 15,  8, 19,
         19, 30, 11, 18, 31, 12, 35, 38, 16, 13, 12, 36, 30, 19, 19, 23, 33, 12,
         24,  8, 22, 11, 34, 38,  6, 13, 21, 28,  1, 37, 13, 10, 13, 31, 16,  5,
          3,  4, 14, 12, 13,  7, 29, 26, 37,  9, 11, 25]], device='cuda:0')

FID+ using minimal top-k set: 0

Number of minimal top-k edges connecting protein pseudo-atoms: 4 (44.4%)
% w.r.t. total number of minimal top-k edges: 8.9%)
Number of minimal top-k edges connecting ligand pseudo-atoms: 33 (38.8%)
% w.r.t. total number of minimal top-k edges: 73.3%)
Number of minimal top-k edges connecting protein and ligand pseudo-atoms: 8 (27.6%)
% w.r.t. total number of minimal top-k edges: 17.8%)

Trustworthiness of the explanation: 0.0

Number of relevant edges connecting protein pseudo-atoms: 5 (55.6%)
% w.r.t. total number of relevant edges: 8.1%)
Number of relevant edges connecting ligand pseudo-atoms: 47 (55.3%)
% w.r.t. total number of relevant edges: 75.8%)
Number of relevant edges connecting protein and ligand pseudo-atoms: 10 (34.5%)
% w.r.t. total number of relevant edges: 16.1%)

Shapley values for edges: 

(0,5): -0.0007986128330230713
(0,11): -0.003941091895103455
(0,17): 0.001063377261161804
(0,18): 0.0031498873233795164
(0,19): 0.0014183938503265381
(0,20): 0.003869473338127136
(0,22): -0.003851367235183716
(0,24): -0.0038427996635437014
(1,5): 0.0031575584411621094
(1,6): 0.008994300961494445
(1,11): -0.001061602830886841
(1,22): 9.024143218994141e-06
(1,24): -0.0003095704317092895
(2,3): 0.00043159127235412595
(2,4): 0.0006098431348800659
(2,8): 0.0017934143543243408
(2,9): 0.0008095490932464599
(2,12): 0.0022486084699630737
(2,13): 0.0009551525115966796
(2,19): -0.001876441240310669
(2,21): -0.0014548319578170776
(2,24): 0.0002773100137710571
(3,2): 0.0007106828689575196
(3,4): -0.0009125632047653199
(3,7): 0.0008494114875793457
(3,9): 0.0027921783924102785
(3,12): -0.00046371161937713623
(3,13): -0.0010495096445083617
(3,19): -4.068374633789062e-05
(3,21): 0.0008242273330688476
(3,22): 0.0016719263792037964
(3,23): 0.00046141862869262694
(3,24): -0.0003525978326797485
(4,2): -0.0011418533325195312
(4,3): -0.0002156984806060791
(4,7): 0.0019394886493682862
(4,8): -0.0021950531005859373
(4,12): -0.0006719595193862915
(4,13): 0.003907464146614074
(4,19): -0.0016748058795928956
(4,21): 0.001146591305732727
(4,24): -0.0005803686380386352
(5,0): 0.007476710081100464
(5,1): -0.005009717941284179
(5,10): -0.005928712487220764
(5,11): 0.013372269272804261
(5,16): -0.006603743433952331
(5,17): 0.0009423154592514038
(5,18): -0.0010804855823516846
(5,20): 0.003522595763206482
(5,25): -0.013687132596969605
(5,26): -0.009309920668601989
(6,1): -0.0002365100383758545
(6,11): 0.0012150776386260986
(6,13): -0.00608688473701477
(6,14): 0.005825991630554199
(6,19): -0.002388331890106201
(6,21): -0.004816383719444275
(6,26): -0.00018987417221069336
(7,3): 8.720219135284424e-05
(7,4): 0.0013073015213012696
(7,8): 0.004871639609336853
(7,9): 0.003653690218925476
(7,12): 0.00031870663166046144
(7,13): 0.0013702261447906495
(7,19): 0.002476158142089844
(7,21): -7.311761379241944e-05
(8,2): -0.0002545976638793945
(8,4): -0.00011295557022094726
(8,7): 0.0025434297323226928
(8,9): 0.0026538234949111937
(8,12): 0.0008399009704589844
(8,13): -0.0032370179891586305
(8,19): -0.0024011045694351195
(8,21): -0.00030975520610809326
(9,2): -0.001485561728477478
(9,3): 0.0005747276544570923
(9,7): 0.0030844223499298094
(9,8): 0.003288024663925171
(9,12): 0.00047600507736206054
(9,13): 0.0012987679243087768
(9,19): 0.0009505277872085571
(9,21): -0.00028381526470184327
(10,5): 0.005294513702392578
(10,15): -0.0019293612241744996
(10,16): -0.0005687576532363892
(10,17): -0.0019463014602661133
(10,18): -0.0019786417484283446
(10,20): -0.0012514221668243409
(11,0): -0.0015281933546066285
(11,1): 0.005873255133628845
(11,5): 0.0008576929569244385
(11,6): -0.0017153316736221314
(11,12): -0.0016679733991622925
(11,13): -0.007346090078353882
(11,14): -0.006929985880851745
(11,19): -0.003500697612762451
(11,21): -0.0003081744909286499
(11,29): -0.0019960927963256834
(11,31): -0.0002763015031814575
(11,33): -0.0035195285081863403
(11,34): -0.0011358428001403808
(11,36): -0.003325382471084595
(12,2): 0.0003598767518997192
(12,3): 0.001938585638999939
(12,4): -0.0014864063262939452
(12,7): -0.0006254810094833374
(12,8): -0.0016227835416793824
(12,9): 0.003843212127685547
(12,11): -0.0007941639423370362
(12,13): -0.005507722496986389
(12,14): -0.0020807504653930662
(12,19): -0.0018657147884368896
(12,21): -0.0012937229871749878
(12,37): -0.0005424916744232178
(13,2): 0.001976296901702881
(13,3): 0.0005608135461807251
(13,4): -0.0005281442403793335
(13,6): -0.0016590458154678344
(13,7): 0.002634705901145935
(13,8): 0.001154746413230896
(13,9): 0.0011442339420318604
(13,11): 0.0074119573831558224
(13,12): -0.003254016637802124
(13,14): 0.0019361406564712524
(13,19): -0.0034029334783554077
(14,6): 0.00035912752151489257
(14,11): 7.478833198547363e-05
(14,12): 0.002333666682243347
(14,13): -0.0012132394313812255
(14,19): -0.002086377739906311
(14,21): -0.0007460594177246093
(14,32): -0.0017744630575180053
(14,33): -0.000910380482673645
(14,36): 0.0002819889783859253
(15,10): 0.0016390717029571534
(15,16): -0.0008816355466842651
(15,17): -0.0020615530014038087
(15,18): -0.001385815143585205
(15,20): -0.0016715258359909057
(15,29): -0.009221752882003784
(16,5): 0.00358661949634552
(16,10): -0.00032478690147399905
(16,15): -0.001036565899848938
(16,17): -0.0009487193822860718
(16,18): -0.00188687801361084
(16,20): -0.0003313654661178589
(16,30): -0.002495148181915283
(17,0): -0.0016997689008712768
(17,5): -0.0018868488073348999
(17,10): 4.209578037261963e-05
(17,15): -0.0019148188829421998
(17,16): -0.0031478917598724366
(17,18): -0.0011205708980560304
(17,20): -0.0005651599168777466
(17,28): -0.00493625283241272
(18,0): -0.00205787718296051
(18,5): 0.00016772866249084473
(18,10): -0.0016090303659439086
(18,15): -0.001872953176498413
(18,16): -0.0016032791137695313
(18,17): -0.00099223792552948
(18,20): -0.0008740764856338501
(18,31): -0.0028126299381256103
(18,37): -0.00964634120464325
(19,0): -0.0003949642181396484
(19,2): -0.0018965715169906615
(19,3): 0.0002176845073699951
(19,4): 0.0003850436210632324
(19,6): -0.00017890453338623047
(19,7): 0.0005478310585021973
(19,8): -0.0017795073986053467
(19,9): 0.0019677615165710448
(19,11): -0.002590007781982422
(19,12): -0.0029524701833724977
(19,13): -0.004716074466705323
(19,14): -0.001687248945236206
(19,21): -0.0002847534418106079
(19,35): 0.003239254951477051
(20,0): -0.0016305255889892578
(20,5): -0.0014021271467208863
(20,10): -0.0012602245807647706
(20,15): -0.0021853238344192506
(20,16): -0.0006475073099136353
(20,17): 1.6332268714904785e-05
(20,18): -0.0008740913867950439
(20,31): -0.0021039831638336184
(20,38): -0.0006902807950973511
(21,2): -0.0015269315242767334
(21,3): -0.006627320647239685
(21,4): -0.006694837808609009
(21,6): 0.00332539439201355
(21,7): -0.008694303035736085
(21,8): -0.0038470697402954103
(21,9): -0.010139470100402831
(21,11): 0.010244442224502564
(21,12): -0.00716752827167511
(21,14): 0.021362627148628233
(21,19): 0.01399047315120697
(22,0): 0.002978261709213257
(22,1): 4.442334175109863e-05
(22,3): -0.0006206983327865601
(22,25): 0.002080293893814087
(23,3): -0.000487135648727417
(23,37): 0.01385471761226654
(24,0): 0.00165236234664917
(24,1): 0.0015894722938537597
(24,2): 0.00015913724899291993
(24,3): -0.0009274441003799439
(24,4): 0.0015988463163375854
(25,5): 0.014895021319389343
(25,22): -0.0021559655666351317
(26,5): -0.0066144722700119014
(26,6): -0.0046027016639709475
(26,32): 5.9986114501953124e-05
(26,33): 0.0014477652311325074
(26,36): 0.0026687341928482056
(28,17): -9.265244007110596e-05
(29,11): -0.0007677233219146729
(29,15): -0.0017446756362915039
(30,16): -0.0006030350923538208
(30,38): -0.003096112012863159
(31,11): -0.010846045017242432
(31,18): -0.002692660093307495
(31,20): -0.001017277240753174
(31,35): -0.003041262626647949
(31,38): -0.004413772225379944
(32,14): 0.00026515007019042966
(32,26): 0.0015793424844741822
(33,11): -0.0001452702283859253
(33,14): -0.0008863139152526855
(33,26): 0.00010733067989349365
(34,11): -0.0012259256839752197
(34,37): -0.005258098244667053
(35,19): -0.0008457940816879272
(35,31): -0.0013584178686141968
(36,11): -0.0009592205286026001
(36,14): 0.00020457565784454346
(36,26): 0.0003767615556716919
(37,12): -0.0035895586013793947
(37,18): -0.00039521396160125733
(37,23): -0.0035078275203704835
(37,34): -0.004197685122489929
(38,20): -0.0011603844165802002
(38,30): -0.0033880043029785156
(38,31): -0.006148926019668579
