Interaction name: 2pmk

Affinity: 5.920000076293945
Predicted class: 0
Predicted probability: 0.8043909668922424
Sum of phi edges: 0.08971290751787825

Interaction statistics:

Number of total edges connecting protein pseudo-atoms: 10
Number of total edges connecting ligand pseudo-atoms: 134
Number of total edges connecting protein and ligand pseudo-atoms: 70

Pertinent positive set edge index: tensor([[28],
        [ 4]], device='cuda:0')

FID- using pertinent positive set: 0.04063248634338379

Number of pertinent positive edges connecting protein pseudo-atoms: 0 (0.0%)
% w.r.t. total number of pertinent positive edges: 0.0%)
Number of pertinent positive edges connecting ligand pseudo-atoms: 1 (0.7%)
% w.r.t. total number of pertinent positive edges: 100.0%)
Number of pertinent positive edges connecting protein and ligand pseudo-atoms: 0 (0.0%)
% w.r.t. total number of pertinent positive edges: 0.0%)

Minimal top k set edge index: tensor([[28, 34,  7, 26, 47, 34, 15, 12, 39, 12, 10, 34, 27, 24, 28,  7, 18,  2,
          6, 22, 40, 13, 26, 10, 21, 25,  5,  6, 28, 21, 32, 28, 27, 25, 40, 41,
         24, 27,  2, 33, 14, 28, 24,  5,  9,  8, 14, 30,  5,  4, 19, 46, 33, 20,
          4, 19, 11,  1,  0, 18, 37, 33,  6, 36, 31,  8, 42, 26, 16,  5, 30,  6,
         39, 41,  0, 38, 37, 42, 10, 15,  4, 46, 28, 23, 27,  8, 12,  3, 42, 16,
          6,  8, 42, 10, 15, 42, 32, 36, 31, 23, 23,  8, 42, 41,  8, 13,  6, 44,
         33,  4, 32, 36, 20, 41,  7,  8, 21, 28,  4,  3,  7, 24,  7,  8,  1,  0,
         31, 24,  5,  8,  0, 24, 37, 40, 36, 27, 23, 26,  7, 36,  7, 16, 21,  5,
          4,  1, 26, 40, 29,  1, 40, 16, 30,  4,  9, 37,  1,  3, 37, 33,  2, 13,
          3,  9,  1, 25, 16, 24,  5, 20, 40, 37, 16,  5, 16, 22, 32, 21,  3,  6,
         31, 23, 35, 17, 33, 40, 37, 13, 26, 15,  8, 31, 13, 16,  0,  0, 42,  2,
         16,  1, 41, 32, 35, 31, 37, 21, 34, 44, 31, 13,  2, 23, 32, 41, 41,  1,
         38, 15, 15,  4, 35, 30, 41,  9,  2, 41, 17,  7, 45, 28, 17,  0, 30, 15,
          5, 38, 29,  6, 29,  4,  9, 21,  9, 36,  6, 28, 31, 36, 15,  5,  9,  3,
         21, 40, 36, 31,  2,  9,  0, 36, 41, 40, 37,  6,  1,  7, 38, 41, 38,  6,
         28,  9, 25,  1, 21,  8,  2, 41,  2,  8, 17, 29,  6, 16, 41,  4],
        [ 4, 47, 12, 28, 34, 12, 30, 30,  2, 34, 22, 22,  6, 23, 30, 32, 19, 40,
         30, 37,  9,  9,  5,  7, 32, 24, 41, 41,  5, 30, 13,  8,  0,  0, 10,  1,
          3, 23, 38, 16, 18,  3, 26, 28, 29,  7, 19,  6,  1, 42, 14, 30, 31, 31,
          5, 18, 22, 25,  5, 14, 36,  8, 29,  1, 29, 15, 13,  4, 41,  0,  8, 37,
         35,  7, 24,  8,  6,  4, 11,  9, 28, 42,  7,  4,  5, 31,  7, 28,  6, 17,
         27, 40, 46, 40, 32, 16, 33,  2, 17, 27,  1, 21, 41, 15, 30, 33, 40, 28,
         28,  6, 30, 37, 15, 36, 28, 13, 31, 26, 35, 42, 29,  5, 41, 32, 41, 42,
          9, 25, 40, 36, 36, 27,  5, 13, 41, 28, 25, 27,  6,  5, 40,  9, 41, 42,
         36,  5,  6, 21,  7, 26, 16,  8, 15, 41, 33,  0, 23,  4, 16, 15, 24, 37,
         41,  7, 37, 23, 13,  4,  3, 41,  6,  2, 40, 37, 37, 10,  9, 40, 24, 36,
         13,  2,  1, 16,  7,  0,  8, 42,  1, 41, 38, 30, 36, 32, 38,  2,  5, 37,
         36, 35, 42, 21, 39,  8, 13,  9, 11, 45, 16, 41,  5, 24, 16, 21, 20,  2,
          2, 21,  8, 23,  4, 21,  5, 13,  0, 13, 13, 21, 44,  6, 31, 27,  7, 31,
          6, 16, 21,  7,  6,  0, 41,  8, 40, 16, 26, 29, 32,  6, 20, 27, 16, 27,
          7,  7, 38, 15, 39, 30,  4,  0,  4,  8, 41,  4, 40,  8, 36,  3, 13,  3,
         44,  8,  1,  0, 29, 16, 36,  6,  1, 37, 40, 45, 28, 38, 16, 26]],
       device='cuda:0')

FID+ using minimal top-k set: 0.5051509141921997

Number of minimal top-k edges connecting protein pseudo-atoms: 6 (60.0%)
% w.r.t. total number of minimal top-k edges: 5.3%)
Number of minimal top-k edges connecting ligand pseudo-atoms: 64 (47.8%)
% w.r.t. total number of minimal top-k edges: 56.1%)
Number of minimal top-k edges connecting protein and ligand pseudo-atoms: 44 (62.9%)
% w.r.t. total number of minimal top-k edges: 38.6%)

Trustworthiness of the explanation: 0.6618221626364756

Number of relevant edges connecting protein pseudo-atoms: 5 (50.0%)
% w.r.t. total number of relevant edges: 4.9%)
Number of relevant edges connecting ligand pseudo-atoms: 58 (43.3%)
% w.r.t. total number of relevant edges: 56.9%)
Number of relevant edges connecting protein and ligand pseudo-atoms: 39 (55.7%)
% w.r.t. total number of relevant edges: 38.2%)

Shapley values for edges: 

(0,1): -0.0022958958148956298
(0,2): 0.0003671741485595703
(0,4): -0.00046084612607955933
(0,5): 0.003160372078418732
(0,24): 0.0024800004065036775
(0,25): -0.009903917014598846
(0,27): -0.00016198098659515382
(0,35): -0.0010812446475028993
(0,36): 0.0013557761907577516
(0,37): -0.002229883074760437
(0,38): 0.00038702700287103654
(0,39): -0.0027155660092830656
(0,40): -0.000786539614200592
(0,42): 0.0014941254258155822
(1,0): -0.0005739368498325348
(1,2): 9.183088317513466e-05
(1,3): -0.001351146399974823
(1,4): -0.002745834430679679
(1,5): 0.0010762634873390199
(1,23): 0.0008890792727470398
(1,25): 0.0031888088583946228
(1,26): 0.000997307188808918
(1,27): -0.0014144566655158997
(1,35): 0.00027530431747436524
(1,36): -0.0018502923846244813
(1,37): 0.0007285693287849426
(1,40): -0.0005167323723435402
(1,41): 0.0014976316690444946
(2,0): -1.2620538473129273e-05
(2,1): -0.0006120388640556484
(2,5): 0.00013304546475410462
(2,23): -0.003187572956085205
(2,24): 0.000761881023645401
(2,36): -0.0005979202687740326
(2,37): 0.000328463613986969
(2,38): 0.004323063045740127
(2,39): -0.00043942287564277646
(2,40): 0.006109711229801178
(3,1): -0.0023426167014986275
(3,4): 0.0008002552390098572
(3,5): -0.0008130478858947754
(3,6): -0.00235950767993927
(3,24): 0.0005482999980449677
(3,27): -0.0003815021365880966
(3,28): 0.0020564264059066773
(3,41): 0.000757884681224823
(3,42): 0.001684807799756527
(4,0): -0.0002633167963358574
(4,1): -0.0016614821553230285
(4,3): -0.003157343119382858
(4,5): 0.003395191803574562
(4,6): 0.0017620702181011438
(4,23): 5.1965713500976564e-05
(4,24): -0.0008488994836807251
(4,26): -0.0007253727316856385
(4,28): 0.0023823592066764833
(4,35): 0.0016919073462486266
(4,36): 0.0010847386717796326
(4,40): -0.001021851251134649
(4,41): 0.000938030481338501
(4,42): 0.0036366772651672363
(5,0): 0.002547610700130463
(5,1): 0.00372267872095108
(5,2): -0.0015739279985427857
(5,3): 0.0006415894627571105
(5,4): -0.002609787043184042
(5,6): -0.00019563017413020133
(5,23): -0.0013317498564720154
(5,24): -0.0036787787079811097
(5,25): -0.001875014454126358
(5,26): -0.002153019309043884
(5,27): -0.00036501720547676086
(5,28): 0.0038861193438060582
(5,36): -0.001325372029095888
(5,37): 0.0005994362756609917
(5,40): 0.001397547572851181
(5,41): 0.005037792306393385
(5,42): 0.001091691479086876
(6,3): -0.0005424237251281739
(6,4): -0.0005039101839065551
(6,5): -0.002267582565546036
(6,7): -0.00024943411350250247
(6,26): -0.00032093495130538943
(6,27): 0.0020296209678053855
(6,28): -0.00068521648645401
(6,29): 0.0028976139426231382
(6,30): 0.005913349688053131
(6,32): -0.002865365892648697
(6,33): -0.0007700790464878082
(6,36): 0.0005396913737058639
(6,37): 0.002499176859855652
(6,40): 0.0018243740126490592
(6,41): 0.005037194926189841
(6,42): -0.00399389311671257
(7,6): 0.0012279112730175256
(7,8): -0.0005176115036010742
(7,9): -0.001717175543308258
(7,10): -0.007010448575019836
(7,12): 0.012439569029957055
(7,21): -5.499279126524925e-05
(7,28): 0.0017325951159000398
(7,29): 0.00168463796377182
(7,30): -0.0028135575354099273
(7,32): 0.00637731485068798
(7,33): -0.0029245732328854503
(7,40): 0.0011300960183143617
(7,41): 0.0015826255083084106
(8,7): 0.003850078284740448
(8,9): -0.0028058961778879166
(8,13): 0.0017288345098495483
(8,15): 0.0027976365387439727
(8,16): -0.0005960762500762939
(8,21): 0.001904766857624054
(8,28): -0.0014815235137939453
(8,29): -0.0013153503835201263
(8,30): 0.0018502824008464814
(8,31): 0.002074011713266373
(8,32): 0.0015609145164489746
(8,33): -0.0010437750816345214
(8,36): 0.0013595352321863175
(8,37): -0.0006333228945732117
(8,38): 0.0004457503720186651
(8,40): 0.0019913092255592346
(8,41): -0.0038756167888641356
(9,7): 0.0007449117302894592
(9,8): -0.0005464017391204834
(9,13): -6.301403045654297e-06
(9,15): -0.002826146483421326
(9,16): -0.00037518727593123915
(9,21): -0.0007266335189342499
(9,29): 0.0038639497756958008
(9,30): -0.0004560229927301407
(9,31): -0.002885577492415905
(9,32): -0.0012350939959287644
(9,33): 0.0009116902947425842
(9,40): -0.00030265480279922485
(9,41): -0.0002704934775829315
(10,7): 0.005330226123332977
(10,11): 0.0024316771375015376
(10,12): -0.008711196780204773
(10,22): 0.007461094595491886
(10,30): -0.006951487958431244
(10,40): 0.0019524783082306386
(11,10): -0.0034655826911330224
(11,12): -0.0038098970055580137
(11,22): 0.003192716985940933
(11,34): -0.00871706336736679
(12,7): 0.002068088799715042
(12,10): -0.004281056821346283
(12,11): -0.007687595933675766
(12,30): 0.008386095952009781
(12,34): 0.007498668879270554
(13,8): -0.0007791657745838165
(13,9): 0.005651425123214721
(13,16): -0.002045544572174549
(13,17): -0.0008314710855484009
(13,31): -0.001152896136045456
(13,32): -0.0008005696535110474
(13,33): 0.001847599595785141
(13,36): 0.0003980821371078491
(13,37): 0.000758759081363678
(13,38): -0.0019520649313926697
(13,40): -0.0008102855831384659
(13,41): 0.00013521898537874222
(13,42): 0.00048398524522781373
(14,18): 0.004301005527377128
(14,19): 0.003845086246728897
(15,8): 5.324214696884155e-05
(15,9): 0.0024035924673080442
(15,20): -0.00036412686109542846
(15,21): 8.013265789486468e-05
(15,30): 0.008967385068535805
(15,31): -0.00018283247947692872
(15,32): 0.001939614713191986
(15,33): -0.003620240716263652
(15,41): 0.0004590150713920593
(16,8): 0.0009727853536605834
(16,9): 0.0011054176464676856
(16,13): 0.0006804370880126953
(16,17): 0.0020334264636039734
(16,31): -0.0016608269140124322
(16,32): 0.00039116203784942625
(16,33): -0.001947348415851593
(16,36): 0.00030274689197540283
(16,37): 0.0005858047306537629
(16,38): -0.000705389380455017
(16,40): 0.0006118570454418659
(16,41): 0.0025534383952617646
(16,42): -0.0009018638730049133
(17,13): -3.8526058197021485e-05
(17,16): 0.0005047294497489929
(17,31): -0.0001211036741733551
(17,37): -0.0030306059308350085
(17,40): -0.0006516508758068085
(17,42): -0.0008932096511125565
(18,14): 0.0031248411536216737
(18,19): 0.006278814971446991
(19,14): 0.0036157539486885073
(19,18): 0.003244953751564026
(20,15): 0.0017376726865768433
(20,21): -0.002427561581134796
(20,31): 0.0034316058456897738
(20,41): 0.0006312799453735352
(21,7): -0.0003825971484184265
(21,8): -0.00027896519779460507
(21,9): 0.00022044062614440919
(21,15): -0.0021605368703603743
(21,20): -0.006181899160146713
(21,29): -0.0005943116545677185
(21,30): 0.0047757172584533695
(21,31): 0.0017122535407543182
(21,32): 0.005328090190887451
(21,33): -0.0010412171483039855
(21,40): 0.0005534523725509643
(21,41): 0.0011007103323936462
(22,10): 0.000564008355140686
(22,11): -0.012524246871471405
(22,34): -0.007193271219730377
(22,37): 0.00589286170899868
(23,1): 0.0019115421175956726
(23,2): 0.0005259961634874343
(23,4): 0.002144668800756335
(23,5): -0.0008194142254069447
(23,24): 0.00012865066528320313
(23,25): 0.001294533908367157
(23,27): 0.0019125351309776306
(24,0): -0.004732977300882339
(24,2): -0.0017556758224964142
(24,3): 0.004502012580633164
(24,4): 0.0006466898322105408
(24,5): 0.0016386431455612182
(24,23): 0.006829758882522583
(24,25): 0.0014080154895782472
(24,26): 0.003940930664539337
(24,27): 0.0013392929919064044
(25,0): 0.004544439241290093
(25,1): -0.0005605380469933152
(25,5): -0.0023665648698806764
(25,23): 0.0007183519005775451
(25,24): 0.005056614577770233
(26,1): 0.00048210978507995606
(26,4): 0.002714669555425644
(26,5): 0.005627299100160599
(26,6): 0.0010637116711586713
(26,24): -0.00405041977763176
(26,27): 0.0012432911433279514
(26,28): 0.010967975184321403
(27,0): 0.004725618027150631
(27,1): -0.0010970050608739258
(27,3): -0.0020191581547260285
(27,5): 0.0021418562158942223
(27,6): 0.00697721004486084
(27,23): 0.004344308972358704
(27,24): -0.0018033412098884581
(27,26): -0.0018158739805221558
(27,28): 0.0012990981340408325
(28,3): 0.00414070650935173
(28,4): 0.013469798415899277
(28,5): 0.0050107334554195405
(28,6): -9.440004825592041e-05
(28,7): 0.002278021275997162
(28,8): 0.0047434882260859014
(28,26): 0.0017106565833091736
(28,27): -0.007402500659227371
(28,29): -0.00033358246088027954
(28,30): 0.006819896809756756
(28,32): -0.00467051237821579
(28,33): -0.003201682269573212
(28,44): -0.0005456352233886719
(29,6): -0.00025304555892944334
(29,7): 0.0010050413012504577
(29,8): -0.001019994467496872
(29,9): -0.0013803447782993316
(29,21): -0.0002215694263577461
(29,28): -0.0033064579963684084
(29,30): -0.002130357027053833
(29,31): -0.006651985794305802
(29,32): -0.005131050385534764
(29,33): -0.002830687612295151
(29,45): -0.0006573760509490967
(29,46): -0.0018630920350551606
(30,6): 0.003741866759955883
(30,7): -0.0001728607714176178
(30,8): 0.002537506967782974
(30,9): -0.001420775055885315
(30,10): -0.006320995986461639
(30,12): -0.0011471202969551087
(30,15): 0.000966329425573349
(30,21): 1.3265237212181092e-05
(30,28): -0.01207847535610199
(30,29): -0.0027728077257052064
(30,31): -0.0019813638925552366
(30,32): -0.0028019578754901885
(30,33): -0.004384236186742782
(30,45): -0.004700637459754944
(30,46): -0.002721399366855621
(31,8): 0.00024074643850326537
(31,9): 0.0014189937710762024
(31,13): 0.0005340498499572277
(31,15): -0.00043830901384353635
(31,16): 0.0001455776020884514
(31,17): 0.0019154003262519836
(31,20): -0.0009533131122589112
(31,21): -0.0011236092448234558
(31,29): 0.002828125134110451
(31,30): 0.0004289168119430542
(31,32): -0.00034850213676691056
(31,33): -0.004665392339229584
(32,6): -0.0026164865493774414
(32,7): -0.0032133416831493376
(32,8): -0.001292555034160614
(32,9): 0.0005610078200697899
(32,13): 0.00476038008928299
(32,15): -0.001799917370080948
(32,16): 9.72282700240612e-05
(32,21): 0.0002425425499677658
(32,28): -0.005496826060116291
(32,29): -0.0009956400096416474
(32,30): 0.0017549767717719078
(32,31): -0.002956466041505337
(32,33): 0.0019272681279107928
(33,6): -0.004210684895515442
(33,7): 0.0004962769150733948
(33,8): 0.002921460121870041
(33,9): -0.0009602223336696625
(33,13): -0.0016370680928230285
(33,15): 0.0007780767977237701
(33,16): 0.004304414838552475
(33,21): -0.0025866955518722536
(33,28): 0.0017808890342712403
(33,29): -0.0019629591703414916
(33,30): -0.002056601420044899
(33,31): 0.0034954725205898285
(33,32): -0.003161749988794327
(34,11): 0.0001912129856646061
(34,12): 0.008987446427345275
(34,22): 0.007250039875507355
(34,47): 0.013108136523514986
(35,0): -0.0012440818548202514
(35,1): 0.0005118526518344879
(35,4): 3.8701891899108883e-05
(35,39): 0.00024184763431549073
(36,0): -0.00046683043241500853
(36,1): 0.002894533723592758
(36,2): 0.0019270852208137512
(36,4): -0.0015267929434776306
(36,5): 0.0012006488442420958
(36,6): -0.0003497818112373352
(36,8): -0.001126259259181097
(36,13): -0.0025318223237991333
(36,16): -0.00031508892774581907
(36,37): 0.0017377517372369766
(36,38): -0.0004335401952266693
(36,41): 0.0013042810559272767
(37,0): 0.0008976764976978302
(37,1): -0.001208096295595169
(37,2): 0.0006168442964553833
(37,5): 0.0013364416360855103
(37,6): 0.0024608448147773743
(37,8): 0.00048543661832809446
(37,13): 0.00023447468876838684
(37,16): 0.0007797476649284363
(37,17): -0.004121621213853359
(37,22): -0.006472427546977997
(37,36): 0.003007589876651764
(37,41): -0.0004925978183746338
(38,0): -0.004242237322032451
(38,2): 9.096480906009674e-05
(38,8): 0.002467619031667709
(38,13): -0.0005378034710884094
(38,16): -0.00021090656518936158
(38,36): -0.0005177140049636364
(39,0): -0.0010459652543067931
(39,2): 0.007550253272056579
(39,35): 0.0024829281121492384
(40,0): 0.00048727694898843767
(40,1): -0.00619761973619461
(40,2): -0.0007334569096565246
(40,4): -0.001519530713558197
(40,5): -0.0012815439701080323
(40,6): 0.0006194983422756195
(40,7): -0.00043048545718193053
(40,8): -0.0004904398322105408
(40,9): 0.005818958282470703
(40,10): 0.004532634913921356
(40,13): 0.001323888748884201
(40,16): 0.0009756937623023986
(40,17): -0.0007407046854496002
(40,21): 0.0010248997248709201
(41,1): 0.00452623724937439
(41,3): -0.0005308181047439575
(41,4): -0.0004675409197807312
(41,5): 1.2704133987426757e-05
(41,6): -0.0006093180179595947
(41,7): 0.0024825474619865418
(41,8): -0.0018526732921600342
(41,9): -0.000739041343331337
(41,13): -2.705216407775879e-05
(41,15): 0.0018603405203430157
(41,16): -0.0007076679170131683
(41,20): 9.308144450187683e-05
(41,21): 9.395785629749298e-05
(41,36): 0.0017329853773117064
(41,37): -0.0018360717967152596
(41,42): 0.0002514469623565674
(42,0): -0.0025705268979072573
(42,3): -0.0007539762556552887
(42,4): 0.0024523508548736574
(42,5): 0.0003645753860473633
(42,6): 0.0020364609360694883
(42,13): 0.002792109138390515
(42,16): 0.0019273413717746735
(42,17): -0.0016790145635604858
(42,41): 0.0018700532615184783
(42,44): -0.001587681360542774
(42,46): 0.001958579644560814
(44,28): 0.00178135946393013
(44,42): -0.0024893297255039215
(44,45): 0.0001842617243528366
(45,29): -0.002703880667686462
(45,30): -0.004429903998970986
(45,44): -9.101854637265205e-05
(46,29): -0.007129532918334007
(46,30): 0.003559575229883194
(46,42): 0.0023128728568553923
(46,47): -0.016960442420095204
(47,34): 0.010353326846670825
(47,46): -0.009443200230598449
