Explaining class 0 for compound: C#Cc1ccc2sc(C(=O)NCCCCN3CCN(c4ccccc4OC)CC3)cc2c1
Shapley values for edges:
(0,1): 0.0010321316713859802
(1,0): -0.0032528602708564325
(1,2): 0.014811776160183693
(2,1): 0.010748195715359428
(2,3): 0.02546137349361604
(2,31): 0.004085863069444076
(3,2): -0.010119342525683039
(3,4): 0.0029443702623548874
(4,3): -0.004706069958938195
(4,5): 0.019782132626671743
(5,4): 0.015341580875889174
(5,6): -0.008547439150612852
(5,30): -0.019952091979594327
(6,5): 0.0009705851356543712
(6,7): -0.006938193869100286
(7,6): -0.0036557090084161437
(7,8): 0.007097178657871663
(7,29): -0.025177770112261764
(8,7): -0.006572660405087017
(8,9): 0.022019070461903913
(8,10): 0.057309711661168015
(9,8): -0.0011253895610918196
(10,8): -0.00018706295767388441
(10,11): -0.004281051711651175
(11,10): 0.040683158109173514
(11,12): 0.0037666431988633807
(12,11): 0.04841029035052159
(12,13): -0.02871196185759396
(13,12): 0.004826643248877523
(13,14): 0.020609542025632605
(14,13): 0.03363563891686639
(14,15): 0.04888896876030796
(15,14): 0.09605161708155481
(15,16): 0.10143784541923634
(15,28): 0.0817432361481983
(16,15): 0.042754437512664764
(16,17): 0.01506588031405548
(17,16): 0.004794415909102915
(17,18): 0.01408689817352302
(18,17): 0.08928030355464818
(18,19): 0.003370897758925787
(18,27): 0.06044894135451766
(19,18): 0.0026388917047071815
(19,20): -0.007807659193502709
(19,24): 0.0006571324262293113
(20,19): 0.012453414473081612
(20,21): -0.005766522126942945
(21,20): 0.0002673742497680745
(21,22): -0.00989028576134833
(22,21): -0.0013758108087279497
(22,23): 0.0019553070686339335
(23,22): -0.001530852876012047
(23,24): 0.0005557148710130224
(24,19): 0.005323341972194191
(24,23): -0.005498958291853141
(24,25): 0.05098660547531253
(25,24): -0.031611690611638196
(25,26): -0.026814697791781646
(26,25): 0.06784099192694368
(27,18): 0.018799630848478677
(27,28): 0.030378520363990868
(28,15): 0.022621144309333135
(28,27): -0.005750070103295913
(29,7): 0.015910035408467464
(29,30): 0.0033135414043206184
(30,5): 0.006559831463115771
(30,29): -0.001596448453128578
(30,31): 0.01221776078141704
(31,2): 0.01898883261122446
(31,30): 0.02495580171801778

Sum of Shapley values: 0.9670126013176303

Minimal top k set edge index:
[[15, 15, 18, 15], [16, 14, 17, 28]]

FID+: 0.9051620438694954

Pertinent positive set edge index:
[[15, 15, 18, 15, 26, 18, 8, 24, 14, 12, 16, 11, 14, 27, 2, 31, 28], [16, 14, 17, 28, 25, 27, 10, 25, 15, 11, 15, 10, 13, 28, 3, 30, 15]]

FID-: 0.027931153774261475

