Interaction name: 5jo0

Predicted class: 0
Predicted probability: 0.7807415127754211
Sum of phi edges: -0.15415674328804

Interaction statistics:

Number of total edges connecting protein pseudo-atoms: 12
Number of total edges connecting ligand pseudo-atoms: 82
Number of total edges connecting protein and ligand pseudo-atoms: 49

Pertinent positive set edge index: tensor([[ 0],
        [10]], device='cuda:0')

FID- using pertinent positive set: -0.08417099714279175

Number of pertinent positive edges connecting protein pseudo-atoms: 0 (0.0%)
% w.r.t. total number of pertinent positive edges: 0.0%)
Number of pertinent positive edges connecting ligand pseudo-atoms: 1 (1.2%)
% w.r.t. total number of pertinent positive edges: 100.0%)
Number of pertinent positive edges connecting protein and ligand pseudo-atoms: 0 (0.0%)
% w.r.t. total number of pertinent positive edges: 0.0%)

Minimal top k set edge index: tensor([[ 0, 22,  4, 22, 22,  4, 26, 11, 22,  7,  9,  6, 23,  7, 30, 35, 20,  2,
         22, 29, 28,  0,  1,  6,  8,  3, 29, 11,  0, 20,  4,  1,  8, 25,  2,  0,
         14,  2,  6,  8,  8,  8,  6, 29, 40, 37,  3, 14, 20, 10,  8, 19,  7,  2,
          2,  6,  1,  0,  1, 26, 16,  1,  7, 41,  7, 24, 27,  1, 30, 28, 39, 25,
         14,  9, 17,  1, 13, 40,  1, 29, 25, 13, 15, 14, 22, 28,  2,  2, 23, 20,
          9, 11,  7,  0, 13,  2, 20, 24,  0, 12, 13, 26, 26, 14, 23, 12,  5, 42,
          1, 25, 13, 17, 21,  2, 13, 41, 20, 11,  0, 21,  1, 27, 27,  5, 24, 32,
         26,  0,  0,  0, 17,  3, 16, 39,  1, 21, 15, 12, 17, 20, 16, 10, 15, 33,
         27, 29, 24, 20, 21,  4, 29, 27, 27,  0,  1, 23, 34, 32, 14, 34, 14, 11,
         25, 28, 12, 12, 16,  3, 36, 16, 33, 21, 42, 38,  4,  3,  4, 14, 14,  2,
          4, 12, 23, 21, 12, 17, 13, 18,  9, 11, 15, 21, 11,  6, 16, 16,  3,  9,
          9, 40, 13, 17, 16, 21, 20, 11, 11, 20, 12, 29, 21, 19, 38,  4, 10, 15,
         21, 38, 10, 11, 18,  9, 15,  4, 15,  6,  3, 12, 21, 33, 27, 11,  2,  9,
         34, 18, 23, 18,  4, 16, 42, 38, 18, 18, 35, 35, 37, 16, 40,  9, 19, 15,
         19, 20, 32, 10, 32, 11,  9, 18,  9, 19, 18, 10, 38,  9, 20, 22, 19, 32,
         10, 19, 10, 17, 10, 19, 19, 19, 13, 18, 10, 18, 18,  9, 18, 16],
        [10, 13,  5, 21, 14, 19, 34, 33, 12,  6,  7, 10, 32,  8,  3, 16, 11,  9,
         17, 30, 40, 20, 20,  9,  9, 30, 40, 37,  9,  8, 20,  9,  7,  3,  6,  8,
         21,  7,  7, 20,  6,  1, 20,  3, 29, 11, 19, 22, 18, 18,  0, 35,  2, 27,
         29,  8,  6,  7, 29, 27, 18, 23,  0, 38, 20,  4, 32,  8, 29, 29, 18,  0,
         16, 18, 15,  2, 11, 13,  0,  2,  4, 21, 16, 12, 11,  3, 24, 25,  3, 19,
          2, 39,  9, 25, 17, 26,  2,  1, 26, 22, 16,  2,  0, 15,  0, 21, 19, 21,
         25,  1, 12, 13, 16,  0, 22, 17,  0, 22, 24, 42, 24, 23,  0,  4,  0, 23,
          1, 23, 27,  1, 14, 28, 15, 11, 27, 22, 14, 11, 16,  7, 14, 12, 21, 35,
          1, 28,  2,  6, 15,  3,  4,  2,  4,  2, 26,  1, 26,  9, 17,  9, 42, 16,
          2,  4, 13, 14, 11,  4, 19, 12, 11, 18, 14, 14, 24, 25, 28, 38, 13,  1,
         29, 18,  4, 11, 16, 22, 14, 16,  1, 15, 12, 12, 18,  2, 21, 13, 29,  8,
          0, 28, 15, 21, 22, 13, 10, 21, 12,  1, 15,  1, 10, 20, 16, 25, 21, 13,
         14, 15, 11, 13, 12,  6, 11, 27, 17,  1, 23, 10, 17, 18, 26, 20, 20, 19,
         10, 21, 27, 42, 23, 38, 18, 41, 11, 33, 19, 33, 32, 17, 19, 34,  9, 38,
         36,  9, 18,  0, 37, 10, 20, 39, 38, 10,  9,  6,  9, 10,  4, 16,  3, 27,
         20,  4,  9, 41, 34,  5, 40, 18, 40, 10, 19, 19, 20, 32, 32, 35]],
       device='cuda:0')

FID+ using minimal top-k set: 0

Number of minimal top-k edges connecting protein pseudo-atoms: 6 (50.0%)
% w.r.t. total number of minimal top-k edges: 12.2%)
Number of minimal top-k edges connecting ligand pseudo-atoms: 32 (39.0%)
% w.r.t. total number of minimal top-k edges: 65.3%)
Number of minimal top-k edges connecting protein and ligand pseudo-atoms: 11 (22.4%)
% w.r.t. total number of minimal top-k edges: 22.4%)

Trustworthiness of the explanation: 0.0

Number of relevant edges connecting protein pseudo-atoms: 6 (50.0%)
% w.r.t. total number of relevant edges: 7.9%)
Number of relevant edges connecting ligand pseudo-atoms: 45 (54.9%)
% w.r.t. total number of relevant edges: 59.2%)
Number of relevant edges connecting protein and ligand pseudo-atoms: 25 (51.0%)
% w.r.t. total number of relevant edges: 32.9%)

Shapley values for edges: 

(0,1): -0.0002674180269241333
(0,2): -0.0005954360961914063
(0,7): 0.0009075170755386353
(0,8): 0.0018479001522064208
(0,9): 0.0022921204566955567
(0,10): 0.02903153359889984
(0,20): 0.0028457516431808472
(0,23): -0.00025826334953308103
(0,24): -0.0001409173011779785
(0,25): 0.0001677846908569336
(0,26): 8.297264575958252e-05
(0,27): -0.0002660822868347168
(1,0): 0.0003529280424118042
(1,2): 0.0003866887092590332
(1,6): 0.0009126603603363037
(1,8): 0.0006075066328048706
(1,9): 0.002090241312980652
(1,20): 0.0028313392400741576
(1,23): 0.0007885974645614624
(1,24): -0.0001503121852874756
(1,25): -5.15514612197876e-05
(1,26): -0.0006057935953140259
(1,27): -0.0003358304500579834
(1,29): 0.000854027271270752
(2,0): -0.00010720551013946533
(2,1): -0.0008822131156921387
(2,6): 0.002018152475357056
(2,7): 0.0016794359683990478
(2,9): 0.0032202994823455813
(2,20): -0.002318756580352783
(2,24): 0.00026080846786499025
(2,25): 0.0002552580833435059
(2,26): 0.00011182665824890137
(2,27): 0.00119009792804718
(2,29): 0.0010983413457870484
(3,4): -0.0007108074426651001
(3,19): 0.0013801562786102295
(3,23): -0.002049252986907959
(3,25): -0.0008069247007369996
(3,28): -0.0003192019462585449
(3,29): -0.0011482471227645874
(3,30): 0.002587000131607056
(4,3): -0.0005652612447738648
(4,5): 0.01149725615978241
(4,19): 0.007513541579246521
(4,20): 0.002134700417518616
(4,23): -0.0027948260307312013
(4,24): -0.0007893848419189453
(4,25): -0.0014844298362731933
(4,27): -0.0017318260669708253
(4,28): -0.0008113992214202881
(4,29): -0.0008847099542617797
(5,4): -0.00017314612865447997
(5,19): -4.0425658226013185e-05
(6,1): -0.0020407640933990476
(6,2): -0.0011091059446334838
(6,7): 0.0016765570640563964
(6,8): 0.0010055679082870484
(6,9): 0.0027667874097824095
(6,10): 0.004355253577232361
(6,20): 0.001471477746963501
(7,0): 0.0007673567533493042
(7,2): 0.0011922657489776612
(7,6): 0.005797452926635742
(7,8): 0.0038735854625701906
(7,9): 0.0002036428451538086
(7,20): 0.0006706887483596802
(8,0): 0.0012130218744277955
(8,1): 0.0014759641885757446
(8,6): 0.0014857441186904908
(8,7): 0.002080768942832947
(8,9): 0.0027470463514328003
(8,20): 0.0015037131309509277
(9,0): -0.0011565876007080078
(9,1): -0.0010443466901779175
(9,2): 0.00022833645343780517
(9,6): -0.0016907650232315065
(9,7): 0.004743959903717041
(9,8): -0.0011506527662277222
(9,10): -0.004976904988288879
(9,18): 0.00040540218353271487
(9,19): -0.0024056404829025267
(9,20): -0.0042292970418930055
(9,32): -0.010697511434555053
(9,34): -0.0036645883321762083
(9,38): -0.0045695555210113524
(10,0): -0.0038998937606811524
(10,6): -0.004799284338951111
(10,9): -0.005937932729721069
(10,11): -0.0016347110271453858
(10,12): -0.00046425461769104
(10,18): 0.0012812912464141846
(10,19): -0.008098064064979553
(10,20): -0.0057891285419464115
(10,21): -0.0015285080671310425
(10,34): -0.00652727723121643
(11,10): -0.004086878895759582
(11,12): -0.0013605499267578126
(11,13): -0.0016628527641296387
(11,15): -0.0010484540462493896
(11,16): -0.0006727206707000732
(11,18): -0.0010758733749389648
(11,20): -0.0023185473680496214
(11,21): -0.0013259309530258179
(11,22): -0.00013466715812683106
(11,33): 0.006913133263587952
(11,37): 0.0023739904165267943
(11,39): 0.00022417426109313965
(12,10): -0.0021144789457321167
(12,11): -0.00040172100067138673
(12,13): -0.0006953608989715576
(12,14): -0.0007012498378753662
(12,15): -0.0014139771461486816
(12,16): -0.0009887295961380005
(12,18): -0.000933380126953125
(12,21): 1.0824203491210938e-06
(12,22): 7.786571979522704e-05
(13,11): 0.00036878228187561037
(13,12): -6.694674491882325e-05
(13,14): -0.001036270260810852
(13,15): -0.001229081153869629
(13,16): 6.410598754882812e-05
(13,17): 0.00012799620628356934
(13,21): 0.0003248286247253418
(13,22): -0.00012417972087860107
(13,40): -0.007947474122047424
(14,12): 0.0003161990642547607
(14,13): -0.0008485406637191772
(14,15): 1.0890364646911622e-05
(14,16): 0.00041020095348358153
(14,17): -0.0006406426429748536
(14,21): 0.0018113112449645995
(14,22): 0.0013359671831130982
(14,38): -0.0008341920375823975
(14,42): -0.0006653368473052979
(15,11): -0.0017308932542800903
(15,12): -0.0010537678003311158
(15,13): -0.0015335452556610107
(15,14): -0.0003933560848236084
(15,16): 0.000319056510925293
(15,17): -0.0018089914321899414
(15,21): -0.0004738783836364746
(15,38): -0.0036896991729736327
(16,11): -0.0007087719440460205
(16,12): -0.0007362693548202514
(16,13): -0.0011478519439697265
(16,14): -0.0004531311988830566
(16,15): -0.00032312214374542237
(16,17): -0.0035539907217025757
(16,18): 0.0007894235849380493
(16,21): -0.0011307913064956664
(16,22): -0.0012351322174072267
(16,35): -0.014397186040878297
(16,38): -0.0028415381908416747
(17,13): -7.330715656280518e-05
(17,14): -0.0002886331081390381
(17,15): 0.0004010266065597534
(17,16): -0.0004116827249526978
(17,21): -0.0012323516607284546
(17,22): -0.0009911376237869262
(17,41): -0.006516209244728089
(18,9): -0.004783785939216614
(18,10): -0.00806009590625763
(18,11): -0.0028993672132492064
(18,12): -0.001663697361946106
(18,16): -0.001043502688407898
(18,19): -0.008800943493843078
(18,20): -0.008903799653053284
(18,21): -0.0025769692659378053
(18,32): -0.01254831850528717
(18,33): -0.002954542636871338
(18,39): -0.0044354391098022465
(18,42): -0.0027354454994201662
(19,3): -0.005552815198898315
(19,4): -0.005805151462554932
(19,5): -0.007221598029136658
(19,9): -0.0036717534065246584
(19,10): -0.004641135334968567
(19,18): -0.00756098747253418
(19,20): -0.0014562809467315674
(19,35): 0.0011935347318649291
(19,36): -0.0037033575773239135
(19,40): -0.007229006886482239
(20,0): -0.00012981653213500977
(20,1): -0.0013705015182495118
(20,2): 0.0001001960039138794
(20,4): -0.00508916437625885
(20,6): -0.0005280923843383789
(20,7): -0.00042270898818969727
(20,8): 0.002263559103012085
(20,9): -0.0037796366214752197
(20,10): -0.0012963324785232543
(20,11): 0.003452950716018677
(20,18): 0.0012993556261062622
(20,19): 0.00023512184619903565
(21,10): -0.0014473801851272582
(21,11): -0.000952339768409729
(21,12): -0.0010735183954238892
(21,13): -0.0012693500518798828
(21,14): -0.0015522271394729614
(21,15): -0.0005471813678741455
(21,16): -8.853673934936524e-05
(21,17): -0.002200763821601868
(21,18): -0.0007686275243759155
(21,22): -0.00037058532238006594
(21,42): -0.00014480829238891602
(22,11): 0.00029801666736602785
(22,12): 0.006037535667419433
(22,13): 0.013553208112716675
(22,14): 0.008457422852516175
(22,16): -0.005431715250015259
(22,17): 0.0031591933965682984
(22,21): 0.009127365350723267
(23,0): 7.165670394897461e-06
(23,1): -0.0006099677085876465
(23,3): 0.00023894250392913818
(23,4): -0.0009400075674057006
(23,27): -0.0026539099216461182
(23,32): 0.004292353391647339
(24,0): -0.00020545244216918946
(24,1): 9.326517581939697e-05
(24,2): -0.0005270123481750488
(24,4): 0.0006520920991897584
(25,0): 0.00048616468906402587
(25,1): -6.216883659362793e-05
(25,2): -0.0006867510080337525
(25,3): 0.002047860622406006
(25,4): 0.00033696770668029786
(26,0): 3.437280654907226e-05
(26,1): -0.0002262580394744873
(26,2): 4.5166015625e-05
(26,27): 0.0008470946550369262
(26,34): 0.007213680148124695
(27,0): -0.00016105413436889648
(27,1): -0.0005186593532562256
(27,2): -0.0005754989385604859
(27,4): -0.0005802547931671142
(27,23): -0.00015212833881378174
(27,26): -0.0023014354705810547
(27,32): 0.0006403487920761109
(28,3): 0.0002616149187088013
(28,4): -0.0006925052404403686
(28,29): 0.0005329376459121704
(28,40): 0.002982902526855469
(29,1): -0.0014229273796081542
(29,2): 0.00035177409648895263
(29,3): 0.0014606022834777832
(29,4): -0.0005705416202545166
(29,28): -0.0005215477943420411
(29,30): 0.0031512707471847536
(29,40): 0.002582587003707886
(30,3): 0.0037874233722686767
(30,29): 0.0006056636571884155
(32,9): -0.0006356018781661987
(32,18): -0.0037942463159561157
(32,23): -0.00020946741104125978
(32,27): -0.005612106323242188
(32,37): -0.004001902341842651
(33,11): -0.0007440096139907837
(33,18): -0.0022321689128875733
(33,35): -0.0005132412910461426
(34,9): -0.0006561607122421264
(34,10): -0.0024929702281951903
(34,26): -0.0006143528223037719
(35,16): 0.003754913806915283
(35,19): -0.0032746046781539917
(35,33): -0.003421109914779663
(36,19): -0.0007280594110488891
(37,11): 0.0014144748449325562
(37,32): -0.003524143695831299
(38,9): -0.004917011857032776
(38,14): -0.0007710796594619751
(38,15): -0.0015901416540145875
(38,16): -0.0014605683088302613
(38,41): -0.002891188859939575
(39,11): -0.0003293615579605103
(39,18): 0.000509556531906128
(40,13): 0.00035573720932006834
(40,19): -0.0036537355184555055
(40,28): -0.0011943626403808595
(40,29): 0.001440090537071228
(41,17): -0.0001273500919342041
(41,38): 0.0007325530052185059
(42,14): -0.0007706564664840698
(42,18): -0.002871590852737427
(42,21): -4.7916769981384275e-05
