Interaction name: 5ni5

Affinity: 8.050000190734863
Predicted class: 1
Predicted probability: 0.8998755216598511
Sum of phi edges: 0.7842164623178545

Interaction statistics:

Number of total edges connecting protein pseudo-atoms: 14
Number of total edges connecting ligand pseudo-atoms: 125
Number of total edges connecting protein and ligand pseudo-atoms: 76

Pertinent positive set edge index: tensor([[ 9, 31,  6, 11, 15, 52, 18, 52, 56, 16, 58, 49,  7, 20, 55, 18, 52, 36,
         26, 56,  7, 44, 55, 16, 10, 20, 43, 35, 49, 19, 11, 27, 44, 17, 19, 57,
         51, 18, 17, 10, 28, 51, 35,  9, 41, 18, 28, 18, 28, 15, 16, 45, 31, 20,
         11, 43, 35, 51, 23, 43, 23, 19, 11, 11, 13, 13, 18, 16, 26, 18, 26, 19,
         11, 29,  7, 25, 49, 56, 20, 19, 59, 44, 32, 56, 52, 10, 10, 54, 28, 46,
         16,  7, 52, 11],
        [40, 14, 37, 42, 38,  7, 45, 22, 21, 55,  8,  8, 39, 50, 24, 51, 20, 22,
         46, 20, 38,  9, 23, 41, 59, 36, 48,  7, 25, 59, 35, 45, 21, 43, 48, 13,
         27, 46, 47, 58, 53, 25, 18, 44, 28, 47, 54, 29, 41, 49, 57, 27, 12, 23,
         19, 13, 20, 18,  6, 17, 55, 57, 56, 44, 43, 57, 28, 17, 12, 35, 51, 49,
         26, 47, 20, 54, 15, 11, 56, 58, 13, 11,  2, 53, 28, 29, 52, 25, 56, 26,
         44, 52, 23, 16]], device='cuda:0')

FID- using pertinent positive set: 0.20579349994659424

Number of pertinent positive edges connecting protein pseudo-atoms: 2 (14.3%)
% w.r.t. total number of pertinent positive edges: 2.6%)
Number of pertinent positive edges connecting ligand pseudo-atoms: 13 (10.4%)
% w.r.t. total number of pertinent positive edges: 16.9%)
Number of pertinent positive edges connecting protein and ligand pseudo-atoms: 62 (81.6%)
% w.r.t. total number of pertinent positive edges: 80.5%)

Minimal top k set edge index: tensor([[ 9, 31,  6, 11, 15, 52, 18, 52, 56, 16, 58, 49,  7, 20, 55, 18, 52, 36,
         26, 56,  7, 44, 55, 16, 10, 20, 43, 35, 49, 19, 11, 27, 44, 17, 19, 57,
         51, 18, 17, 10, 28, 51, 35,  9, 41, 18, 28, 18, 28, 15, 16, 45, 31, 20,
         11, 43, 35, 51, 23, 43, 23, 19, 11, 11, 13, 13, 18, 16, 26, 18, 26, 19,
         11, 29,  7, 25, 49, 56, 20, 19, 59, 44, 32, 56, 52, 10, 10, 54, 28, 46,
         16,  7, 52, 11, 20, 15, 23,  7, 20, 11, 38,  7,  8, 12, 13, 28, 49, 26,
         47, 41, 10,  8, 58, 52, 58, 56, 20, 29, 10, 10, 44, 22, 11, 58, 25, 57,
         15, 33, 47,  9, 48, 38, 40,  7, 35, 10,  9, 52, 21, 19, 19, 56, 10, 26,
         11,  4,  9, 30, 58, 31, 36, 55, 51, 38],
        [40, 14, 37, 42, 38,  7, 45, 22, 21, 55,  8,  8, 39, 50, 24, 51, 20, 22,
         46, 20, 38,  9, 23, 41, 59, 36, 48,  7, 25, 59, 35, 45, 21, 43, 48, 13,
         27, 46, 47, 58, 53, 25, 18, 44, 28, 47, 54, 29, 41, 49, 57, 27, 12, 23,
         19, 13, 20, 18,  6, 17, 55, 57, 56, 44, 43, 57, 28, 17, 12, 35, 51, 49,
         26, 47, 20, 54, 15, 11, 56, 58, 13, 11,  2, 53, 28, 29, 52, 25, 56, 26,
         44, 52, 23, 16, 52, 52, 36,  6,  7, 17, 15,  9, 49, 43, 59, 18, 19, 58,
         29, 16, 41,  2, 26, 15, 10, 28, 35, 18, 11, 15, 16, 52, 41, 15, 51, 19,
         58,  0, 17, 23, 43, 37,  9,  0, 11, 56,  7, 10, 55, 11, 30, 10, 16, 11,
         30, 17,  8, 12, 19, 17, 20, 21, 26,  7]], device='cuda:0')

FID+ using minimal top-k set: 0.4025643467903137

Number of minimal top-k edges connecting protein pseudo-atoms: 3 (21.4%)
% w.r.t. total number of minimal top-k edges: 3.0%)
Number of minimal top-k edges connecting ligand pseudo-atoms: 27 (21.6%)
% w.r.t. total number of minimal top-k edges: 26.7%)
Number of minimal top-k edges connecting protein and ligand pseudo-atoms: 71 (93.4%)
% w.r.t. total number of minimal top-k edges: 70.3%)

Trustworthiness of the explanation: 0.534303157122896

Number of relevant edges connecting protein pseudo-atoms: 2 (14.3%)
% w.r.t. total number of relevant edges: 2.4%)
Number of relevant edges connecting ligand pseudo-atoms: 15 (12.0%)
% w.r.t. total number of relevant edges: 18.3%)
Number of relevant edges connecting protein and ligand pseudo-atoms: 65 (85.5%)
% w.r.t. total number of relevant edges: 79.3%)

Shapley values for edges: 

(0,1): -0.00024004414677619934
(0,6): 0.00029975540935993193
(0,7): -0.007587492167949676
(0,20): -0.0004815809428691864
(0,23): 0.0005178405717015266
(0,24): 0.0005105722323060036
(0,32): -0.0003249777108430862
(0,33): 0.0005047352612018585
(1,0): -3.5535544157028197e-06
(1,6): 0.00014299646019935608
(1,7): 5.2652508020401005e-06
(1,20): -0.00421778429299593
(1,23): -0.00668515719473362
(1,24): 0.00018466010689735412
(1,33): 0.0001678110659122467
(2,5): 3.3427029848098755e-05
(2,8): -0.001234942115843296
(2,9): 0.0005983760952949523
(2,16): -9.818300604820251e-06
(2,21): -0.003154033422470093
(2,22): 0.000218360498547554
(2,32): -0.004338400512933731
(3,5): -0.00015418656170368194
(3,11): 0.0002571900188922882
(3,15): -2.4679601192474366e-05
(3,16): 0.0009022331237792968
(3,29): -0.003319554403424263
(3,31): 8.44932347536087e-05
(4,10): -0.0020303939282894133
(4,16): -0.0001312168687582016
(4,17): 0.0012561151385307313
(4,18): -0.00016902394592761992
(4,26): 4.9883201718330384e-05
(4,31): -0.0017835573479533197
(5,2): 0.00013304434716701507
(5,3): 0.0009401909261941909
(5,8): 0.00016320299357175827
(5,9): -5.4510682821273805e-05
(5,16): 5.203962326049805e-05
(5,22): -7.506534457206726e-05
(5,31): 0.00039172500371932985
(5,34): -2.3217052221298217e-05
(6,0): -7.591992616653442e-05
(6,1): 0.00014635883271694184
(6,7): 0.0006583848223090171
(6,20): 3.567345440387726e-05
(6,23): 0.0008160623908042907
(6,24): -0.0005564794689416886
(6,37): 0.018924364000558854
(7,0): 0.0018224779516458512
(7,1): -0.00017796829342842102
(7,6): 0.003101201429963112
(7,8): 6.82772696018219e-05
(7,9): 0.0029951047897338865
(7,20): 0.004181775823235511
(7,21): 3.5530403256416324e-05
(7,22): -0.00028701014816761016
(7,23): 1.3136416673660279e-05
(7,24): -0.00045240528881549833
(7,35): 0.0008793608099222183
(7,38): 0.009368085488677024
(7,39): 0.013675467222929
(7,52): 0.003369419164955616
(8,2): 0.0024978291615843774
(8,5): -0.0012229114770889282
(8,7): 2.660166472196579e-05
(8,9): -0.0007977963611483573
(8,21): 0.00010387986898422242
(8,22): 0.0004233715683221817
(8,23): 6.925545632839203e-05
(8,24): -0.000648893304169178
(8,49): 0.0028487742692232133
(8,58): 0.0005440161749720574
(9,2): 3.505028784275055e-05
(9,5): 6.381675601005554e-05
(9,7): 0.0016151905804872512
(9,8): 0.0012534191459417344
(9,21): -4.854999482631684e-05
(9,22): 4.751324653625488e-05
(9,23): 0.0019218280911445617
(9,40): 0.02190751560032368
(9,44): 0.0072265686839818955
(10,4): -0.0007563859224319458
(10,11): 0.0022007634490728376
(10,15): 0.0021906034275889397
(10,16): 0.001365712583065033
(10,17): 7.787350565195083e-05
(10,25): 0.00011960998177528382
(10,26): -8.417293429374695e-05
(10,27): 0.00020378008484840394
(10,28): -0.0001773090660572052
(10,29): 0.00357112780213356
(10,31): 0.00028871584683656695
(10,41): 0.0025090813636779786
(10,52): 0.0035245782136917115
(10,56): 0.0016224892437458039
(10,58): 0.007652885876595974
(10,59): 0.008962017223238946
(11,3): -0.00010102204978466034
(11,10): 0.0008223750442266464
(11,12): -0.0004820527881383896
(11,13): 6.199195981025696e-05
(11,14): 0.00028277717530727386
(11,15): -0.000380663126707077
(11,16): 0.0033188100159168244
(11,17): 0.003026949465274811
(11,19): 0.005780242122709751
(11,26): 0.004216485545039177
(11,29): -0.0005039197951555252
(11,30): 0.0012667237967252732
(11,31): -2.4321675300598144e-06
(11,35): 0.008374528363347053
(11,41): 0.002123180627822876
(11,42): 0.016570267379283906
(11,44): 0.005101054608821869
(11,56): 0.005169769227504731
(12,11): -0.0003968176245689392
(12,13): 0.00015631865710020066
(12,14): -0.0004200465977191925
(12,15): 1.1997297406196594e-05
(12,26): -0.00027411654591560366
(12,29): 9.705215692520142e-05
(12,30): -0.0004992784559726715
(12,31): -0.0011984427645802499
(12,43): 0.002830440849065781
(13,11): 9.712547063827514e-05
(13,12): -0.00042949162423610687
(13,14): -0.00011109575629234314
(13,15): -0.00011624563485383988
(13,19): 2.2400319576263428e-05
(13,29): -3.267861902713776e-05
(13,43): 0.004803867489099503
(13,57): 0.004792357832193375
(13,59): 0.002811153903603554
(14,11): -6.296917796134949e-05
(14,12): -8.591488003730775e-06
(14,13): 0.00022586137056350707
(14,15): -7.387392222881318e-05
(14,19): 0.00014709748327732086
(14,29): -0.00011032752692699432
(14,30): -0.0003188769519329071
(14,31): -0.006446044184267521
(15,3): 0.0005695199221372604
(15,10): -0.00042066730558872224
(15,11): -1.7352402210235595e-07
(15,12): 0.0009200030565261841
(15,13): 4.7488808631896974e-05
(15,14): -0.0003235609456896782
(15,19): 0.0001280783861875534
(15,29): 0.0002018214762210846
(15,30): 5.285210907459259e-05
(15,31): -5.793645977973938e-06
(15,38): 0.016286760196089746
(15,49): 0.006745321750640869
(15,52): 0.003249259516596794
(15,58): 0.001998597010970116
(16,2): 5.8809295296669006e-05
(16,3): 0.0008971313387155532
(16,4): -3.135479986667633e-05
(16,5): -7.6260045170784e-05
(16,10): 0.0008375287801027298
(16,11): 0.0008106555789709092
(16,17): 0.004717397764325142
(16,31): 0.0004264466091990471
(16,41): 0.00902597937732935
(16,44): 0.0033840439468622208
(16,55): 0.014596286006271839
(16,57): 0.006656269803643227
(17,4): -0.0003688700497150421
(17,10): 3.5421699285507204e-05
(17,11): 0.00030648477375507356
(17,16): 0.0005428673326969147
(17,18): 4.440173506736756e-06
(17,25): -0.0003465903550386429
(17,26): -0.0004277423024177551
(17,27): 0.00016618896275758744
(17,28): -7.01691210269928e-05
(17,29): 0.0004444854706525803
(17,31): 1.9345991313457488e-05
(17,43): 0.007920387461781501
(17,47): 0.007686019316315651
(18,4): 0.0003310217708349228
(18,17): -5.6900791823863985e-05
(18,26): -0.0002451270818710327
(18,27): 3.610268235206604e-05
(18,28): 0.004747192002832889
(18,29): 0.006777746453881264
(18,35): 0.004504861086606979
(18,45): 0.01572168432176113
(18,46): 0.007806975767016411
(18,47): 0.007188963145017624
(18,51): 0.010388319194316865
(19,11): 0.0015135671943426131
(19,13): 0.0006426830589771271
(19,14): 0.00037409741431474684
(19,15): 2.5364384055137634e-06
(19,30): 0.0014678592979907989
(19,48): 0.007865202985703946
(19,49): 0.0042595846205949785
(19,57): 0.005188124179840088
(19,58): 0.0037707602977752686
(19,59): 0.008446731120347977
(20,0): -0.0008639352768659591
(20,1): 0.0003364186733961105
(20,6): -0.001959490180015564
(20,7): 0.003084876723587513
(20,23): 0.0061807151883840564
(20,24): 0.00018417723476886748
(20,35): 0.0022454245015978815
(20,36): 0.008828232064843178
(20,50): 0.0123855160176754
(20,52): 0.0032730469107627867
(20,56): 0.0038014448806643485
(21,2): 4.993598908185959e-05
(21,7): 0.00011080317199230194
(21,8): 6.845071911811829e-06
(21,9): -0.00045574143528938295
(21,22): -8.218809962272644e-05
(21,23): -2.2931471467018127e-05
(21,24): -0.00014391176402568816
(21,44): 0.0007221043854951859
(21,55): 0.0015604951977729797
(21,56): 0.0005980141833424568
(22,2): 8.426818996667862e-05
(22,5): -0.00025555197149515154
(22,7): 6.258860230445862e-05
(22,8): 0.0005418622493743897
(22,9): -0.00026076242327690126
(22,21): 5.119204521179199e-05
(22,23): -0.00016912154853343964
(22,24): 8.113756775856018e-06
(22,36): 0.0005730883032083511
(22,52): 0.002146820053458214
(23,0): -2.208985388278961e-05
(23,1): -0.0036047931760549547
(23,6): 0.005394895449280739
(23,7): 3.70122492313385e-06
(23,8): -9.817324578762055e-05
(23,9): 3.798544406890869e-05
(23,20): -7.242143154144287e-05
(23,21): -0.00017440289258956909
(23,22): 0.00021962754428386688
(23,24): -0.00018150128424167632
(23,36): 0.0032460498064756393
(23,52): 0.00026297487318515777
(23,55): 0.005282311365008354
(24,0): 0.00014195844531059265
(24,1): 0.00015444330871105193
(24,6): -0.0009506268054246903
(24,7): 8.311882615089417e-05
(24,8): -3.429695963859558e-05
(24,20): -0.00010128796100616455
(24,21): -4.073157906532287e-05
(24,22): 0.00023288428783416749
(24,23): 2.7666650712490082e-05
(24,55): -5.357615649700165e-05
(25,10): 0.0001623881608247757
(25,17): 6.464593112468719e-05
(25,26): 8.158817887306213e-05
(25,27): -5.28167188167572e-05
(25,28): 0.00018394753336906433
(25,49): -0.000976823940873146
(25,51): 0.0020955674722790718
(25,54): 0.004160850644111634
(26,4): 3.391779959201813e-05
(26,10): -0.0001266549527645111
(26,11): 0.0013238348811864852
(26,12): 0.004654955472797155
(26,17): -2.418607473373413e-06
(26,18): -7.856383919715881e-05
(26,25): 0.00013949483633041382
(26,27): -0.00016080543398857116
(26,28): -2.7997493743896486e-05
(26,29): 0.0009206641465425491
(26,46): 0.00976690836250782
(26,51): 0.004306784272193909
(26,58): 0.0026797078549861907
(27,10): 0.00011638902127742767
(27,17): -0.00031705506145954135
(27,18): -5.282230675220489e-05
(27,25): 0.0004087890312075615
(27,26): -7.324419915676117e-05
(27,28): -0.0007578753679990768
(27,45): 0.00811897061765194
(27,51): -0.00046528063714504245
(28,10): -1.887999475002289e-05
(28,17): -1.7498508095741273e-05
(28,18): 0.002775338999927044
(28,25): -0.0003871964290738106
(28,26): -0.00013724811375141145
(28,27): -0.00011236146092414856
(28,41): 0.0067731085419654845
(28,52): 0.0006428141519427299
(28,53): 0.00749846562743187
(28,54): 0.007056765109300613
(28,56): 0.003403906598687172
(29,3): -0.002097688689827919
(29,10): 0.0004153842478990555
(29,11): -1.1207498610019683e-05
(29,12): -0.00022854097187519073
(29,13): -9.159527719020843e-05
(29,14): -5.9534981846809384e-05
(29,15): -0.00014294117689132692
(29,17): 0.0006368967890739441
(29,18): 0.0022210032492876054
(29,26): 0.0009040850028395653
(29,30): -5.8970600366592405e-05
(29,31): 2.487350255250931e-05
(29,47): 0.004201039522886276
(30,11): -1.1134445667266846e-05
(30,12): 0.0012457519024610519
(30,14): 0.0008645623177289963
(30,15): 0.0002996291965246201
(30,19): -4.199720919132233e-05
(30,29): 0.00024988822638988495
(31,3): -0.0008624376356601715
(31,4): -0.0005394750088453293
(31,5): 0.0001378028839826584
(31,10): 0.000650610402226448
(31,11): -3.4219026565551756e-06
(31,12): 0.006391081362962723
(31,14): 0.01980343133211136
(31,15): 4.799887537956238e-05
(31,16): -0.0011647903546690942
(31,17): 0.0011154573410749435
(31,29): 3.2860040664672853e-06
(32,0): -9.918950498104095e-05
(32,2): 0.003678366094827652
(33,0): 0.0019793997704982756
(33,1): -0.0005536118149757386
(33,37): -0.00019493162631988525
(33,38): -0.002226407043635845
(33,39): -0.0008629169315099716
(34,5): -2.5172755122184754e-05
(34,40): -0.0004374310374259949
(35,7): 0.008659797795116901
(35,11): 0.0016638982295989991
(35,18): 0.007304873391985893
(35,20): 0.005686088837683201
(36,20): 0.0011080471798777581
(36,22): 0.009872131571173668
(36,23): 0.0004508084803819656
(36,41): -2.549096941947937e-05
(36,57): -1.4077313244342804e-05
(37,6): -0.0013357377797365189
(37,33): -0.0006207556650042533
(37,38): -3.289647400379181e-05
(38,7): 0.0009780886769294739
(38,15): 0.0030158376693725586
(38,33): -0.0007952305302023888
(38,37): 0.00184490866959095
(39,7): 0.0006557872146368027
(39,33): -0.0020784078538417816
(39,55): 0.0003168732672929764
(40,9): 0.0018365342542529105
(40,34): -0.004733509793877602
(41,10): 0.000524681955575943
(41,11): -0.0025068829208612442
(41,16): 0.0025598886609077454
(41,28): 0.0072052738443017005
(41,36): -0.0006398109719157219
(41,57): 3.3858641982078554e-05
(42,11): -0.0040875449776649475
(42,58): 9.281828999519349e-05
(43,12): 0.0007717149704694748
(43,13): 0.005722846835851669
(43,17): 0.005356756448745728
(43,48): 0.008741671666502953
(44,9): 0.009322676658630371
(44,11): 0.0036874280497431757
(44,16): 0.0021747836470603944
(44,21): 0.008091731630265712
(45,18): 0.0002191631868481636
(45,27): 0.00664572898298502
(45,56): 7.534187287092209e-05
(46,18): -0.0010146431624889374
(46,26): 0.0033986257761716844
(47,17): 0.0019291214272379876
(47,18): -0.0004976837709546089
(47,29): 0.0026338811218738554
(48,19): -0.000628129094839096
(48,43): 0.0018922627344727515
(49,8): 0.013924107179045677
(49,15): 0.0040917228534817695
(49,19): 0.0026930290833115577
(49,25): 0.008454123437404632
(50,20): -0.0016571089625358581
(51,18): 0.005474206879734993
(51,25): 0.007436903119087219
(51,26): 0.0010715453326702118
(51,27): 0.007844096273183823
(51,59): 0.00041154421865940093
(52,7): 0.015840880572795868
(52,10): 0.0015805260837078094
(52,15): 0.002396111637353897
(52,20): 0.010132887437939643
(52,22): 0.015115745291113853
(52,23): 0.0033509306609630584
(52,28): 0.003618472404778004
(53,28): 0.0006519536674022675
(53,56): 9.111050516366959e-05
(54,25): 0.0035158338397741316
(54,28): -0.0008248178660869598
(55,16): -0.00046017706394195555
(55,21): 0.001087747886776924
(55,23): 0.009246680103242397
(55,24): 0.011563415974378585
(55,39): 0.00021538645029067993
(56,10): 0.0014552394300699233
(56,11): 0.00401889905333519
(56,20): 0.009689255356788636
(56,21): 0.01462351907044649
(56,28): 0.0023033999651670455
(56,45): -0.00031894110143184664
(56,53): 0.003667030781507492
(57,13): 0.00785400353372097
(57,16): -0.00024593938142061236
(57,19): 0.0020894299447536467
(57,36): 0.0002156423032283783
(57,41): 0.000294266939163208
(58,8): 0.013999475315213204
(58,10): 0.0023666073754429816
(58,15): 0.0021063728630542756
(58,19): 0.001216287910938263
(58,26): 0.0024876560270786284
(58,42): -0.0008029773086309433
(59,10): 0.00031818829476833345
(59,13): 0.00374436154961586
(59,19): 0.0009483199939131736
(59,51): 0.00013088911771774292
