Test set index: 455

Target Class: 1

Target compound: RANDOM

Sum of Shapley Values: -0.006377524226834335

Shapley values:
1.0275840759277343e-06
0.0
0.0
-1.0328888893127441e-05
-3.5762786865234374e-09
0.003664008975028992
-1.0728836059570312e-08
1.1920928955078125e-09
-2.384185791015625e-07
3.669261932373047e-06
-4.410743713378906e-08
-0.0018344831466674805
0.0
-8.52346420288086e-07
-0.007090760543942452
0.009777582120150327
0.0
7.867813110351563e-08
0.0
-4.5299530029296876e-08
2.8008222579956056e-06
-2.6226043701171875e-08
3.5762786865234374e-09
0.0
-2.300739288330078e-07
-0.000170099139213562
4.76837158203125e-09
2.4496912956237794e-05
-7.152557373046875e-09
2.694129943847656e-07
1.9079446792602538e-06
6.563027454831171e-10
2.384185791015625e-09
0.0
-1.1920928955078126e-08
0.0
1.3113021850585938e-08
0.0
0.0
8.952617645263672e-07
2.0212531089782716e-05
0.0011035168170928954
1.1920928955078125e-09
-2.384185791015625e-09
1.3551115989685058e-05
1.2922286987304687e-06
-2.1338462829589844e-07
0.0
-1.1920928955078126e-08
-5.08427619934082e-07
6.276369094848632e-07
-9.5367431640625e-09
1.1920928955078125e-09
-1.2906789779663085e-05
-4.291534423828125e-08
0.0
-0.0033423054218292237
0.0
0.0
-1.1920928955078125e-09
7.641315460205078e-07
1.2707710266113281e-06
-4.76837158203125e-09
-2.384185791015625e-09
0.0
3.014206886291504e-06
0.00035223543643951414
-5.960464477539063e-09
-1.1920928955078125e-09
2.6226043701171875e-08
-1.0728836059570312e-08
1.1920928955078125e-09
-0.008887632992700673
0.0
