Test set index: 652

Target Class: 0

Target compound: TARGET

Sum of Shapley Values: 0.8975348003927882

Shapley values:
-0.012106035357500246
0.008428877980906866
0.002415462797903274
-0.02611938064646189
-0.00634747744919423
0.006987053603606839
0.006421355367668582
0.0016941359770690668
0.0014080396868564548
0.005866304350438351
-0.0105128455809907
-0.005163562002616686
-0.001151135625506754
0.021564929484561582
-0.05037395516574136
-0.0052842939062626515
0.061990000819623
0.0007103677667713037
0.00045112742020776865
0.03467436523383417
-0.027091559262727286
-0.031036025776830976
0.02082381826848632
0.0372432885278104
-0.008512464824100903
0.022870961058015383
-0.013353035830377849
0.021511735608835795
-0.0045389389388719795
0.042009408651378914
0.1405269086576635
-0.03880191150513859
0.11546416915211269
0.070967922958724
0.021495939242126953
-0.0069829850806763715
-0.003226833033849943
0.023868345990687344
0.024019548875130567
0.011139216362891573
-0.0018480580378462718
0.00545370544824646
-0.008040733473440316
0.005747916360395599
0.009865547267846372
0.020824643071380055
-0.006720005444159334
-0.009396627384570297
0.018970811409144517
0.002454996065708448
0.020990954332245675
0.010202290352169144
0.016276695626521124
-0.007983624050970448
0.00260339454653149
0.13585655175392275
-0.02101112222572283
-0.07995381246697311
-0.03648836242249495
-0.0443119369442832
0.04903380068807331
0.04969776130581687
0.05588241821917109
0.018372411353230974
-0.025329648778723297
0.05037035112276044
0.04378670437638249
-0.018355030038958095
0.0790096443274295
0.04014930968369299
0.014542746928523451
0.020095821771991495
0.16612646228367475
-0.09503276785792164
0.004759916069078136
0.0021082195429046003
-0.015382762392449765
-0.0297446258520021

Minimal top-k Set:
Set indices on edge ranking: [72, 30, 55, 32, 68, 33, 16, 62, 65, 61, 60]
Set edge index: tensor([[31, 13, 23, 14, 30, 14,  7, 27, 28, 27, 26],
        [32, 14, 25, 15, 14, 30,  6, 28, 29, 20, 25]], device='cuda:0')
FID+: 0.636658787727356

Pertinent Positive Set:

Pertinent set edge index: tensor([[31],
        [32]], device='cuda:0')
FID-: 0.114773690700531