Test set index: 652

Target Class: 0

Target compound: TARGET

Sum of Shapley Values: 0.9852616573875977

Shapley values:
0.013153568889790312
0.010150486528066764
-0.017507358501554403
0.02208042670001065
-0.02453873970473713
-0.003755785633771693
0.01504178830471518
0.005167661440093546
0.0026519984912653847
0.006013698996775483
-0.008839931014395697
0.0009495368011955333
-0.0015395695827710276
-0.008097938846094287
-0.05237001358378895
-0.0017129782089464474
0.03956226566473682
-0.009080859238270463
0.011692220632613423
0.023343655763123246
-0.030650080495962052
0.0282199807899912
0.015097794065539986
0.0053301783238365085
-0.042033635301551193
0.02433773230992975
-0.022739311018908137
0.01390738232058657
0.0052645089285305
0.029306810745144032
0.05351164651719288
0.09305145783832598
0.1300669445797949
0.15492306386032884
0.02494044674087357
0.03320799912062789
0.011250663367077468
0.029496394813496706
0.09681195886894013
0.039565919420327854
0.014994047361587801
-0.0016471552247617311
-0.0005491172803218554
-0.004272729827507292
0.023098180926358867
0.02742070577233329
-0.0019788718876407683
0.0019520262761443122
-0.0029143232810053916
0.0056178974240590415
-0.006652797315993533
0.007278340700562582
0.009325466239707474
0.0053829226692626705
0.013669960565456808
0.008456968949488197
-0.04341580259347091
0.009197897854929965
-0.0028761950294512433
0.008331687936428998
0.01485508516214408
0.0005941887477069825
0.00629184633213576
0.009213977608079769
0.004769778248700125
0.05364771226121734
0.011384453020471735
0.02521768761906205
0.0023505916649118196
0.028964523476785374
-0.004066037247094945
0.018772199987084962
0.017555424657898718
0.036570231547259295
0.008723473522424254
0.002301771282197754
-0.01688586320722055
-0.02065048722451357

Pertinent Negative Set:
Pertinent set indices on edge ranking: [33, 32, 38, 31, 65]
Pertinent set edge index: tensor([[14, 14, 17, 14, 28],
        [30, 15, 16, 13, 29]], device='cuda:0')
FID+: 0.9983416696777567

Pertinent Positive Set:

Pertinent set edge index: tensor([[14, 14, 17, 14, 28, 13, 17,  7, 32, 15, 16],
        [30, 15, 16, 13, 29, 14, 18,  6, 31, 16, 17]], device='cuda:0')
FID-: 0.004194498062133789
Pertinent Negative Set GNNExplainer:
Pertinent set indices on edge ranking: [74, 67, 39, 51, 9, 69, 25, 35, 30, 34, 37, 28, 26, 7, 6, 44, 32, 40, 63, 11, 3, 29, 75, 24, 68, 23]
Pertinent set edge index: tensor([[33, 29, 17, 22,  4, 30, 11, 15, 13, 15, 16, 12, 11,  3,  3, 19, 14, 17,
         28,  5,  2, 13, 33, 10, 30, 10],
        [ 5, 30, 18, 21,  5, 29, 10, 16, 14, 14, 17, 13, 12,  4,  2, 20, 15, 28,
         17,  6,  1, 12, 34, 11, 14,  9]], device='cuda:0')
FID+: 0.7817644476890564

Pertinent Positive Set GNNExplainer:

Pertinent set edge index: tensor([[33, 29, 17, 22,  4, 30, 11, 15, 13, 15, 16, 12, 11,  3,  3, 19, 14, 17,
         28],
        [ 5, 30, 18, 21,  5, 29, 10, 16, 14, 14, 17, 13, 12,  4,  2, 20, 15, 28,
         17]], device='cuda:0')
FID-: 0.2297171950340271