Test set index: 652

Target Class: 0

Target compound: TARGET

Sum of Shapley Values: 0.8825342262093023

Shapley values:
0.21102616100741958
-0.09352449958193318
-0.10233762129936544
0.30137260687464107
0.0044386513908325044
0.025136311511206485
0.02175875092890692
0.00021168439348258515
-0.0011564186257217556
0.0039538377079588825
-0.005946156073423481
-0.008608571182535094
0.0014560536236942311
-0.001394997623216767
-0.047911424130114746
-0.021514464442260853
0.05337479486094647
0.0017702219785257966
-0.0015065157685008046
0.04870144954647916
-0.05185257152895588
0.0032421225762618634
-0.007724802027331918
0.01949927523607629
-0.017951058882554206
0.08798185164262083
0.015952562386412985
-0.011161824400290782
0.03233612018793679
-0.014050282850708981
0.05430572559446773
0.053993677924408984
0.05198111171715311
0.14560814994910154
0.029717860992294263
0.017778432237935817
-0.010930487053758497
0.014669494942168626
-0.002378262319988831
-0.004029202775135019
0.000997284550086197
0.02236879063245456
-0.0009397490361607197
0.002697072716011917
0.015637150682414357
-0.003026773813337229
0.0010505860848051896
-0.00853036159227031
-0.00048221405134427184
-0.010998997743496304
0.029016524308197
0.012800306778389085
0.023701045816775484
-0.009958884457923887
0.00416927684273479
0.08275420791108373
-0.0462561733208463
-0.07019405746444135
-0.0163504938770717
-0.025924001879666002
0.013648226872792293
0.018397980385034315
0.01994233407928732
-0.007321878133110431
-0.014109763795860318
0.0777745458533559
-0.01425235695442666
-0.0035101731041397334
-0.012811262151267329
0.020433215608998835
0.004771457146517264
0.016870162575255563
0.04564977838946187
-0.033993420300691926
-0.006092038379897389
0.0193860643067468
-0.03772289290069509
-0.02334404101958938

Minimal top-k Set:
Set indices on edge ranking: [3, 0, 33, 25]
Set edge index: tensor([[ 2,  0, 14, 11],
        [ 1,  1, 30, 10]], device='cuda:0')
FID+: 0.9918218925595284

Pertinent Positive Set:

Pertinent set edge index: tensor([[2],
        [1]], device='cuda:0')
FID-: 0.04665100574493408
Minimal top-k Set GNNExplainer:
Set indices on edge ranking: [36, 38, 30, 20, 67, 9, 27, 66, 26, 61, 24, 32, 17, 12, 3, 37, 69, 75, 68, 23, 52, 10, 18, 70, 34, 4, 29, 33, 47, 25, 16, 6, 28]
Set edge index: tensor([[16, 17, 13,  9, 29,  4, 12, 29, 11, 27, 10, 14,  7,  5,  2, 16, 30, 33,
         30, 10, 22,  5,  8, 31, 15,  2, 13, 14, 20, 11,  7,  3, 12],
        [15, 16, 14,  8, 30,  5, 11, 28, 12, 20, 11, 15,  8, 33,  1, 17, 29, 34,
         14,  9, 23,  4,  7,  6, 14,  3, 12, 30, 27, 10,  6,  2, 13]],
       device='cuda:0')
FID+: 0.7516283392906189

Pertinent Positive Set GNNExplainer:

Pertinent set edge index: tensor([[16, 17, 13,  9, 29,  4, 12, 29, 11, 27, 10, 14,  7,  5,  2],
        [15, 16, 14,  8, 30,  5, 11, 28, 12, 20, 11, 15,  8, 33,  1]],
       device='cuda:0')
FID-: 0.27317166328430176