Test set index: 652

Target Class: 0

Target compound: TARGET

Sum of Shapley Values: 0.9950454988054841

Shapley values:
0.014967838474732818
0.020139972547924635
-0.03380002722121065
0.07272527722118304
-0.0286073050685996
0.01219494664771988
0.028402092499072617
0.009059889818481614
-0.011152367868456465
0.006656904725672499
-0.018441126554836648
0.005358629150603056
-0.003884410314790195
-0.0045311836063624475
-0.006748782574237511
-0.03105366916903972
0.029301354008449448
-0.001561080495696272
0.004579098424612459
0.020431863524680956
-0.020712044277077846
0.004257301237660974
-0.021137410445304265
-0.007904517973826939
-0.002236295911227536
-0.0025974051791749575
-0.03827466836330988
0.022233511650875618
8.248271598028683e-05
0.029780747566628435
0.05498826748166
0.08360030303659141
0.18515270401653214
0.23897525639955824
0.03908810821969852
0.014422163049469456
-0.007431569151208383
0.028605833639127366
0.058293959647884995
0.0008634573621017816
0.00341851811527201
-0.007768316684128596
-0.0051758685064620955
0.020270728631043768
-0.004528385601273747
0.0022574302119076346
0.0014143020967107246
-0.0032924985880885484
-0.0024261192983714226
0.002814240197601119
-0.0060701778412284935
-0.0044292107398055305
0.031374014315729434
-0.006591112780742561
0.026960129696502723
0.006197856346705575
-0.0322957685797127
0.006794737846400552
-0.019073789776682386
0.0013483014837306932
0.0010055261990365178
0.0009959926331833094
-0.006874917054326846
0.0018975513053080433
-0.0014219563769980554
0.12567340686624934
0.043185666614629976
-0.004380105240248694
-0.0016396752163433741
0.02361688321078968
0.011199916670696697
0.010093655650810602
0.03098441699934718
-0.027114869616164335
0.01429580032650224
0.04184072925252593
-0.0077423548447504735
-0.015857278012414336

Minimal top-k Set:
Set indices on edge ranking: [33, 32, 65, 31, 3]
Set edge index: tensor([[14, 14, 28, 14,  2],
        [30, 15, 29, 13,  1]], device='cuda:0')
FID+: 0.9933246127329767

Pertinent Positive Set:

Pertinent set edge index: tensor([[14, 14, 28, 14,  2, 17, 13],
        [30, 15, 29, 13,  1, 16, 14]], device='cuda:0')
FID-: 0.0008717179298400879
Minimal top-k Set GNNExplainer:
Set indices on edge ranking: [61, 36, 3, 30, 64, 4, 27, 67, 17, 26, 40, 38, 9, 32, 68, 75, 66, 18]
Set edge index: tensor([[27, 16,  2, 13, 28,  2, 12, 29,  7, 11, 17, 17,  4, 14, 30, 33, 29,  8],
        [20, 15,  1, 14, 27,  3, 11, 30,  8, 12, 28, 16,  5, 15, 14, 34, 28,  7]],
       device='cuda:0')
FID+: 0.5773395597934723

Pertinent Positive Set GNNExplainer:

Pertinent set edge index: tensor([[27, 16,  2, 13, 28,  2, 12, 29,  7, 11, 17, 17,  4, 14, 30, 33, 29,  8,
         22, 30,  2, 11, 14],
        [20, 15,  1, 14, 27,  3, 11, 30,  8, 12, 28, 16,  5, 15, 14, 34, 28,  7,
         23, 29, 34, 10, 30]], device='cuda:0')
FID-: 0.3750554323196411