Test set index: 372

Target Class: 1

Target compound: RANDOM

Sum of Shapley Values: -0.03930701445788145

Shapley values:
-0.006255754232406616
-0.008865122199058533
-0.001239612102508545
-0.0009210453927516937
-0.0011583757400512695
-0.00129763662815094
0.001072743982076645
-0.007923094034194946
0.002858879566192627
-0.0009742361307144165
0.008320766165852547
7.002472877502441e-05
-0.00021891891956329345
-0.001622145175933838
0.0008965463936328888
-0.0003851735591888428
0.0054090356826782225
-0.0077580827474594116
0.00027058601379394533
0.0008448433876037598
-0.003141670376062393
-0.017817252464592457
0.009089208543300628
-0.0031970077753067016
0.00025842726230621336
0.0009520250558853149
-0.020390732586383818
-3.372609615325928e-05
0.01978399872779846
-0.0003233999013900757
0.0006885701417922974
-0.000277213454246521
0.00016129732131958007
-0.013752107620239257
0.00028065681457519533
-0.001156143844127655
0.000207521915435791
-0.0007026943564414978
9.707987308502197e-05
-0.0005783635377883911
0.0012065833806991577
-0.0003596687316894531
-1.2129545211791993e-06
0.0002722996473312378
-0.001288834810256958
-0.00014734923839569093
-0.0005785912275314331
-0.00022026181221008301
0.0018570244312286377
0.0002630603313446045
0.0008315157890319824
0.001814361810684204
0.006500248312950135
2.462267875671387e-06
-0.0007234287261962891
-7.925629615783691e-06
