Interaction name: 6cwn

Affinity: 6.650000095367432
Predicted class: 1
Predicted probability: 0.9918063879013062
Sum of phi edges: 0.2706913560628891

Interaction statistics:

Number of total edges connecting protein pseudo-atoms: 24
Number of total edges connecting ligand pseudo-atoms: 95
Number of total edges connecting protein and ligand pseudo-atoms: 53

Pertinent positive set edge index: tensor([[37],
        [20]], device='cuda:0')

FID- using pertinent positive set: 0.4844774007797241

Number of pertinent positive edges connecting protein pseudo-atoms: 0 (0.0%)
% w.r.t. total number of pertinent positive edges: 0.0%)
Number of pertinent positive edges connecting ligand pseudo-atoms: 0 (0.0%)
% w.r.t. total number of pertinent positive edges: 0.0%)
Number of pertinent positive edges connecting protein and ligand pseudo-atoms: 1 (1.9%)
% w.r.t. total number of pertinent positive edges: 100.0%)

Minimal top k set edge index: tensor([[37, 27, 32, 29, 25, 33,  9, 31, 13, 35, 30, 18, 39, 29, 25, 28, 10, 11,
         27, 25,  4,  6,  6, 24, 12,  8, 39,  2,  3, 13, 21, 36, 11, 15, 41, 16,
         15, 39, 23, 22,  1, 30, 14, 35, 15, 26, 25, 41, 14, 13,  1, 17,  3, 30,
         31, 17, 14, 27,  7, 10, 22,  4,  0,  4, 20, 13,  9,  3, 14, 34,  4, 13,
         26,  8, 14, 25, 19, 23, 18, 38,  5, 32,  6, 21, 19,  1, 14, 15, 26, 14,
         13, 33, 16,  8,  0, 31, 38,  0,  7, 20, 13, 25,  5, 18, 21, 22, 24, 22,
         18, 15,  7, 11,  9, 34, 18, 13, 10, 20, 24, 38,  1, 30, 17, 19, 16,  4,
         15, 12, 30, 23,  3, 26, 40, 19, 24, 32, 14, 16,  4, 15, 16, 20, 10, 38,
         17, 32, 34, 14,  5,  7,  3, 26,  6, 22, 13, 33, 12, 22, 16, 33, 15,  4,
         20, 23,  3,  2,  9,  4, 39, 29, 21, 23,  5, 20, 19, 37,  1,  3, 34, 21,
          2, 16, 30, 12, 16, 19, 18, 37, 17, 14, 16,  3,  6, 26,  0, 19,  5,  3,
         15, 23,  2, 18, 15, 26, 16, 38,  5, 17, 17, 15, 21, 19,  8, 17, 23,  4,
         22,  6, 34, 13,  9, 37,  2, 26,  7,  3,  2,  4, 13, 20,  2,  2, 13, 12,
         13, 13,  2, 13,  1,  4,  0, 17, 11,  2, 17,  7, 13,  4,  6, 15,  4,  8,
         23, 24, 11,  3,  1, 14, 17,  1, 19,  0, 14, 17,  8, 11, 21, 25, 26, 20,
          5,  0,  3,  8,  8, 19, 28,  2,  0,  2, 25,  4,  0,  4, 19, 17,  7, 30,
         16,  7, 12,  0, 39,  5,  5, 24,  1,  2, 11, 30, 26,  6, 20, 17,  5, 16,
         20, 13,  5, 16, 13,  5, 16,  3, 14, 19, 10,  1, 20, 10,  9, 13,  6, 10,
          5, 20,  2,  2, 26,  6,  2,  8, 19, 22,  9,  3, 11,  6,  8,  7, 20,  8,
         29,  2],
        [20,  8, 19, 26,  5, 13,  2, 17,  5, 12, 12, 30, 13,  3,  2, 22,  4, 15,
         22,  3, 25,  7,  5, 22,  8, 27, 12,  9,  5, 15, 23, 15, 10, 11, 39, 20,
         14, 17, 28,  3,  8, 14, 19, 34, 16,  2, 29, 16, 15,  2, 13,  8,  4, 18,
         12, 19, 13, 24,  8,  2, 28, 14,  1, 23, 14, 20, 13, 25, 20, 35,  2, 11,
          5,  1, 34,  4, 16,  2, 31, 18, 25, 33,  2, 22, 13, 26, 16,  5, 29,  4,
         19, 32,  5,  0,  7, 18, 17,  8,  6,  1, 33,  1,  6,  7,  4,  4, 23, 24,
         17,  3, 26, 16,  8, 15, 38,  4, 14, 17, 30, 33,  2, 13, 16, 20, 34,  5,
          2, 39, 16, 21, 21,  1, 15, 32,  4, 37, 30, 19, 22, 13, 14, 19, 11, 32,
         39, 38, 14,  3,  2,  0, 29,  6, 17, 23, 39, 38, 31, 21,  4, 37, 40, 16,
         16,  4,  2,  3, 17, 10, 41,  4,  7, 22,  3, 13, 14, 33, 25, 23, 16,  0,
          5, 11, 22, 30, 15,  9, 39, 38, 38, 11, 41, 26, 26,  0, 21, 17,  4, 24,
         10, 24, 10,  6, 36,  7, 17, 37, 26,  6,  0, 34,  3,  7,  6,  7, 30,  3,
         27,  8, 26,  6,  0, 32, 20,  4, 20, 13,  1, 21, 14, 37, 25, 11,  1, 35,
         30, 10, 23,  3, 21, 26, 25, 18,  2, 26,  9, 19, 17, 24, 18,  4, 13,  7,
          3,  3,  3, 22,  0, 10, 13, 17,  0, 26,  2, 20, 12,  5,  1,  0, 25,  6,
         15, 12, 15,  9, 13,  6, 23,  6, 17,  4, 26, 29,  9, 15,  1, 31, 18, 24,
          2, 21,  0, 19, 18, 16, 10, 27, 19, 13, 14, 23,  3, 13,  2,  1, 13,  6,
          7,  8, 14, 30,  9, 20, 13, 11,  5,  2,  5, 20,  8, 15, 20, 16, 19, 13,
         11,  5, 15, 19, 34, 16, 14, 17,  8, 30, 19, 14, 13, 20, 20, 17,  9, 19,
         25, 16]], device='cuda:0')

FID+ using minimal top-k set: 0

Number of minimal top-k edges connecting protein pseudo-atoms: 18 (75.0%)
% w.r.t. total number of minimal top-k edges: 17.0%)
Number of minimal top-k edges connecting ligand pseudo-atoms: 46 (48.4%)
% w.r.t. total number of minimal top-k edges: 43.4%)
Number of minimal top-k edges connecting protein and ligand pseudo-atoms: 42 (79.2%)
% w.r.t. total number of minimal top-k edges: 39.6%)

Trustworthiness of the explanation: 0.0

Number of relevant edges connecting protein pseudo-atoms: 13 (54.2%)
% w.r.t. total number of relevant edges: 16.2%)
Number of relevant edges connecting ligand pseudo-atoms: 32 (33.7%)
% w.r.t. total number of relevant edges: 40.0%)
Number of relevant edges connecting protein and ligand pseudo-atoms: 35 (66.0%)
% w.r.t. total number of relevant edges: 43.8%)

Shapley values for edges: 

(0,1): 0.003210247755050659
(0,7): 0.00224622368812561
(0,8): 0.002191566824913025
(0,9): -0.002399008870124817
(0,12): -0.0019247901439666747
(0,17): -0.0022538071870803833
(0,19): -0.0028157609701156615
(0,21): 0.00015893518924713133
(0,25): -0.000947604775428772
(0,26): -0.001586235761642456
(1,0): -0.0013900625705718995
(1,2): 0.001525554060935974
(1,8): 0.004642519354820252
(1,13): 0.00403491199016571
(1,17): -0.0014718359708786012
(1,19): -0.0030875492095947268
(1,20): -0.004698454141616821
(1,21): -0.0008885431289672852
(1,25): 0.0005521023273468017
(1,26): 0.002418799996376038
(2,1): -0.000657651424407959
(2,3): 0.0006838804483413697
(2,4): -0.0022868865728378294
(2,5): 0.0004978889226913452
(2,6): -0.002228696942329407
(2,9): 0.005842518210411072
(2,10): 9.584665298461914e-05
(2,11): -0.0007717698812484741
(2,13): -0.0032028436660766603
(2,14): -0.006619709730148316
(2,15): -0.006055336594581604
(2,16): -0.010266612768173217
(2,19): -0.006065691113471985
(2,20): -0.0005402225255966187
(2,23): -0.0008530539274215699
(2,25): -0.0007661348581314087
(2,26): -0.0010036253929138184
(3,2): 0.0006879758834838867
(3,4): 0.003937511444091797
(3,5): 0.005821822285652161
(3,11): -0.004209032654762268
(3,13): -0.0005759316682815552
(3,14): -0.0075019454956054684
(3,15): -0.002003251314163208
(3,21): 0.001318160891532898
(3,22): -0.0013081437349319457
(3,23): 0.0005499929189682007
(3,24): 0.00011866271495819091
(3,25): 0.0029595261812210083
(3,26): 0.00019056499004364014
(3,29): 0.0009973323345184326
(4,2): 0.002905145883560181
(4,3): -0.0003426516056060791
(4,5): 0.0014241915941238404
(4,10): 0.0006629973649978638
(4,13): -0.0010972458124160766
(4,14): 0.003223491311073303
(4,15): -0.0024953502416610717
(4,16): 0.0007371526956558228
(4,21): -0.0007172518968582153
(4,22): 0.0011058837175369264
(4,23): 0.0031934285163879392
(4,24): -0.001069595217704773
(4,25): 0.00662824809551239
(4,26): -0.0008897179365158081
(4,29): -0.0023940610885620117
(5,2): 0.001007310152053833
(5,3): 0.0006004977226257324
(5,4): 0.00013558506965637206
(5,6): 0.0019768828153610227
(5,10): -0.003009289503097534
(5,11): -0.005555371046066284
(5,13): -0.003572874665260315
(5,14): -0.0037729895114898683
(5,15): -0.0019062548875808717
(5,16): -0.0029714971780776976
(5,20): -0.004042690992355347
(5,25): 0.0025965356826782226
(5,26): 2.187490463256836e-06
(6,2): 0.0024978947639465333
(6,5): 0.00644167423248291
(6,7): 0.006585416197776794
(6,8): -0.0003987765312194824
(6,13): -0.0033523237705230715
(6,16): -0.006530730128288269
(6,17): 0.0009426301717758178
(6,18): -0.0010698860883712768
(6,19): -0.0053087520599365235
(6,20): -0.007697667479515075
(6,26): 0.000160752534866333
(7,0): 0.001000065803527832
(7,6): 0.002181462049484253
(7,8): 0.003502069115638733
(7,17): -0.008732764720916749
(7,18): -0.002581899166107178
(7,19): -0.0010545498132705688
(7,20): -0.0005587589740753174
(7,21): -0.00264513373374939
(7,26): 0.0017296808958053589
(8,0): 0.002271677255630493
(8,1): 0.0028188562393188475
(8,6): -0.00020950257778167724
(8,7): -0.001218569278717041
(8,9): -0.002076535224914551
(8,12): -0.0016630798578262328
(8,13): -0.002106233835220337
(8,17): -0.006778867244720459
(8,19): -0.00965017020702362
(8,20): -0.008291423916816712
(8,27): 0.006235396265983581
(9,0): -0.000475272536277771
(9,2): 0.009386302828788757
(9,8): 0.0016781502962112426
(9,13): 0.003000156283378601
(9,17): 0.0006633299589157104
(9,19): -0.007253265380859375
(9,20): -0.005072530508041382
(10,2): 0.003493276834487915
(10,4): 0.00726298451423645
(10,5): -0.004675895571708679
(10,11): 0.0010542154312133789
(10,13): -0.005424924492835999
(10,14): 0.0016268473863601685
(10,15): -0.005059213042259216
(11,2): -0.0009937715530395509
(11,3): -0.001278369426727295
(11,5): -0.001671539545059204
(11,10): 0.005522664785385132
(11,13): -0.007572675943374634
(11,14): -0.003237578272819519
(11,15): 0.006871340870857239
(11,16): 0.0017189991474151612
(12,0): -0.00276506245136261
(12,8): 0.006257063746452332
(12,30): 0.00046985745429992674
(12,31): 0.0008278477191925049
(12,35): -0.0007931238412857056
(12,39): 0.0013816380500793458
(13,1): -0.0007838737964630127
(13,2): 0.004107117056846619
(13,3): -0.0008657616376876831
(13,4): 0.0016421550512313843
(13,5): 0.008849380016326904
(13,6): -0.00042076170444488526
(13,8): -0.0037707453966140747
(13,9): -0.004035974144935608
(13,10): -0.0008482533693313599
(13,11): 0.0028570234775543214
(13,14): -0.000728151798248291
(13,15): 0.005692175030708313
(13,16): -0.005288234353065491
(13,17): -0.0010588294267654418
(13,19): 0.0022956502437591554
(13,20): 0.003022980093955994
(13,30): -0.0008272337913513184
(13,33): 0.0021383094787597655
(13,39): 0.0008943438529968262
(14,2): -0.001593109369277954
(14,3): 0.0010092562437057494
(14,4): 0.0023291206359863283
(14,5): -0.004276036620140076
(14,10): -0.0014121633768081664
(14,11): 0.00023723065853118897
(14,13): 0.0037036794424057007
(14,15): 0.004198634624481201
(14,16): 0.0024094927310943605
(14,19): 0.0045549249649047855
(14,20): 0.0029576295614242554
(14,30): 0.001129325032234192
(14,34): 0.002772979736328125
(15,2): 0.00140356183052063
(15,3): 0.0017764002084732055
(15,4): -0.0010954827070236207
(15,5): 0.0024057841300964356
(15,10): 0.00011229872703552246
(15,11): 0.005309226512908935
(15,13): 0.0010979121923446655
(15,14): 0.0050277990102767945
(15,16): 0.004303503632545471
(15,34): -0.0001282322406768799
(15,36): 8.613407611846923e-05
(15,40): 0.0007419991493225098
(16,2): -0.0026227492094039917
(16,4): 0.0008143377304077148
(16,5): 0.0022737473249435426
(16,6): -0.0036368614435195925
(16,11): 0.00047466158866882324
(16,13): -0.004167128801345826
(16,14): 0.001082998514175415
(16,15): 0.00046077609062194824
(16,17): 2.6552677154541017e-05
(16,19): 0.0011109477281570435
(16,20): 0.005129128694534302
(16,30): -0.003816470503807068
(16,34): 0.001439732313156128
(16,41): 0.00021603822708129883
(17,0): -9.452223777770996e-05
(17,1): -0.00342434823513031
(17,6): -4.830360412597657e-06
(17,7): -0.00024272799491882325
(17,8): 0.003999667763710022
(17,9): -0.0010239970684051513
(17,13): -0.0014622420072555541
(17,16): 0.0014903414249420165
(17,18): -0.000987594723701477
(17,19): 0.0038342028856277466
(17,20): -0.0016520506143569947
(17,31): -0.002578154802322388
(17,38): 0.0003172934055328369
(17,39): 0.0010423457622528076
(18,6): 9.394049644470215e-05
(18,7): 0.001949668526649475
(18,17): 0.0017897093296051025
(18,30): 0.008479511737823487
(18,31): 0.0026645123958587646
(18,38): 0.001654459834098816
(18,39): 0.00037380337715148926
(19,0): -0.0014766502380371095
(19,1): -0.002545387148857117
(19,2): -0.004514145255088806
(19,6): -0.002159695029258728
(19,7): -0.00020403563976287842
(19,8): -0.006882871389389038
(19,9): 0.00037506163120269774
(19,13): 0.0024507486820220946
(19,14): 0.0005821084976196289
(19,16): 0.002726115584373474
(19,17): 0.0001400876045227051
(19,20): 0.0014849358797073364
(19,32): 0.0012064045667648316
(20,1): 0.002155459523200989
(20,2): -0.003386715650558472
(20,5): -0.0055567437410354616
(20,6): -0.0017281794548034668
(20,7): -0.0037541770935058593
(20,8): -0.004742043614387512
(20,9): -0.008958810567855835
(20,13): 0.0005846977233886719
(20,14): 0.003074454665184021
(20,16): 0.0007320994138717651
(20,17): 0.0016014742851257324
(20,19): 0.0010718929767608643
(20,37): -0.0007598042488098144
(21,0): 0.0005429357290267945
(21,1): -0.001682623028755188
(21,3): -0.00018663406372070311
(21,4): 0.0018691438436508178
(21,7): 0.0006309622526168824
(21,22): 0.002484532594680786
(21,23): 0.0056276249885559085
(22,3): 0.0047927767038345335
(22,4): 0.0018389695882797242
(22,21): 0.0008203637599945068
(22,23): 0.0009001648426055908
(22,24): 0.0018063890933990479
(22,27): -0.00036556243896484374
(22,28): 0.003269338011741638
(22,30): -0.0070412451028823856
(23,2): 0.0027172482013702393
(23,3): -0.0012316524982452393
(23,4): 0.0007144778966903687
(23,21): 0.0013344299793243408
(23,22): 0.0006265705823898316
(23,24): 0.00010994195938110351
(23,28): 0.004917987585067749
(23,30): -0.000291483998298645
(24,3): -0.0012529993057250977
(24,4): 0.0011574494838714599
(24,22): 0.006308915019035339
(24,23): 0.001827791929244995
(24,27): -0.0030750298500061037
(24,30): 0.001582246422767639
(25,0): -0.001712072491645813
(25,1): 0.0020321863889694214
(25,2): 0.007909114956855774
(25,3): 0.00667288601398468
(25,4): 0.0027603858709335325
(25,5): 0.013108786940574647
(25,26): -0.0023891741037368776
(25,29): 0.004248442649841308
(26,0): 0.00016004204750061035
(26,1): 0.0012590086460113525
(26,2): 0.004297046661376953
(26,3): -0.003275376558303833
(26,4): -0.0005522119998931885
(26,5): 0.0028248852491378784
(26,6): 0.0009681719541549682
(26,7): 7.803261280059815e-05
(26,25): -0.0017265832424163817
(26,29): 0.0023419475555419922
(26,34): -0.00639598548412323
(27,8): 0.03266642391681671
(27,22): 0.0067393314838409425
(27,24): 0.0035240358114242555
(28,22): 0.007641086578369141
(28,23): -0.002198801040649414
(29,3): 0.008134409189224243
(29,4): 0.0006330448389053344
(29,25): -0.010000125169754029
(29,26): 0.01820926904678345
(30,12): 0.008520304560661315
(30,13): 0.0015115135908126832
(30,14): 0.004630370140075684
(30,16): 0.0013529711961746216
(30,18): 0.003931769132614136
(30,22): 0.0004715526103973389
(30,23): -0.0032592952251434327
(30,24): -0.002598303556442261
(31,12): 0.0038639217615127563
(31,17): 0.00919289767742157
(31,18): 0.0022437012195587157
(32,19): 0.02869326710700989
(32,33): 0.0025350719690322874
(32,37): 0.0011315113306045533
(32,38): 0.0010356223583221436
(33,13): 0.011625343561172485
(33,32): 0.0022883546352386475
(33,37): 0.0007456642389297485
(33,38): 0.0008340710401535034
(34,14): 0.0010316586494445801
(34,15): 0.0016606581211090089
(34,16): 0.0005465126037597656
(34,26): -0.00040072202682495117
(34,35): 0.0029267394542694092
(35,12): 0.008815388679504394
(35,34): 0.004412224888801575
(36,15): 0.005565019845962524
(37,20): 0.03876171767711639
(37,32): -0.0004768043756484985
(37,33): 0.0005685228109359741
(37,38): 0.0003425967693328857
(38,17): 0.0021995633840560915
(38,18): 0.00261641263961792
(38,32): 0.001051742434501648
(38,33): 0.0015652096271514893
(38,37): 5.127191543579101e-06
(39,12): 0.005959786772727967
(39,13): 0.008285887837409973
(39,17): 0.004978739619255066
(39,18): -0.002913233041763306
(39,41): 0.0006485426425933838
(40,15): 0.0012119144201278686
(41,16): 0.004206132888793945
(41,39): 0.005157850980758667
