Test set index: 582

Target Class: 0

Target compound: TARGET

Sum of Shapley Values: 1.1733129255134604

Shapley values:
-0.03105184888686273
0.03703467716523913
0.025498523316765272
-0.011946723437013147
0.030984269881831436
0.014138844785407919
0.014471020720785458
0.0031670980539024946
0.014811806020668
0.0716819720458819
-0.005232009187613906
0.19195623739351542
0.004370673812905355
-0.02507193963715209
0.10361778409110149
0.00802131128427543
0.04766103147176207
0.1236475127764725
0.11418571677441265
0.01841094636050479
0.029606875640148127
-0.0019084963539890876
-0.009483001219604848
0.05134317132680333
0.005392253724335917
0.08670452694284808
-0.005226870743043437
0.02227897782236175
0.014862761888501642
0.019166639955237326
-8.0537485397114e-05
-0.0005342357058450035
-0.010390083130855004
0.0057400918247882205
0.038684274896316755
0.010234756013313289
-0.0033862185617643697
0.00150254868808714
-0.007663721464009406
0.002846061345689315
-0.0017434526634332876
0.004050845354554654
0.0009311095105781651
0.010563494711418835
0.028430417954446504
0.002985419204166231
0.02736849648021038
0.06424705201175027
-0.0011027307648017789
-0.004193388043397307
0.0007473820588235809
-0.002724955376792384
-0.000521661282027006
0.0020200397563472834
-0.0035304800436251997
-0.00021136949149192384
-0.0024685673828667484
-0.0009019368868410985
-0.0032128145197137126
0.014554840690226311
0.012432953297346394
0.007838740672665226
0.005944829147033656
0.0010747282661844298
0.004242801561615383
-0.004050315599934425
0.0014080555561078187
0.0014190957455693651
-0.0072503918582349
0.0028231514371039666
0.0022364023906162604
-0.0018484700107213512
0.002673564887662812
-0.0027933000038287137
0.006347825700548305
0.01052741021212484
-0.001650615997758225
-0.003397961378884082

Pertinent Negative Set:
Pertinent set indices on edge ranking: [11, 17, 18]
Pertinent set edge index: tensor([[ 5,  8,  8],
        [ 6,  9, 21]], device='cuda:0')
FID+: 0.9786884132772684

Pertinent Positive Set:

Pertinent set edge index: tensor([[ 5,  8,  8,  7, 11,  4, 22, 11,  8, 15,  1,  2,  9, 20, 21,  1, 12, 13,
          9],
        [ 6,  9, 21,  5, 20,  5,  1, 10,  7, 16,  0,  1, 10, 21, 20,  2, 13, 12,
          8]], device='cuda:0')
FID-: 1.1801719665527344e-05
Pertinent Negative Set GNNExplainer:
Pertinent set indices on edge ranking: [74, 12, 15, 54, 6, 55, 59, 10, 56, 75, 9, 24, 7, 16, 67, 21, 58, 13, 65, 17, 20]
Pertinent set edge index: tensor([[33,  5,  7, 25,  3, 25, 26,  5, 25, 34,  4, 11,  3,  8, 30, 10, 26,  6,
         29,  8,  9],
        [34,  7,  8, 24,  2, 26, 28,  4, 34, 25,  5, 12,  4,  7, 29,  9, 27,  5,
         30,  9, 10]], device='cuda:0')
FID+: 0.9795812498778105

Pertinent Positive Set GNNExplainer:

Pertinent set edge index: tensor([[33,  5,  7, 25,  3, 25, 26,  5, 25, 34,  4, 11,  3,  8, 30, 10, 26,  6,
         29,  8,  9, 14, 20, 28, 34, 28, 15, 11, 11, 26, 23, 21, 22, 24,  7, 21,
         23, 27,  5],
        [34,  7,  8, 24,  2, 26, 28,  4, 34, 25,  5, 12,  4,  7, 29,  9, 27,  5,
         30,  9, 10, 15, 21, 29, 33, 26, 16, 20, 10, 25, 24, 20,  1, 25,  5,  8,
         22, 22,  6]], device='cuda:0')
FID-: 0.12517917156219482