Test set index: 582

Target Class: 0

Target compound: TARGET

Sum of Shapley Values: 1.066396007693801

Shapley values:
-0.028226609545437934
0.06673867419620602
0.04457169041456679
-0.019187754041826516
0.01922492827017251
-0.1536956217645965
0.05096444453512649
-0.006014984608263856
0.03359091129498175
0.08443639147257435
-0.042482251161213805
0.26539574452964226
-0.05349261446511863
-0.06026204262674651
0.06422411175456727
-0.019199730825185283
0.06730303178972011
0.07001545782141719
0.08478109915142902
0.006914375635908414
0.03383953716033097
0.013091549080029394
0.027365308430750263
0.0984181339942277
0.0019927353239162044
0.09901323095566117
-0.011227249650736208
-0.0029997466812244876
0.02235193153818791
0.02590931596378678
0.0013724607402717498
-0.00038359534961927025
0.0009913942841011845
-0.0019166033001920568
0.040112766022928514
-0.007980576901726495
0.04383121338609363
0.006709533036050447
-0.01603358750720982
-0.012339604039567005
-0.0015472596279702106
0.03849381980753046
-0.017149396016306093
0.029633326233192737
0.0010760228370261151
0.01587255559883249
0.016030160234112075
0.0491163180954468
-0.005669242732550314
-0.0010715832559500139
0.015374068273843067
-0.0019558412130489707
0.0020534541417130806
0.005393060713044026
-0.003620822497562612
0.0030055756767255874
-0.0009673232927831063
-0.0025816696505231644
-0.000258728964317065
0.02721331181214566
0.009233736015041133
0.001268327186025383
-0.0019743011883149256
-0.0028472996255034084
0.031051165256604764
-0.005216077647064003
0.00018300388430177232
0.01980614858390219
0.0003160748356767465
-0.0003410008153897143
0.001245156859483021
-0.002537056044533623
-0.000565821180286223
-0.0010505239709873466
0.006871530943435327
0.0026786784245545303
0.0031928957214091714
-0.0010758340311382883

Minimal top-k Set:
Set indices on edge ranking: [11, 25]
Set edge index: tensor([[ 5, 11],
        [ 6, 20]], device='cuda:0')
FID+: 0.5239699482917786

Pertinent Positive Set:

Pertinent set edge index: tensor([[ 5, 11, 11,  8,  4,  8,  8,  1,  7,  3],
        [ 6, 20, 10, 21,  5,  9,  7,  0,  5,  2]], device='cuda:0')
FID-: 0.3291333317756653