Test set index: 582

Target Class: 0

Target compound: TARGET

Sum of Shapley Values: 0.9490213351875376

Shapley values:
-0.08051066658470236
0.09442604418255093
-0.025178281523804885
-0.039716657378631594
0.028768582146296896
-0.053260298928504174
0.032736056998428575
0.01877669364082245
-0.014804141084621294
0.05465238769237415
-0.041453448108545114
-0.015651978820690013
-0.043178107282738944
0.016821472100923763
0.08744812633296366
0.033358123736276696
0.08632987810789321
0.16672062186390627
0.10628007331968246
-0.009502016095038698
0.09051100327803795
0.01576760378886682
0.020979973052044607
0.16836694743098235
-0.0162756527805852
0.05029658893765394
-0.0056918300653218835
-0.013468162876055203
0.008213186421956254
0.02137936609860566
-0.003701013250064129
0.0010783212248023132
0.00035043885959836987
-0.0003713304588600423
0.023192246030737294
-0.008798769223301757
0.018548217863841684
0.013396469543499165
-0.013549200451495196
0.0001315352269301595
-0.01213436599995351
0.01857898444768136
-0.025862866155497696
0.06715275179495206
0.00042902489477560926
0.025699651240217194
0.01940240096267159
0.06148226249630321
-0.003560550229899413
-0.006698347782660044
0.024353200070002645
-0.002238150979304874
0.0023760621976943643
-0.004221638128390765
0.002140032120818951
0.0005640083647430938
-0.007603039568009491
-0.0012816320252150761
0.0015598905106009653
-0.0004980450278012683
0.019384080744677415
0.004550424577666021
0.006147696170795638
-0.009008625738219594
0.021356636411274072
-0.028692143721158084
0.003286864081567842
0.030920468907827847
0.006262768304798717
-0.0055073949870196115
0.00968759224429631
-0.030606763636481772
0.005122472150872864
-0.012977757327717354
-5.452568243525524e-06
0.003684809236862545
-0.00875339537832137
0.0011110195436154413

Minimal top-k Set:
Set indices on edge ranking: [23, 17, 18]
Set edge index: tensor([[11,  8,  8],
        [10,  9, 21]], device='cuda:0')
FID+: 0.8205999135971069

Pertinent Positive Set:

Pertinent set edge index: tensor([[11,  8,  8,  1,  9,  7,  8, 20, 22],
        [10,  9, 21,  0, 10,  5,  7, 11,  1]], device='cuda:0')
FID-: 0.06454682350158691
Minimal top-k Set GNNExplainer:
Set indices on edge ranking: [8, 7, 46, 44, 56, 20, 43, 14, 28, 9, 45, 57]
Set edge index: tensor([[ 4,  3, 21, 20, 25,  9, 20,  7, 12,  4, 21, 26],
        [ 3,  4, 20, 21, 34, 10, 11,  5, 18,  5,  8, 25]], device='cuda:0')
FID+: 0.6419059932231903

Pertinent Positive Set GNNExplainer:

Pertinent set edge index: tensor([[ 4,  3, 21, 20, 25,  9, 20,  7, 12,  4, 21, 26, 10, 25, 34, 25, 16, 34,
         11, 10, 16,  3, 27, 29, 12, 34, 18, 22,  9, 18, 26,  8,  8, 13, 18, 23,
         14, 22],
        [ 3,  4, 20, 21, 34, 10, 11,  5, 18,  5,  8, 25,  9, 24, 25, 26, 18, 33,
         20, 11, 15,  2, 22, 34, 13, 29, 12, 27,  8, 16, 27, 21,  7, 14, 19, 22,
         15,  1]], device='cuda:0')
FID-: 0.21229082345962524