Test set index: 582

Target Class: 0

Target compound: TARGET

Sum of Shapley Values: 1.0232169865724765

Shapley values:
-0.030449677252479983
0.04699048266596813
0.04389863788911391
-0.035326666449037786
-0.0009708119279078953
-0.06196717357608323
0.06469960730984439
-0.0011835654971203411
0.01439837670089738
0.08283458294885727
-0.017162839247544123
0.16267706813442775
-0.008398977006115282
-0.09457021325462397
0.054940504388903015
0.021782523738031422
0.07650884883415944
0.16759387623505018
0.14409465866474228
0.02206191146326224
-0.0006526451154417923
0.032670837693864106
0.009368271996142416
0.101595372266103
0.005220898944049579
0.047197293795574635
-0.0332432063810348
0.0133665246295103
-0.004071239577418167
-0.014882761887817708
-0.0013497529539531733
0.0008447579690588975
-0.005341062404250921
0.006158446442004632
-0.0069773417973347275
0.011031493007016033
-0.0025313499531221385
0.0007204642066123063
0.012367329288775472
-0.005438681315802627
-0.0039419671206723204
-0.0011468290091763732
0.00022467292869730025
0.027360361515941
0.024983351505640253
0.061525965449070075
0.005351620944060181
0.053421552306623404
-0.01839839981719829
-0.02137128945259846
0.043119730928626684
-0.0013320305816799446
0.0035723054116740412
0.008264518761102185
-0.0039774361959222905
0.009130063135019323
-0.009305380070205786
-0.002815211944299078
-0.008133689594712265
0.009708837862744067
0.015621967095229658
0.012183600345792361
-0.002497943640458224
0.00186078457253249
0.020518420615432475
-0.027542694124977535
-0.00910734570407781
0.011689929420005431
-0.011663001974398356
0.0141667149919737
0.0032805561237089255
0.0016647415519498122
0.003962851715041994
-0.010221105693481294
0.017718493912607335
0.002806966123955022
0.008214438635527456
-0.024185937971500787

Minimal top-k Set:
Set indices on edge ranking: [17, 11, 18, 23]
Set edge index: tensor([[ 8,  5,  8, 11],
        [ 9,  6, 21, 10]], device='cuda:0')
FID+: 0.9758477210998535

Pertinent Positive Set:

Pertinent set edge index: tensor([[ 8,  5,  8, 11,  4],
        [ 9,  6, 21, 10,  5]], device='cuda:0')
FID-: 0.12646472454071045
Minimal top-k Set GNNExplainer:
Set indices on edge ranking: [46, 67, 52, 40, 8, 74, 43, 20, 45, 44, 7, 50, 6, 72, 73, 28, 14, 9, 25]
Set edge index: tensor([[21, 30, 24, 18,  4, 33, 20,  9, 21, 20,  3, 23,  3, 32, 33, 12,  7,  4,
         11],
        [20, 29, 23, 16,  3, 34, 11, 10,  8, 21,  4, 22,  2, 33, 32, 18,  5,  5,
         20]], device='cuda:0')
FID+: 0.7585078626871109

Pertinent Positive Set GNNExplainer:

Pertinent set edge index: tensor([[21, 30, 24, 18,  4, 33, 20,  9, 21, 20,  3, 23,  3, 32, 33, 12,  7,  4,
         11],
        [20, 29, 23, 16,  3, 34, 11, 10,  8, 21,  4, 22,  2, 33, 32, 18,  5,  5,
         20]], device='cuda:0')
FID-: 0.25676512718200684