Test set index: 15

Target Class: 1

Target compound: RANDOM

Sum of Shapley Values: 0.01561988552273645

Shapley values:
-0.0005891675571911037
0.0010131299495697021
0.02834391877055168
-0.006718367101426565
-0.002299623265862465
-0.003626708984375
0.015733100371435285
-9.79781150817871e-05
0.00010257244110107423
-0.002148957848548889
-0.0038034039735794067
0.0005585873126983643
0.00020424574613571168
0.003575248378328979
-0.008030725782155058
-0.0008046229183673859
0.0009105990454554558
0.00017135262489318849
0.00016197972930967808
0.001036585606634617
-0.004372092485427856
-0.012526687356826187
0.00015187360346317292
-0.005038243867456913
0.0030137866735458372
-0.0012465064320713282
-0.0046598682459443805
-0.00363237701356411
-0.001166226863861084
-0.037266041450202465
-0.0006780999898910522
0.011133657023801789
-0.0038089197874069214
0.0018221288919448853
0.0012628569590924599
0.0009687900543212891
0.0003474283218383789
0.00026422441005706786
-0.002938988208770752
0.0014253997802734376
-0.0066055764257907865
0.0015755414962768555
0.029233012094628065
0.002614756226539612
0.0036127232667058705
0.0002396252955077216
-0.0002928715944290161
-0.0002060547878500074
-0.0004537850618362427
2.0368099212646486e-05
-0.00014411449432373048
-0.00012378692626953126
-0.0034325554966926574
0.003842731872573495
-0.002418116331100464
7.360756397247315e-05
9.644709920394235e-05
-0.008217067718505859
-0.011179812755435704
-0.0005824720859527588
0.01790969081223011
0.00897329570929287
0.002546245604753494
-4.520192742347717e-05
-4.48790192604065e-05
0.000691642016172409
-0.0010178998671472072
-0.0015528976917266845
0.0003624528646469116
0.0028548305411823095
0.0012761691212654113
0.0033802792429924013
-0.00013848304748535157
0.0033180563524365424
0.002380321742966771
-8.194327354431152e-05
8.607100317931327e-05
0.0007321419613435864
-0.0003961181640625
0.0018046849966049194
0.0012446340918540954
-0.0030636653304100037

sum log odds phi: -3.049449910745024

log odds phi:

[-0.05651070654392242, 0.2262532329559326, 1.7119182062149048, -0.395337718129158, -0.663118177652359, -0.2724428528547287, 0.9135571593046188, 0.07033637762069703, 0.04822963200509548, -0.24061144888401031, -0.3561723244190216, 0.399878066778183, 0.25108048915863035, 0.43717432141304013, -0.38692670583724975, -0.2404012268781662, 0.25472724735736846, 0.09707790911197663, 0.18149872601032258, -0.23356381468474866, -0.3058501870930195, -0.7421943755447864, 0.24008672416210175, -1.1260473820567132, 0.44593462958931923, 0.10461472928524017, -0.6259743726253509, -0.7767416161298751, 0.2124510097503662, -3.362072114944458, 0.15696463525295257, 2.115247901678085, -1.6332357010245324, 1.0289291863143444, -0.18413820065557956, 0.26570517346262934, 0.39668139815330505, -0.27457859814167024, 0.07968929156661034, 0.28944732844829557, -0.9271124333143235, -0.17067233145236968, 1.2174767024815083, 1.075631916821003, 1.0468041430413724, 0.5231658101081849, -0.678803408369422, -0.15891926050186156, -0.3120772904157639, 0.0865150785446167, -0.1685216847062111, 0.10603818461298943, -0.7583937293291092, 0.5033574885129929, -0.07039599716663361, 0.34604888677597045, -0.22723354816436767, -2.259783271998167, -1.4988950582593679, -1.0491498532891272, 0.8139366161823273, 0.4931703531742096, 1.031868422627449, 0.5390601527690887, -1.4054866863787174, 0.10673673316836357, -0.2645221468806267, -0.1158456002175808, -0.09884191274642945, 0.12383591115474701, 0.02811352252960205, 0.4311195158958435, -0.2903712570667267, 0.7516658142209053, 0.24390039026737212, -0.7016870367527008, 0.014405462741851807, 0.021270553469657897, -0.07190410315990448, 0.45796660006046297, 0.1482864524424076, 0.017226136326789855] 
