Test set index: 687

Target Class: 1

Target compound: RANDOM

Sum of Shapley Values: -0.002782863378524777

Shapley values:
0.0004947847127914429
-0.00047066330909729004
0.001686936616897583
-0.0002684563398361206
-9.712576866149902e-06
0.00033885359764099124
-0.00019473791122436523
-0.00013589799404144286
0.0003633028268814087
-1.8067359924316407e-05
-0.004347801804542541
-0.0008110284805297851
0.0018344032764434815
-0.0002941936254501343
0.00012723088264465332
3.30585241317749e-05
6.685078144073486e-05
-0.0006890898942947388
2.3559331893920898e-05
-0.0002031177282333374
-2.934873104095459e-05
0.00025420188903808595
5.72282075881958e-05
0.00032153666019439696
-6.84952735900879e-05
-0.00021676242351531983
0.0001250147819519043
4.4389963150024415e-05
-0.00018700003623962403
-2.128899097442627e-05
-7.28386640548706e-05
-0.00016298174858093262
6.742179393768311e-05
-7.416248321533203e-05
-3.0033588409423828e-05
-0.0008004903793334961
-0.002186959981918335
1.9905567169189452e-05
2.758443355560303e-05
-6.558060646057129e-05
-7.34633207321167e-05
4.8166513442993165e-06
-4.6233534812927244e-05
-5.5243372917175295e-05
2.79921293258667e-05
0.0002682274580001831
0.0032200706005096435
1.0492801666259765e-05
8.115887641906738e-05
2.210080623626709e-05
0.0001714026927947998
-2.8699040412902833e-05
-0.0003179478645324707
-2.6023387908935548e-05
-0.0009652304649353027
6.385624408721923e-05
-0.0004041159152984619
0.0007364213466644287
