Test set index: 716

Target Class: 0

Target compound: TARGET

Sum of Shapley Values: 1.005528450540959

Shapley values:
-0.0114669953599177
-0.001398026627600078
0.1264888076498276
0.2566168035417096
-0.002598313490578279
-0.08378780705144016
-0.09245604931377915
0.015871116716241553
-0.00921947351294552
0.045136801575183495
0.0685772497292754
0.007721570045106292
-0.0050818238910925115
0.024991886781713997
0.009737049600217684
-0.004358190604566021
0.0644523280959542
-0.013032409436282342
0.005193680717721682
0.015667637993824323
-0.02830589246304015
0.025561493883504625
0.01858586285256275
0.14254259630370053
0.12932327297128335
0.08470609069604912
0.027522136743197617
0.027159362955929908
-0.010337020831628647
0.023681251643474236
-0.00802697689218332
0.013002233665507533
-0.0217375727007612
0.0061228230667235125
-0.0015859730512561754
-0.004086864398318896
0.006194659322874872
0.0814922767180907
-0.026242765232395767
-0.013835736651651291
0.05411594082659285
-0.004652872297144377
-0.0008056647603659961
0.010041144180638355
-0.011940325514374593
0.0033178914703171003
-0.0038017618837463373
-0.0003948749014444397
0.0039048185406291088
-0.004827729478317957
0.0038882797501384337
0.0054633488154508456
0.003204482967248934
-0.002818478289027131
0.042865791544899244
-0.029604371669984583
0.006515842022391425
0.03227503158655402
0.0018245808935094488
0.00033619578368539573
0.009405514738075877
-0.001575435545003927

Minimal top-k Set:
Set indices on edge ranking: [3, 23, 24]
Set edge index: tensor([[ 1, 11, 11],
        [ 3, 10, 12]], device='cuda:0')
FID+: 0.9025999307632446

Pertinent Positive Set:

Pertinent set edge index: tensor([[ 1, 11, 11,  1, 11, 16],
        [ 3, 10, 12,  2, 25, 17]], device='cuda:0')
FID-: 0.4727415442466736
Minimal top-k Set GNNExplainer:
Set indices on edge ranking: [60, 41, 29, 58, 43, 53, 61, 27, 35, 13, 28, 16, 17, 15, 19, 20, 14, 55, 11, 21, 54, 9, 24, 52, 12, 57]
Set edge index: tensor([[27, 18, 13, 26, 19, 23, 27, 12, 15,  6, 13,  8,  8,  7,  9,  9,  7, 24,
          5, 10, 24,  5, 11, 23,  6, 25],
        [ 5, 19, 14,  8, 18, 22, 26, 13, 23,  7, 12,  7,  9,  8,  8, 10,  6, 25,
         27,  9, 14,  4, 12, 18,  5, 24]], device='cuda:0')
FID+: 0.5762733519077301

Pertinent Positive Set GNNExplainer:

Pertinent set edge index: tensor([[27, 18, 13, 26, 19, 23, 27, 12, 15,  6, 13,  8,  8,  7,  9,  9,  7, 24,
          5, 10, 24,  5, 11, 23,  6, 25, 26, 11, 10],
        [ 5, 19, 14,  8, 18, 22, 26, 13, 23,  7, 12,  7,  9,  8,  8, 10,  6, 25,
         27,  9, 14,  4, 12, 18,  5, 24, 27, 25, 11]], device='cuda:0')
FID-: 0.33218586444854736