Test set index: 716

Target Class: 0

Target compound: TARGET

Sum of Shapley Values: 0.9999946149240397

Shapley values:
-0.030464291396911
0.029020153628033216
-0.008069566979769684
0.02434433083952681
0.013412463266144266
0.016386947547766283
-0.01336173392253777
-0.03662821475835494
-0.0261077450093403
0.14995901168775788
0.05102170839185041
0.026973903728629515
0.014627181837396202
0.018163287122173112
-0.00046260561479905335
-0.021266297180721302
0.10410681973148105
-0.007457111585775354
0.027122348048336638
-0.01553201094298201
-0.012822304452970796
0.06865782111789598
0.060833920333343325
0.06275879089226097
0.22390183515389153
0.10731921319776687
-0.003599179621616231
0.060430850050269554
0.00472672442759334
0.0008955819997944043
0.009057286701403641
0.012711054341558732
-0.0013197602055607172
0.014016595947491243
-0.006238955304044852
-0.0020299758940362667
-0.00031060274521595437
0.031718255274529344
-0.021765948487159684
-0.007897066305103577
0.017804052057341625
-0.01078874663561032
0.003611265218756032
0.03482251708069612
-0.00399673796589321
0.008363810093600113
0.0021625001270083066
-0.007993046342106404
0.0031148187838923474
-0.004960813889729428
0.018172401365267554
-0.007490336846706369
0.006982484618964857
-0.0054863479097105265
-0.0027365650367603494
-0.05661156557591687
0.03408449412860541
0.014022153952681525
0.005188957868751324
0.008613679405905296
0.01425421968232762
0.012028705882680435

Minimal top-k Set:
Set indices on edge ranking: [24, 9, 25, 16]
Set edge index: tensor([[11,  5, 11,  8],
        [12,  4, 25,  7]], device='cuda:0')
FID+: 0.9990152093814686

Pertinent Positive Set:

Pertinent set edge index: tensor([[11,  5, 11,  8, 10, 11, 10, 12],
        [12,  4, 25,  7,  9, 10, 11, 13]], device='cuda:0')
FID-: 0.11515849828720093
Minimal top-k Set GNNExplainer:
Set indices on edge ranking: [29, 60, 58, 43, 27, 41, 28, 50, 61, 15, 13, 19, 46, 16, 17, 47, 44, 31, 20, 49, 9, 30, 11, 48, 14, 45, 21, 24]
Set edge index: tensor([[13, 27, 26, 19, 12, 18, 13, 22, 27,  7,  6,  9, 20,  8,  8, 21, 19, 14,
          9, 22,  5, 14,  5, 21,  7, 20, 10, 11],
        [14,  5,  8, 18, 13, 19, 12, 23, 26,  8,  7,  8, 21,  7,  9, 20, 20, 15,
         10, 21,  4, 13, 27, 22,  6, 19,  9, 12]], device='cuda:0')
FID+: 0.8877493888139725

Pertinent Positive Set GNNExplainer:

Pertinent set edge index: tensor([[13, 27, 26, 19, 12, 18, 13, 22, 27,  7,  6,  9, 20,  8,  8, 21, 19, 14,
          9, 22,  5, 14,  5, 21,  7, 20, 10, 11, 25, 10],
        [14,  5,  8, 18, 13, 19, 12, 23, 26,  8,  7,  8, 21,  7,  9, 20, 20, 15,
         10, 21,  4, 13, 27, 22,  6, 19,  9, 12, 24, 11]], device='cuda:0')
FID-: 0.19161564111709595