Test set index: 716

Target Class: 0

Target compound: TARGET

Sum of Shapley Values: 1.035055314521314

Shapley values:
0.014999699436177991
-0.02762137368374499
0.04886729594074069
0.08583106155299752
0.014631803651916814
-0.006176011744649066
-0.03887702044379949
0.012964814240856914
0.0101021749895246
0.12346993599459939
0.05297725152571694
0.03643952022425204
-0.002950980525171737
-0.0012126303450595555
-0.005412376469438014
-0.014774151958857437
0.039130601663954545
-0.01466531972272626
0.020897255284511723
-0.009834302727958565
0.01267973462069125
-0.0009701619749551318
0.033595086541260304
0.08530372751368699
0.15238692264077996
0.06623478080786961
0.011848364091966036
0.10278861837102599
0.005488233158918283
0.021563575607948457
0.02473360050506374
0.019795600077329903
0.0024138132814541637
0.02277930858269423
-0.0004494494308382356
0.0029371734437190714
0.016358762593729363
0.007964489412364818
-0.0034105464015866714
-0.001534356796552604
0.005887542338038443
-0.0014800934472927818
0.0018591361098755114
0.011600226212482407
0.0011309127118646497
-0.0029743162137011916
0.0019062919673713092
-0.0036987351284925533
-0.002092405999283311
0.0009229489251563432
0.004859849780354756
0.00042548818268894103
0.0006054470330493491
0.0003162900497206815
0.008507199347139095
-0.0025194261381427645
0.013259892686541194
0.04127545873521065
0.011220388598442224
2.341615106997669e-05
0.009619735229038629
0.013105543859768802

Minimal top-k Set:
Set indices on edge ranking: [24, 9, 27, 3, 23, 25]
Set edge index: tensor([[11,  5, 12,  1, 11, 11],
        [12,  4, 13,  3, 10, 25]], device='cuda:0')
FID+: 0.9999599474249408

Pertinent Positive Set:

Pertinent set edge index: tensor([[11,  5, 12,  1, 11, 11,  5,  1, 25,  8,  5, 10],
        [12,  4, 13,  3, 10, 25,  6,  2, 24,  7, 27, 11]], device='cuda:0')
FID-: 0.24667179584503174
Minimal top-k Set GNNExplainer:
Set indices on edge ranking: [29, 60, 41, 53, 43, 27, 58, 28, 35, 40, 61, 50, 19, 51, 52, 20, 16, 55, 13, 42, 24, 9]
Set edge index: tensor([[13, 27, 18, 23, 19, 12, 26, 13, 15, 18, 27, 22,  9, 23, 23,  9,  8, 24,
          6, 18, 11,  5],
        [14,  5, 19, 22, 18, 13,  8, 12, 23, 17, 26, 23,  8, 15, 18, 10,  7, 25,
          7, 23, 12,  4]], device='cuda:0')
FID+: 0.9880657643079758

Pertinent Positive Set GNNExplainer:

Pertinent set edge index: tensor([[13, 27, 18, 23, 19, 12, 26, 13, 15, 18, 27, 22,  9, 23, 23,  9,  8, 24,
          6, 18, 11,  5, 14, 17, 21, 11, 14, 24, 26,  5, 10, 17, 10, 12],
        [14,  5, 19, 22, 18, 13,  8, 12, 23, 17, 26, 23,  8, 15, 18, 10,  7, 25,
          7, 23, 12,  4, 24, 16, 22, 25, 15, 14, 27, 27,  9, 18, 11, 11]],
       device='cuda:0')
FID-: 0.3700745105743408