Test set index: 716

Target Class: 0

Target compound: TARGET

Sum of Shapley Values: 0.9814411853159676

Shapley values:
0.07556766642068424
-0.04583807951436661
0.08779560778496259
0.1412209739076446
-0.048795085591795934
-0.04706731368610646
-0.09919223697828057
0.012750663245050952
-0.10756139344215557
0.06679679486319688
0.07818275888328723
0.05546971679069591
-0.017195519175977808
-0.004731339512563829
0.0010396856281795696
-0.009599271963232266
0.09753760899878056
-0.08740507291020563
0.03561009843142004
0.014924290794843252
-0.04239654519699937
0.000995377831068567
0.06914905249080436
0.07040805892181477
0.2508868479422322
0.15107729214927101
0.024944296758404514
0.09785652644664532
-0.023566968921416246
0.02620546674488903
0.04326266912604824
0.018374879127094835
0.005234969653653097
0.038758981894459185
-0.006417090136805945
0.003491585348588889
0.004911406916515525
0.03866338106220511
-0.05725932053196296
-0.010382733024590111
0.017563843762517867
-0.017567096100690217
-0.0015116457512408313
0.039552492312112664
-0.026216867051144243
0.015098580760386695
-0.009632427684995299
-0.001079288151186819
0.008924416123448712
-0.009894374441289214
0.03148710647578738
-0.006687762333786691
0.0021366093308585504
-0.016742526724949892
-0.00787813027367679
-0.02389978908377299
0.005438961651936841
0.051407564960449834
0.02331313588620662
-0.000950244296320121
0.003853436539283202
0.0010165018300512696

Minimal top-k Set:
Set indices on edge ranking: [24, 25, 3]
Set edge index: tensor([[11, 11,  1],
        [12, 25,  3]], device='cuda:0')
FID+: 0.992620229255408

Pertinent Positive Set:

Pertinent set edge index: tensor([[11, 11,  1, 12,  8,  1,  5,  0],
        [12, 25,  3, 13,  7,  2,  6,  1]], device='cuda:0')
FID-: 0.2062321901321411
Minimal top-k Set GNNExplainer:
Set indices on edge ranking: [60, 35, 29, 53, 27, 28, 13, 19, 36, 43, 58, 50, 37, 61, 51, 20, 16, 31, 11, 55, 9, 24, 15]
Set edge index: tensor([[27, 15, 13, 23, 12, 13,  6,  9, 16, 19, 26, 22, 16, 27, 23,  9,  8, 14,
          5, 24,  5, 11,  7],
        [ 5, 23, 14, 22, 13, 12,  7,  8, 15, 18,  8, 23, 17, 26, 15, 10,  7, 15,
         27, 25,  4, 12,  8]], device='cuda:0')
FID+: 0.9998171864863252

Pertinent Positive Set GNNExplainer:

Pertinent set edge index: tensor([[27, 15, 13, 23, 12, 13,  6,  9, 16, 19, 26, 22, 16, 27, 23,  9,  8, 14,
          5, 24,  5, 11],
        [ 5, 23, 14, 22, 13, 12,  7,  8, 15, 18,  8, 23, 17, 26, 15, 10,  7, 15,
         27, 25,  4, 12]], device='cuda:0')
FID-: 0.0004932880401611328