Interaction name: 5ung

Affinity: 9.470000267028809
Predicted class: 1
Predicted probability: 0.9238830804824829
Sum of phi edges: 0.8140449589304634

Interaction statistics:

Number of total edges connecting protein pseudo-atoms: 15
Number of total edges connecting ligand pseudo-atoms: 166
Number of total edges connecting protein and ligand pseudo-atoms: 67

Pertinent positive set edge index: tensor([[49, 10, 23, 58, 10, 51, 52, 56, 65, 22, 48, 42, 17, 11, 23, 19, 58, 50,
         58, 52, 21, 50, 32, 23, 58, 31, 14, 55,  8, 21, 49, 10,  9, 18, 61, 51,
         26, 31, 62, 38, 22, 42, 19, 25, 28, 10, 49, 61, 38,  8, 41, 29,  9, 51,
         13, 34, 19, 56, 24, 57, 38, 50, 45, 61, 35, 50, 35, 49, 51, 49, 18, 13,
         39,  9, 23, 42, 25, 21, 21, 55, 22, 44, 42, 10],
        [25, 46, 48, 27, 47, 16, 33, 11, 32, 42, 30,  8, 52, 64, 59, 65, 24, 22,
         34, 17, 54, 17, 65, 10, 15, 26, 55, 57, 60, 57, 15,  8, 44, 52, 21, 19,
         62, 62, 26, 10, 25, 43, 50, 30, 49, 24, 22, 28,  4, 43,  4, 63, 45, 14,
         18, 59, 53, 60, 63, 55, 27, 14, 44, 31, 20, 13, 13, 28, 13, 12, 53, 16,
         10, 12, 27, 12,  5, 61, 28, 54, 56, 45, 22, 45]], device='cuda:0')

FID- using pertinent positive set: 0.41048479080200195

Number of pertinent positive edges connecting protein pseudo-atoms: 5 (33.3%)
% w.r.t. total number of pertinent positive edges: 6.6%)
Number of pertinent positive edges connecting ligand pseudo-atoms: 18 (10.8%)
% w.r.t. total number of pertinent positive edges: 23.7%)
Number of pertinent positive edges connecting protein and ligand pseudo-atoms: 53 (79.1%)
% w.r.t. total number of pertinent positive edges: 69.7%)

Minimal top k set edge index: tensor([[49, 10, 23, 58, 10, 51, 52, 56, 65, 22, 48, 42, 17, 11, 23, 19, 58, 50,
         58, 52, 21, 50, 32, 23, 58, 31, 14, 55,  8, 21, 49, 10,  9, 18, 61, 51,
         26, 31, 62, 38, 22, 42, 19, 25, 28, 10, 49, 61, 38,  8, 41, 29,  9, 51,
         13, 34, 19, 56, 24, 57, 38, 50, 45, 61, 35, 50, 35, 49, 51, 49, 18, 13,
         39,  9, 23, 42, 25, 21, 21, 55, 22, 44, 42, 10, 28, 20, 30, 13, 21, 23,
         60, 21, 10, 52, 35, 19, 15, 58, 24, 14, 37, 45, 22, 15, 51, 34, 51, 56,
         28, 13, 15, 63, 46, 53, 59, 14, 50, 55, 45, 25, 42, 34, 54, 31, 22,  9,
         53, 56, 31, 61, 13, 27, 60, 17, 36, 23, 36,  1, 12, 62, 43, 14, 40, 35,
         56, 39, 23, 24, 42, 28, 57,  9, 64, 24, 25, 12, 63, 32, 24, 30,  4, 10,
         21, 20,  2, 17, 22, 60, 12, 27, 47, 43, 33, 61, 36, 41, 28, 37, 35,  6,
         29, 24, 10, 22, 44, 37, 23, 13, 38,  8, 48,  3, 63,  3, 43,  6,  6, 48,
         37, 29,  3, 38, 26, 38, 20, 17, 37, 25, 12, 11, 36, 53, 11, 23, 12, 33,
          4, 23,  5, 57, 38, 30, 41,  0,  2, 39, 25, 56, 31],
        [25, 46, 48, 27, 47, 16, 33, 11, 32, 42, 30,  8, 52, 64, 59, 65, 24, 22,
         34, 17, 54, 17, 65, 10, 15, 26, 55, 57, 60, 57, 15,  8, 44, 52, 21, 19,
         62, 62, 26, 10, 25, 43, 50, 30, 49, 24, 22, 28,  4, 43,  4, 63, 45, 14,
         18, 59, 53, 60, 63, 55, 27, 14, 44, 31, 20, 13, 13, 28, 13, 12, 53, 16,
         10, 12, 27, 12,  5, 61, 28, 54, 56, 45, 22, 45, 61, 42, 48, 51, 56, 29,
         56, 51, 20, 18,  1, 51, 13, 14, 58, 58, 23,  9, 49, 58, 23, 31, 21, 21,
         21, 15,  1, 29, 60, 18, 34, 50, 19, 14, 10, 49, 20, 58, 55, 34, 50, 21,
         19, 22, 61, 29, 50, 58,  8, 50,  1, 61, 13, 40, 42, 31,  8, 51,  4, 19,
         28, 35,  4,  4, 53, 56, 43, 22, 11, 27, 22, 49, 24, 36, 10, 25,  7, 23,
          9, 10, 20, 15,  9, 46,  9, 24, 44, 42, 36, 23, 18,  5,  6, 24, 39, 39,
         23, 29,  2,  6, 47, 38, 37, 39, 29, 42, 63, 39, 48, 21, 57,  9, 20, 23,
         11, 11, 12, 25, 31, 37,  2, 18, 26, 38, 13, 26, 16, 45, 37, 38, 19, 32,
         27, 51,  7, 21, 28, 28, 40,  5, 39,  6, 29, 62, 23]], device='cuda:0')

FID+ using minimal top-k set: 0.4465428590774536

Number of minimal top-k edges connecting protein pseudo-atoms: 13 (86.7%)
% w.r.t. total number of minimal top-k edges: 9.2%)
Number of minimal top-k edges connecting ligand pseudo-atoms: 66 (39.8%)
% w.r.t. total number of minimal top-k edges: 46.8%)
Number of minimal top-k edges connecting protein and ligand pseudo-atoms: 62 (92.5%)
% w.r.t. total number of minimal top-k edges: 44.0%)

Trustworthiness of the explanation: 0.5081641947407332

Number of relevant edges connecting protein pseudo-atoms: 6 (40.0%)
% w.r.t. total number of relevant edges: 6.9%)
Number of relevant edges connecting ligand pseudo-atoms: 22 (13.3%)
% w.r.t. total number of relevant edges: 25.3%)
Number of relevant edges connecting protein and ligand pseudo-atoms: 59 (88.1%)
% w.r.t. total number of relevant edges: 67.8%)

Shapley values for edges: 

(0,4): -9.787455201148987e-06
(0,5): 0.00022579073905944823
(0,7): -0.0004063542187213898
(0,27): -0.00985613390803337
(0,40): 0.00019037678837776183
(0,41): 1.901566982269287e-05
(1,14): -0.0001043902337551117
(1,15): -0.0037018416821956637
(1,16): -0.002579207345843315
(1,35): -0.0021655803918838503
(1,36): -0.003960982225835324
(1,40): 0.00208318579941988
(2,9): 0.00011118575930595398
(2,10): 3.8929283618927e-07
(2,19): 3.301255404949188e-05
(2,20): 0.0012072267383337022
(2,22): -0.006744349822402001
(2,28): -0.0006993089616298676
(2,30): -0.0053655639290809635
(2,39): 0.0002221278101205826
(3,8): -0.0018870540335774422
(3,9): -0.0003117559850215912
(3,10): -0.007752049416303634
(3,12): 0.0003889339789748192
(3,13): -0.0028634905815124513
(3,19): -0.003780796192586422
(3,20): 0.00015330206602811813
(3,21): 0.0005109805613756179
(3,39): 0.0005229335278272629
(4,0): 7.952243089675903e-05
(4,5): 8.576672524213792e-05
(4,7): 0.001336822435259819
(4,23): -0.003566335029900074
(4,24): -0.0031023700535297394
(4,25): -0.000302005372941494
(4,27): 0.0002616892009973526
(4,31): -0.0005096645653247834
(4,34): -0.00319490198045969
(4,38): -0.0028458767384290694
(4,40): -0.00017938241362571716
(4,41): 7.220935076475143e-05
(5,0): -2.5980547070503236e-05
(5,4): 0.00010941244661808014
(5,7): 0.00025655049830675125
(5,25): -0.0033816847205162047
(5,27): 0.00017378605902194976
(5,34): -0.0004203395545482635
(5,40): -0.00932089265435934
(5,41): -0.008056071884930134
(6,9): 0.0004659002274274826
(6,10): 5.072854459285736e-05
(6,19): 3.996603190898895e-06
(6,20): 0.00041487589478492735
(6,22): -0.0015662625804543494
(6,28): -9.6014104783535e-05
(6,30): -0.0019379185140132903
(6,39): 0.0007363066822290421
(7,0): -0.0003444535285234451
(7,4): -0.00010149456560611725
(7,5): 0.00011841185390949249
(7,27): -0.0008776471391320228
(8,3): -0.0011196726560592652
(8,10): -0.00011339407414197922
(8,21): -0.00023556329309940338
(8,42): 0.0005467183887958527
(8,43): 0.0067208831012248995
(8,60): 0.008478214368224143
(9,2): 9.429074823856354e-05
(9,3): 0.00020317129790782927
(9,6): 4.4679716229438785e-05
(9,10): 3.203593194484711e-05
(9,12): 0.005054903775453567
(9,19): -3.9114132523536685e-05
(9,20): -0.00046730130910873415
(9,21): 0.002360161729156971
(9,22): 0.0015662864595651627
(9,28): -2.314787358045578e-05
(9,39): -9.509708732366562e-05
(9,44): 0.008059783205389977
(9,45): 0.006606308668851852
(10,2): 0.0006531532853841782
(10,3): -0.0009507806226611138
(10,6): 5.335092544555664e-05
(10,8): 0.008229713253676892
(10,9): -0.00010933779180049896
(10,20): 0.0038873980939388274
(10,21): -0.0010919418931007385
(10,22): 0.00018872886896133422
(10,23): 0.001308378353714943
(10,24): 0.00695451095700264
(10,28): -0.0002445930242538452
(10,30): -0.00015601865947246552
(10,38): -0.0001815151423215866
(10,39): -0.0021384698897600174
(10,45): 0.004328384771943092
(10,46): 0.024345401227474212
(10,47): 0.016968405842781066
(11,25): -6.225407123565673e-06
(11,26): 0.00030859224498271944
(11,27): -3.466516733169556e-05
(11,29): 2.7809217572212218e-05
(11,34): -2.8564780950546264e-06
(11,37): 0.00029391530901193616
(11,56): -0.0016620906442403793
(11,64): 0.013305829577147961
(12,3): 1.8464550375938415e-05
(12,9): 0.0009798141568899154
(12,13): 0.00031362667679786684
(12,19): 0.0002800953760743141
(12,20): 0.00013944923877716065
(12,39): 0.00020084887742996215
(12,42): 0.0020803310349583625
(12,49): 0.0014636147767305373
(13,3): -0.0011633791029453278
(13,12): -0.0006382688134908677
(13,15): 0.0031963142007589342
(13,16): 0.005167699046432972
(13,18): 0.00650288000702858
(13,19): -6.548542529344559e-05
(13,20): -0.000845901183784008
(13,35): -0.00042755208909511566
(13,36): -4.8844516277313234e-05
(13,39): 0.0005540557205677033
(13,50): 0.0022527214884757994
(13,51): 0.004169655553996563
(14,1): -0.00016169942915439606
(14,35): 0.00011741511523723603
(14,50): 0.0029537196457386015
(14,51): 0.0019285748153924941
(14,55): 0.008744093999266624
(14,58): 0.003545295000076294
(15,1): 0.0031325289607048033
(15,13): 0.003734951876103878
(15,16): -3.458794206380844e-05
(15,17): -0.0002330581471323967
(15,18): -3.121946007013321e-05
(15,32): -0.00032056301832199095
(15,33): -0.0006292953342199325
(15,49): -0.0011080561950802803
(15,58): 0.0034486933425068853
(16,1): -0.0010223540663719178
(16,13): -0.0008672002702951431
(16,15): -0.0009049023687839508
(16,17): 5.269806832075119e-05
(16,18): -6.144918501377105e-05
(16,32): -0.00017640523612499236
(16,33): -5.7821348309516904e-05
(16,36): -0.0004923569411039352
(16,51): -0.002391837164759636
(17,15): 0.001152861788868904
(17,16): 5.664654076099396e-05
(17,18): 0.00034267306327819826
(17,32): 9.056024253368378e-05
(17,33): -0.0009020034223794938
(17,36): 0.00011508069932460786
(17,50): 0.002160826064646244
(17,52): 0.01337933048605919
(18,13): -0.0005780157074332237
(18,15): 3.1499378383159635e-05
(18,16): -6.157048046588898e-06
(18,17): 9.192686527967453e-05
(18,32): -0.00011104181408882142
(18,33): -4.716012626886368e-05
(18,36): -0.0002924298495054245
(18,52): 0.00786980252712965
(18,53): 0.005184274539351464
(19,2): 5.99205493927002e-06
(19,3): -0.0005990108475089073
(19,6): -4.6323947608470916e-05
(19,9): -0.00011549443006515503
(19,12): -0.00012531664222478867
(19,13): -0.00015571460127830505
(19,20): -0.0006910073757171631
(19,35): -0.0005346779525279998
(19,39): -0.0005194691568613052
(19,50): 0.007186806052923203
(19,51): 0.003745102658867836
(19,53): 0.006363981291651726
(19,65): 0.012769565135240555
(20,2): 0.00035084210336208346
(20,3): -0.0005590378493070602
(20,6): 0.00016150325536727904
(20,9): 4.203267395496368e-05
(20,10): 0.0012090492248535156
(20,12): 7.872134447097778e-05
(20,13): 7.868990302085876e-05
(20,19): -6.260007619857789e-05
(20,35): -0.0017927952110767364
(20,42): 0.004240378811955452
(21,3): -0.00011789992451667786
(21,8): -0.00011039093136787415
(21,9): 0.0012348603084683417
(21,10): 3.212936222553253e-05
(21,28): 0.00477082833647728
(21,51): 0.003927653804421425
(21,54): 0.009787288904190063
(21,56): 0.004098024293780327
(21,57): 0.00835707165300846
(21,61): 0.004820666834712028
(22,2): 0.00010618511587381362
(22,6): 0.0006307911500334739
(22,9): 0.0011073162406682968
(22,10): 1.4156103134155274e-09
(22,23): 2.0267069339752196e-06
(22,24): 4.643302410840988e-05
(22,25): 0.007334710881114006
(22,28): -7.4316933751106265e-06
(22,30): -3.7638098001480104e-06
(22,31): 2.450309693813324e-05
(22,38): 2.7148574590682985e-05
(22,42): 0.015188899636268616
(22,49): 0.0034807487204670906
(22,50): 0.0023998188972473144
(22,56): 0.00464749876409769
(23,4): 0.0016762857139110566
(23,10): 0.009061733931303025
(23,22): -1.1310912668704987e-05
(23,24): 3.692172467708588e-05
(23,25): 5.694925785064697e-06
(23,27): 0.004930310659110546
(23,28): 8.599363267421723e-05
(23,29): 0.0040915973484516146
(23,30): -2.0305775105953216e-05
(23,31): 1.1811479926109314e-05
(23,37): 0.000569835603237152
(23,38): 0.0002811621129512787
(23,48): 0.02394008222967386
(23,51): 0.0002601964399218559
(23,59): 0.012927977107465268
(23,61): 0.0021220310404896736
(24,4): 0.0016751039773225784
(24,10): 0.0014271949231624602
(24,22): 3.9530172944068906e-05
(24,23): 8.02166759967804e-06
(24,25): -5.597248673439026e-06
(24,27): 0.0015312217175960541
(24,28): 1.6838386654853822e-05
(24,29): 0.000688348188996315
(24,30): 0.00015409935265779496
(24,31): -3.887459635734558e-05
(24,37): -6.180644035339356e-05
(24,58): 0.0036034577339887617
(24,63): 0.006284839734435082
(25,4): -0.00032020866870880127
(25,5): 0.004887600056827068
(25,11): -0.0004145503044128418
(25,22): 0.0014760700985789299
(25,23): 0.00015948764979839325
(25,24): -3.18281352519989e-06
(25,26): -0.0005325448513031006
(25,27): -7.577545940876007e-05
(25,29): 0.00021823406219482423
(25,30): 0.007132012881338596
(25,31): -7.28730857372284e-05
(25,34): -5.561169236898422e-05
(25,37): -0.0005697432905435562
(25,38): 0.00031925156712532044
(25,49): 0.002714667692780495
(26,11): -0.0001924613118171692
(26,25): -2.4177879095077514e-06
(26,27): -4.891753196716308e-06
(26,29): 1.0547079145908356e-05
(26,31): 0.00037176582962274553
(26,34): -0.0002358856052160263
(26,37): 9.294003248214722e-05
(26,62): 0.00757370263338089
(27,0): -0.005396874025464058
(27,4): -7.192820310592652e-05
(27,5): -0.00046531081199645995
(27,7): -0.004594397023320198
(27,11): -7.129713892936707e-05
(27,23): 0.00017884045839309693
(27,24): 0.000977194532752037
(27,25): 4.52975183725357e-05
(27,26): -0.0002615551650524139
(27,29): 1.2412294745445252e-05
(27,31): -4.3056085705757144e-05
(27,34): 6.32539764046669e-05
(27,37): 0.00011089883744716644
(27,38): -0.0016035625711083412
(27,58): 0.0022463440150022507
(28,2): -0.000268513448536396
(28,6): 0.0007572809606790543
(28,9): -0.0004067312926054001
(28,10): -4.545897245407104e-06
(28,21): 0.0032468894124031067
(28,22): 2.9599294066429138e-05
(28,23): 2.031780779361725e-05
(28,24): -7.473640143871308e-05
(28,30): -5.455464124679566e-06
(28,31): -0.0001994204521179199
(28,38): 4.6759098768234255e-06
(28,49): 0.007126317173242569
(28,56): 0.0016287118941545487
(28,61): 0.004258554577827454
(29,11): 0.0004035111516714096
(29,23): 0.0007345329225063324
(29,24): -2.481527626514435e-05
(29,25): 4.4986158609390256e-05
(29,26): 9.15897637605667e-05
(29,27): -0.00011529359966516495
(29,31): -7.746230810880661e-05
(29,34): -5.030110478401184e-06
(29,38): 3.0838102102279666e-05
(29,61): -0.00044847384095191955
(29,63): 0.006626069694757462
(30,2): -0.0033108460903167724
(30,6): -0.00397528026252985
(30,10): 2.8331093490123748e-05
(30,22): 2.0940452814102172e-05
(30,23): -5.4851248860359194e-05
(30,24): -4.197955131530762e-06
(30,25): 0.0013648135215044023
(30,28): 0.00023975718766450883
(30,31): -7.618963718414307e-05
(30,38): -0.00012292981147766114
(30,48): 0.004228301718831063
(31,4): -5.1972568035125735e-05
(31,22): 4.693865776062012e-09
(31,23): 0.00020740821957588196
(31,24): 7.923245429992676e-05
(31,25): -1.0629072785377502e-05
(31,26): 0.008767359033226967
(31,27): -0.00038505930453538897
(31,28): 4.653327167034149e-05
(31,29): 0.00016350507736206054
(31,30): 6.075449287891388e-05
(31,34): 0.002468942180275917
(31,37): 4.783369600772858e-05
(31,38): -0.00018963605165481568
(31,61): 0.0023397114872932435
(31,62): 0.007555232048034668
(32,15): -0.0006910539418458939
(32,16): -2.904564142227173e-05
(32,17): 3.5495050251483914e-05
(32,18): 5.649954080581665e-05
(32,33): 6.104439496994018e-05
(32,36): 0.0014305149018764495
(32,65): 0.00920485220849514
(33,15): 0.0001622999459505081
(33,16): -0.00010087713599205017
(33,17): 0.00011587787419557571
(33,18): -0.00017395518720149993
(33,32): 0.0002782561630010605
(33,36): 0.0009695091098546982
(33,52): -0.004902677983045578
(34,4): -2.79352068901062e-06
(34,5): -0.0012239200621843337
(34,11): -0.0005934614688158035
(34,25): -5.9656947851181034e-05
(34,26): -9.303629398345948e-05
(34,27): 4.1839815676212314e-05
(34,29): -0.0002084624022245407
(34,31): 0.0034053657203912736
(34,37): 0.00016499407589435578
(34,58): 0.002673425450921059
(34,59): 0.00641430277377367
(35,1): 0.003792540244758129
(35,13): 0.005676851570606232
(35,14): 9.215474128723145e-06
(35,19): 0.0017890289425849914
(35,20): 0.005840250961482525
(35,39): 0.0007485086843371391
(36,1): 0.002129734978079796
(36,13): 0.0021215756982564927
(36,16): 0.00029729507863521574
(36,17): -0.0002942945808172226
(36,18): 0.0008855398371815682
(36,32): 8.455745875835419e-05
(36,33): 3.234297037124634e-05
(37,11): 0.0004057040065526962
(37,23): 0.0035217740014195443
(37,24): 0.0007555471360683442
(37,25): 0.00010465893894433975
(37,26): 0.0003291698545217514
(37,27): -6.461068987846374e-05
(37,31): 3.356974571943283e-05
(37,34): 0.00013457026332616806
(37,38): 0.0006017609313130379
(38,4): 0.00676495186984539
(38,10): 0.007365319579839706
(38,22): 7.598236203193665e-05
(38,23): 5.009174346923828e-05
(38,25): 0.000372568741440773
(38,27): 0.006025103777647018
(38,28): 0.0002467377483844757
(38,29): 0.0005520153045654297
(38,30): 4.529938101768493e-05
(38,31): 0.00019551888108253478
(38,37): 0.00036140941083431246
(39,2): 0.000102534219622612
(39,3): -0.0001928013935685158
(39,6): 0.0002216516435146332
(39,9): -1.8253922462463379e-09
(39,10): 0.005062847211956978
(39,12): 0.00017699800431728363
(39,13): 1.2342929840087891e-05
(39,19): -0.0001529201865196228
(39,35): 0.00168653205037117
(40,0): -0.0008946522325277329
(40,1): -0.0036397668719291686
(40,4): 0.001795845478773117
(40,5): -0.007792468331754208
(40,41): -4.11822646856308e-05
(41,0): -0.0014595412090420722
(41,4): 0.006639107093214989
(41,5): 0.000794052854180336
(41,40): 0.0002341303601861
(42,8): 0.014101338461041451
(42,12): 0.004912817627191543
(42,20): 0.0027072645351290704
(42,22): 0.004431891851127147
(42,43): 0.007255989983677864
(42,45): 0.00010359011590480804
(42,53): 0.0016601869836449623
(43,8): 0.0019324511289596558
(43,42): 0.0009709981828927994
(43,57): 0.0004798595234751701
(44,9): -0.0016790065541863442
(44,45): 0.004634484611451626
(44,47): 0.000619482770562172
(45,9): 0.0034976152330636976
(45,10): 0.002749297395348549
(45,42): 1.6374737024307252e-05
(45,44): 0.005949477851390839
(45,53): 0.00012216191738843917
(46,10): -0.0030694668740034103
(46,60): 0.0030806004256010056
(47,10): -0.0020394007116556166
(47,44): 0.000974215716123581
(48,23): 0.00041187308728694914
(48,30): 0.014420104846358299
(48,63): 0.0005455117672681809
(49,12): 0.005207223724573851
(49,15): 0.008298007994890213
(49,22): 0.006897432506084442
(49,25): 0.02820838462561369
(49,28): 0.005493984520435333
(49,55): -0.0010806504637002946
(50,13): 0.005769059956073761
(50,14): 0.005952983945608139
(50,17): 0.009422786757349968
(50,19): 0.002893809862434864
(50,22): 0.011696942336857318
(51,13): 0.0054032205045223235
(51,14): 0.006559241190552711
(51,16): 0.016446933038532733
(51,19): 0.00773712731897831
(51,21): 0.0033091137558221816
(51,23): 0.0034366325289011002
(52,17): 0.010679015144705772
(52,18): 0.003851941488683224
(52,33): 0.016334019601345062
(53,18): 0.00305278055369854
(53,19): 0.002353999577462673
(53,42): -1.902751624584198e-05
(53,45): 0.0002966891974210739
(54,21): -0.0010450305789709092
(54,55): 0.0026595574617385865
(55,14): 0.0028109601512551308
(55,49): 5.817130208015442e-05
(55,54): 0.004716748706996441
(55,57): 0.008563930243253708
(56,11): 0.016032987385988236
(56,21): 0.0033037552610039713
(56,22): 0.0023523909598588944
(56,28): 0.0017179447412490846
(56,60): 0.006325946897268295
(56,62): 0.00020956650376319886
(57,21): 0.0002559944987297058
(57,43): 0.0016218705475330353
(57,55): 0.006138579249382019
(58,14): 0.003691580444574356
(58,15): 0.009000695645809173
(58,24): 0.012699612416327
(58,27): 0.01711956091225147
(58,34): 0.011328118070960045
(59,23): -0.003884614035487175
(59,34): 0.0029564383998513222
(60,8): 0.0021802814304828643
(60,46): 0.001027836874127388
(60,56): 0.0040888099372386934
(61,21): 0.0077849504351615905
(61,23): 0.0008925812691450119
(61,28): 0.006809834279119968
(61,29): 0.002270582541823387
(61,31): 0.00590492993593216
(62,26): 0.007378961555659771
(62,31): 0.002046356610953808
(62,56): -8.682452142238617e-05
(63,24): 0.001448754332959652
(63,29): 0.003123701699078083
(63,48): 0.0005157930403947831
(64,11): 0.0015637730807065964
(65,19): -0.000620991587638855
(65,32): 0.015489871650934219
