Interaction name: 5jfu

Predicted class: 1
Predicted probability: 0.9997279047966003
Sum of phi edges: 0.6537259796634317

Interaction statistics:

Number of total edges connecting protein pseudo-atoms: 20
Number of total edges connecting ligand pseudo-atoms: 169
Number of total edges connecting protein and ligand pseudo-atoms: 97

Pertinent positive set edge index: tensor([[46, 43, 42,  9, 62,  8,  0,  9, 58, 22, 26, 12, 57, 13, 23, 26,  6, 58,
         57, 23,  4, 31, 11, 22, 14, 27,  9, 41, 22, 58, 70, 22,  3, 30,  7,  0,
          2, 30, 40, 58, 23, 10, 67, 12, 42, 31, 13, 40, 37, 16, 31, 50,  5, 39,
         50, 37, 23,  2,  3, 14, 40, 23, 31,  4, 23, 59, 53, 37, 21, 14,  6,  7,
         21, 31, 19, 65, 51,  9, 66,  8],
        [58,  3, 44,  5, 11, 14, 17, 46, 11, 12, 34, 31, 40, 40, 64, 58, 13, 12,
         39, 28, 14,  2, 37,  7, 27,  5,  8,  0, 13, 22, 24, 50, 30, 39, 32, 43,
          6,  0,  6, 14, 24, 39, 27, 58, 58, 40, 34, 12, 50, 29,  7, 31, 27,  0,
         37, 26, 25,  7, 15, 48, 56, 34,  6, 37, 37, 13, 18, 34, 20,  1,  9, 31,
         58, 58, 33, 11, 43, 37, 16,  9]], device='cuda:0')

FID- using pertinent positive set: 0.16700798273086548

Number of pertinent positive edges connecting protein pseudo-atoms: 1 (5.0%)
Number of pertinent positive edges connecting ligand pseudo-atoms: 45 (26.6%)
Number of pertinent positive edges connecting protein and ligand pseudo-atoms: 26 (26.8%)

Minimal top k set edge index: tensor([[46, 43, 42,  9, 62,  8,  0,  9, 58, 22, 26, 12, 57, 13, 23, 26,  6, 58,
         57, 23,  4, 31, 11, 22, 14, 27,  9, 41, 22, 58, 70, 22,  3, 30,  7,  0,
          2, 30, 40, 58, 23, 10, 67, 12, 42, 31, 13, 40, 37, 16, 31, 50,  5, 39,
         50, 37, 23,  2,  3, 14, 40, 23, 31,  4, 23, 59, 53, 37, 21, 14,  6,  7,
         21, 31, 19, 65, 51,  9, 66,  8,  3, 62],
        [58,  3, 44,  5, 11, 14, 17, 46, 11, 12, 34, 31, 40, 40, 64, 58, 13, 12,
         39, 28, 14,  2, 37,  7, 27,  5,  8,  0, 13, 22, 24, 50, 30, 39, 32, 43,
          6,  0,  6, 14, 24, 39, 27, 58, 58, 40, 34, 12, 50, 29,  7, 31, 27,  0,
         37, 26, 25,  7, 15, 48, 56, 34,  6, 37, 37, 13, 18, 34, 20,  1,  9, 31,
         58, 58, 33, 11, 43, 37, 16,  9, 41, 30]], device='cuda:0')

FID+ using minimal top-k set: 0.5070472955703735

Number of minimal top-k edges connecting protein pseudo-atoms: 1 (5.0%)
Number of minimal top-k edges connecting ligand pseudo-atoms: 45 (26.6%)
Number of minimal top-k edges connecting protein and ligand pseudo-atoms: 28 (28.9%)

Trustworthiness of the explanation: 0.630379042676056

Number of relevant edges connecting protein pseudo-atoms: 5 (25.0%)
Number of relevant edges connecting ligand pseudo-atoms: 88 (52.1%)
Number of relevant edges connecting protein and ligand pseudo-atoms: 48 (49.5%)

Shapley values for edges: 

(0,4): 0.0017487120628356934
(0,17): 0.011512078940868378
(0,21): -0.0009595007449388504
(0,29): 0.0031082281470298768
(0,30): 0.0006360545754432678
(0,33): 0.002269383370876312
(0,39): -0.0009528942406177521
(0,41): 0.000256248414516449
(0,43): 0.006919980198144913
(1,9): -0.0007994143664836884
(1,11): -0.00040776938199996946
(1,14): -0.003639908283948898
(1,41): -0.0002999690175056458
(1,43): -0.0023682786524295805
(1,44): 0.0045491990447044375
(2,6): 0.006904580593109131
(2,7): 0.005530142635107041
(2,12): -0.006663702055811882
(2,13): -0.005416802018880844
(2,22): 0.004011950492858887
(2,31): 0.00031586065888404845
(2,32): -1.4790445566177369e-05
(2,40): -0.006381270289421081
(2,42): -0.0009955435991287232
(2,44): 0.0016910941898822785
(3,10): 0.003869238644838333
(3,15): 0.005380897521972656
(3,16): 0.001080624759197235
(3,29): 0.004086055755615234
(3,30): 0.006961514353752136
(3,38): -0.002350843995809555
(3,41): 0.004662298411130905
(3,43): -0.001697576642036438
(4,0): -0.0029020341485738754
(4,11): 0.0004416339099407196
(4,14): 0.00784616619348526
(4,27): 0.0039708462357521054
(4,29): -0.0012154442071914673
(4,30): -0.0016479846835136414
(4,37): 0.005058321803808212
(4,39): -0.0034537310898303986
(4,42): -0.0014340534806251525
(5,6): 0.0007998156547546387
(5,9): -0.0031255706399679183
(5,11): 0.00014548197388648986
(5,13): 0.003937866389751434
(5,22): 0.0020115718245506285
(5,27): 0.0057399473339319225
(5,32): -0.005336596667766571
(5,40): 0.0009588852524757385
(5,42): -0.001222408413887024
(5,44): 0.002088570147752762
(6,2): 0.0012061843276023865
(6,5): 0.0036693331599235534
(6,7): -0.00458174392580986
(6,9): 0.004849468097090721
(6,12): -0.003271459490060806
(6,13): 0.008526539504528046
(6,22): 0.0006935015320777893
(6,31): -0.0020599119365215302
(6,32): 0.0010054686665534973
(6,40): -0.006058536916971207
(6,42): -0.0021129275858402254
(6,44): 0.0010790064930915832
(7,2): -0.001073935031890869
(7,6): 0.0005470085144042969
(7,12): -0.005638215094804764
(7,13): 0.0005763138830661773
(7,22): -0.005435975641012192
(7,31): 0.0048338803648948665
(7,32): 0.006942792981863022
(7,40): 0.0007706235349178314
(7,44): 0.001924218088388443
(8,9): 0.0046702691912651065
(8,11): 0.0025408267974853516
(8,14): 0.013004979193210602
(9,1): -0.005419431626796723
(9,5): 0.013681368231773376
(9,6): -0.0017872817814350128
(9,8): 0.007407363057136535
(9,11): -0.0031199200451374055
(9,14): -0.005236609876155853
(9,23): -0.00481443390250206
(9,27): -0.00012786537408828735
(9,37): 0.004730234891176224
(9,40): 0.0005916821956634522
(9,46): 0.011494085341691971
(10,3): 0.0037384803593158724
(10,15): 0.002937643975019455
(10,16): -0.00019129514694213868
(10,29): 0.002694450169801712
(10,30): 0.00186473548412323
(10,38): 0.0003386041522026062
(10,39): 0.006366549730300903
(10,49): -0.000215437114238739
(11,1): -0.0032047125697135925
(11,4): -0.008665247559547425
(11,5): 0.0004111424833536148
(11,8): -0.012420115396380424
(11,9): -0.0022686921060085297
(11,14): -0.0005348046123981475
(11,21): 0.001541837900876999
(11,37): 0.007694597244262695
(11,58): 0.001315063089132309
(11,62): 0.0029216317832469942
(11,65): 0.0015987952053546906
(12,2): 0.0031339439749717714
(12,6): -0.0017118848115205765
(12,7): 0.0016116228699684142
(12,13): 0.0028325243294239043
(12,22): 0.003240813314914703
(12,23): 0.0038954432308673857
(12,31): 0.009339967221021652
(12,32): 0.0022410982847213745
(12,40): -0.0011455845832824708
(12,58): 0.006160082742571831
(12,68): 0.00024364233016967773
(13,2): 0.001813167929649353
(13,5): 0.0019980089366436003
(13,6): -0.0037991800904273987
(13,7): 0.0002685980498790741
(13,12): -0.0007956646382808686
(13,22): 4.636198282241821e-06
(13,23): 0.00022807911038398741
(13,31): 0.0002404606342315674
(13,32): -0.0008269017934799195
(13,34): 0.005981134623289109
(13,35): 0.0007579730451107025
(13,40): 0.009189817607402801
(13,57): 0.002113274782896042
(13,59): 0.0009603132307529449
(14,1): 0.004853594750165939
(14,4): 0.0016906574368476869
(14,8): -0.006263835802674294
(14,9): 0.0007302181422710419
(14,11): 0.003965279310941696
(14,23): -0.00011195860803127289
(14,25): 0.004489478170871735
(14,26): 0.004049391001462937
(14,27): 0.007546060234308243
(14,34): -0.00043917521834373473
(14,36): 0.001126764714717865
(14,37): 0.00430394820868969
(14,48): 0.005362175703048706
(14,57): 0.0012278367578983306
(14,58): 0.001065167263150215
(15,3): 0.0022358638048171997
(15,10): -0.0001070559024810791
(15,16): 0.0005760662257671356
(15,38): 0.0001325230300426483
(15,47): 0.004368182420730591
(15,51): 0.001776197850704193
(15,52): 0.0012092581391334534
(15,65): 0.0010943378508090974
(16,3): -0.001161537766456604
(16,10): 0.0006459413841366768
(16,15): 0.0008698117733001709
(16,29): 0.0057772606611251835
(16,30): 0.0038227120041847227
(16,38): -0.0009657987207174301
(16,39): 0.00022644087672233582
(16,48): -0.001427217721939087
(16,63): 0.0035705721378326417
(16,66): -0.000582953691482544
(17,0): 0.0010568097233772278
(17,18): 0.0011714476346969605
(17,19): 0.0037274788320064544
(17,20): -0.001057497262954712
(17,21): 0.002527013048529625
(17,33): 0.0007321971654891968
(17,51): 0.0011843670904636383
(17,68): 4.430048167705536e-05
(18,17): -0.0003151121735572815
(18,19): 0.0009549573063850403
(18,20): 0.0014998693764209747
(18,21): 0.0014280585199594497
(18,33): 0.0009419102966785431
(18,53): -0.0002351430058479309
(18,59): 0.00021677657961845397
(19,17): 0.0013362675160169602
(19,18): 0.004153711497783661
(19,20): 0.00022397607564926148
(19,21): 0.0001338152587413788
(19,33): 0.004756706655025482
(19,54): -0.0037868733704090117
(19,55): 0.0006357526779174805
(19,67): -0.0031347258388996126
(20,17): 0.0008729074895381928
(20,18): -0.000844683200120926
(20,19): 0.0011251765489578248
(20,21): 0.0016756395995616913
(20,33): -0.001915612518787384
(20,56): 0.0011082252860069276
(20,57): 0.0005595873296260833
(21,0): -0.0006682506203651428
(21,11): 0.0002560972422361374
(21,17): 0.0006543641537427903
(21,18): 0.002717381864786148
(21,19): 0.0007419346272945404
(21,20): 0.004896884858608246
(21,33): 0.000790737271308899
(21,55): 0.00154735267162323
(21,58): 0.004821481257677078
(21,59): 0.0004959292709827423
(21,65): 0.002155991047620773
(22,2): -0.0077826822549104694
(22,5): -0.003599085360765457
(22,6): 0.0032553949952125547
(22,7): 0.007599298506975174
(22,12): 0.011142357289791106
(22,13): 0.007185053080320358
(22,31): 0.00041964516043663025
(22,32): 0.0038764198869466783
(22,40): -0.0033326798677444456
(22,50): 0.006996843814849853
(22,57): 0.0007524538785219192
(22,58): -0.002297532558441162
(22,59): 0.0009425729513168335
(22,60): 0.0006584218144416809
(22,61): 0.003933629840612411
(23,9): -0.006437848657369614
(23,12): 0.0009269067645072938
(23,13): 0.003752099722623825
(23,14): 0.00015742957592010498
(23,24): 0.006699979156255722
(23,25): 0.005561545491218567
(23,26): 0.0002321407198905945
(23,27): -0.003056946247816086
(23,28): 0.007903058379888535
(23,34): 0.00517220675945282
(23,35): 0.002924840301275253
(23,36): 0.0004325637221336365
(23,37): 0.004997288733720779
(23,58): 0.0017271053791046143
(23,61): -0.002876909524202347
(23,64): 0.00914765253663063
(23,68): 0.0019165381789207458
(24,23): 0.0012576377391815185
(24,25): -0.0005410817265510559
(24,26): 0.00020660102367401123
(24,27): 0.0027758849412202833
(24,28): 0.002232368737459183
(24,34): 0.00038330286741256715
(24,35): 0.0024522289633750914
(24,36): 0.0005890153348445893
(24,37): -0.0021872012317180633
(24,48): -0.003570687547326088
(24,62): 0.00011367648839950561
(24,64): 0.0013936279714107512
(24,70): -0.001966892033815384
(25,14): 0.00211661621928215
(25,23): 0.0016655178368091582
(25,24): 6.937518715858459e-05
(25,26): 0.00412051148712635
(25,27): 0.0001211923360824585
(25,28): 0.001478135883808136
(25,34): 0.002344987988471985
(25,35): 0.00044246256351470947
(25,36): 0.0010821084678173066
(25,37): 0.0023429834842681884
(25,62): 0.0002768537402153015
(25,66): 0.0030853667855262755
(25,68): -0.0013700295984745026
(26,14): -0.0037806598842144014
(26,23): -0.0017730800807476044
(26,24): 0.0022771771252155302
(26,25): 0.0012717990577220918
(26,27): 0.004070669859647751
(26,28): 0.0019595280289649965
(26,34): 0.009873636215925217
(26,35): 0.0010934701561927794
(26,36): 0.0014822614192962647
(26,37): -0.0027284812927246094
(26,58): 0.008976531326770782
(26,62): 0.0023883657157421113
(26,69): 0.0012205666303634643
(27,4): 0.003704226613044739
(27,5): 0.007473679929971695
(27,9): 0.001925499141216278
(27,14): 0.000712975561618805
(27,23): -0.004021212458610535
(27,24): 0.0020361407101154327
(27,25): 0.003340027779340744
(27,26): 0.0017844735085964204
(27,28): 0.002848963588476181
(27,34): 1.3906806707382202e-05
(27,35): 0.0031276254355907442
(27,36): 0.0020983750373125077
(27,37): -0.0015048779547214507
(27,57): -0.0008929263055324554
(27,58): -0.0010002418607473374
(27,59): 0.0014640042185783387
(27,63): 0.001844712793827057
(27,67): -0.003377740681171417
(28,23): 0.003917692601680756
(28,24): -0.000723259449005127
(28,25): 0.0010379590094089508
(28,26): -0.0002822543680667877
(28,27): -4.467666149139404e-06
(28,34): 0.0014234690368175507
(28,35): -0.0002733553946018219
(28,36): 0.0009301112592220306
(28,37): 0.0033124105632305143
(28,68): -8.596286177635193e-05
(28,70): -0.005035620778799057
(29,0): -0.008809714615345
(29,3): -0.0004908096045255661
(29,4): 0.002952575236558914
(29,10): 0.0007467429339885712
(29,16): 0.0011057306826114655
(29,30): 0.001440744698047638
(29,38): 0.0019662702083587647
(29,39): -0.0025683993101119993
(29,57): 0.0010026636719703674
(29,67): -0.003999034017324448
(30,0): 0.006842088252305985
(30,3): 0.00032004401087760927
(30,4): -0.0016562239825725555
(30,10): 0.002398645132780075
(30,16): 0.0030123914778232576
(30,29): 0.0032465294003486632
(30,38): 0.003380143493413925
(30,39): 0.006956355273723602
(30,48): -0.0026723742485046387
(30,62): 0.0015960739552974702
(30,64): 0.004421285390853882
(30,65): -0.0011644752323627472
(31,2): 0.007786668837070465
(31,6): 0.005168242901563644
(31,7): 0.005765146315097809
(31,12): 0.0015725678205490113
(31,13): 0.000542125403881073
(31,22): 0.003809129297733307
(31,32): -0.0037975459545850753
(31,40): 0.0060794040560722355
(31,50): 0.0010750435292720794
(31,58): 0.004789166674017906
(31,61): 0.00016914859414100648
(32,2): 0.0017340806126594542
(32,5): -0.008466151505708695
(32,6): -0.0011579154431819916
(32,7): 0.0014114101231098176
(32,12): -0.009103159606456756
(32,13): -0.003487202525138855
(32,22): 0.00034801363945007323
(32,31): 0.00356026291847229
(32,40): -0.0010037653148174286
(32,56): -0.002301216498017311
(33,0): -0.0008468790352344512
(33,17): 0.004461114332079887
(33,18): 0.0029942411184310912
(33,19): 0.0017131945490837096
(33,20): 0.000611337274312973
(33,21): 0.001443253606557846
(33,55): -0.003193047046661377
(33,62): 0.00010509490966796875
(33,64): 0.00012528792023658753
(34,13): -0.0005540120601654053
(34,14): -0.009934234023094178
(34,23): 0.0002625134587287903
(34,24): -0.0006216266006231308
(34,25): 0.000594179779291153
(34,26): 0.0007729334384202957
(34,27): 0.0012730790674686432
(34,28): -6.320476531982422e-06
(34,35): 0.004334306120872497
(34,36): -0.0013035434484481813
(34,37): -2.597004175186157e-05
(34,50): -0.0008403688669204711
(35,13): -0.0012446816265583038
(35,23): 0.0009133149683475494
(35,24): 0.0011618642508983612
(35,25): 0.001022089421749115
(35,26): 0.000648670494556427
(35,27): 0.000121099054813385
(35,28): 0.0011380615830421448
(35,34): 0.0005354087054729461
(35,36): 0.002134457528591156
(35,37): -5.7523548603057863e-05
(35,61): 0.0007987719774246216
(36,14): 9.945616126060486e-05
(36,23): 0.00027844414114952087
(36,24): 0.0006020689010620118
(36,25): 0.0004027386009693146
(36,26): 0.0013948550820350647
(36,27): -0.0011786589026451112
(36,28): 0.0009364889562129974
(36,34): 0.0012293101847171784
(36,35): 0.0005218462646007538
(36,37): 0.0011254513263702392
(36,63): 0.0005239686369895935
(37,4): -0.002243853211402893
(37,9): 0.002338939756155014
(37,11): 0.003980759680271149
(37,14): 0.0044698590040206905
(37,23): 0.0009420382976531983
(37,24): 0.00017786651849746704
(37,25): 0.0030188900232315063
(37,26): 0.005563109666109085
(37,27): 0.0018960142135620117
(37,28): 0.0003817880153656006
(37,34): 0.004921039789915085
(37,35): -0.0005982363224029541
(37,36): 0.0008926545083522796
(37,50): 0.005936973989009857
(37,58): 0.0018894217908382415
(38,3): -0.0054866611957550045
(38,10): 0.0017836424708366394
(38,15): 0.002622901648283005
(38,16): 0.0004115776717662811
(38,29): 0.0025087888538837433
(38,30): 2.4919360876083373e-05
(38,39): -0.0022518354654312133
(38,47): 0.0033505439758300783
(38,51): 0.0014762386679649353
(39,0): 0.0055925360321998595
(39,4): -0.003054821938276291
(39,10): 0.001796695291996002
(39,16): -0.004019599705934525
(39,29): 0.002006514072418213
(39,30): 0.0017040972411632538
(39,38): 4.912957549095154e-05
(39,57): 0.002353223264217377
(40,2): -0.0014308080077171325
(40,5): 0.0025194765627384185
(40,6): 0.00678674504160881
(40,7): 0.002076682150363922
(40,9): 0.001498008519411087
(40,12): 0.005939688012003899
(40,13): -0.002511540800333023
(40,22): 0.0005125843733549118
(40,31): 0.00030664220452308655
(40,32): 0.004253134578466416
(40,56): 0.005360115170478821
(40,57): 0.003022632598876953
(41,0): 0.007399357855319977
(41,1): -0.0019025366008281709
(41,3): -0.0004530014842748642
(42,2): 0.004112449735403061
(42,4): -0.009688744992017747
(42,5): 0.004054676294326782
(42,6): 0.0011539086699485779
(42,44): 0.013705376237630844
(42,50): -0.008601235896348954
(42,58): 0.00614503026008606
(43,0): -0.001973986178636551
(43,1): 0.0021715792268514633
(43,3): 0.014257837682962418
(43,47): -0.008717054575681686
(43,51): -0.009700514823198319
(44,1): -0.00403596818447113
(44,2): -5.374543368816376e-05
(44,5): 0.0016840577125549316
(44,6): -0.0027105996012687684
(44,7): 0.004010558128356934
(44,42): -0.0032536304742097856
(44,50): 0.003431317061185837
(44,61): -0.009904708564281463
(46,9): -0.001923607736825943
(46,58): 0.016189119592309
(47,15): 0.002824907600879669
(47,38): -0.0010988225042819976
(47,43): -0.007900488972663879
(48,14): 0.0019154319167137147
(48,16): 0.0013771378993988038
(48,24): -0.0012511137127876283
(48,30): 0.00041435226798057555
(48,66): 0.0036683666706085207
(48,69): -0.003231506496667862
(49,10): 0.0006048506498336791
(49,52): 0.0018514463305473329
(49,64): 0.0006097929179668427
(50,22): 0.001199021339416504
(50,31): 0.005747078210115433
(50,34): 0.0024536125361919402
(50,37): 0.0055907687544822695
(50,42): -0.00318991020321846
(50,44): -0.008993638902902603
(51,15): 0.0005260944366455078
(51,17): -0.0005508890002965928
(51,38): -0.0006652042269706726
(51,43): 0.004731277972459793
(52,15): -0.0003010784834623337
(52,49): -0.00028257399797439577
(52,64): 0.0007491213083267212
(53,18): 0.0049261883646249775
(54,19): 0.001686674952507019
(54,56): 0.0008334088325500489
(55,19): 0.0031367699801921846
(55,21): 0.0013433593511581422
(55,33): 0.0008954375982284546
(55,57): 0.0006958192586898804
(56,20): -0.0004021531343460083
(56,32): 0.0013178056478500367
(56,40): 0.0026981568336486815
(56,54): 0.0007435157150030136
(56,57): 0.0005055394768714905
(56,60): -0.004096120893955231
(57,13): 0.001899958997964859
(57,14): 0.002306554913520813
(57,20): 0.00011963576078414917
(57,22): 0.0020755790174007416
(57,27): 0.002906568869948387
(57,29): 0.0038091804087162016
(57,39): 0.008089923933148384
(57,40): 0.009235831946134566
(57,55): 0.0001624429225921631
(57,56): 0.0017132322490215303
(58,11): 0.011280359029769897
(58,12): 0.008260465860366821
(58,14): 0.006711256504058838
(58,21): 0.0036051496118307113
(58,22): 0.007163367718458175
(58,23): -0.0013909423351287841
(58,26): -0.00027265459299087526
(58,27): 2.4311244487762453e-07
(58,31): -0.002225021868944168
(58,37): -0.00029753416776657105
(58,42): -0.008872862458229065
(58,46): -0.022759776264429092
(59,13): 0.004958910048007965
(59,18): 0.0011778095364570619
(59,21): 0.0006078390777111053
(59,22): 0.002414478659629822
(59,27): 0.0016883531212806703
(59,60): 0.0027910996973514557
(60,22): 0.0010659338533878327
(60,56): 0.0002389688789844513
(60,59): -0.0013225004076957703
(61,22): 0.0005697956681251525
(61,23): 0.00048639148473739624
(61,31): 0.0011933422088623046
(61,35): -0.00023806586861610412
(61,44): 0.0040796735882759096
(62,11): 0.01343816265463829
(62,24): 0.0010106179118156433
(62,25): -0.0018048201501369475
(62,26): 0.00026167809963226316
(62,30): 0.0045945622026920315
(62,33): 0.0013911110162734986
(62,63): 0.0012755820155143738
(63,16): 0.00044231727719306946
(63,27): -8.705317974090576e-05
(63,36): -2.539798617362976e-05
(63,62): -0.0017696870863437653
(64,23): -0.0014659810066223146
(64,24): 0.0004762054979801178
(64,30): -0.001173415184020996
(64,33): 0.0005519595742225647
(64,49): 0.0017720866203308106
(64,52): 0.001595572531223297
(64,66): 0.001941627860069275
(65,11): 0.004736750870943069
(65,15): -0.0018217499554157258
(65,21): 5.6229233741760254e-05
(65,30): -0.00010160744190216065
(66,16): 0.0047212369740009304
(66,25): 0.00048764035105705264
(66,48): 0.0006399506330490112
(66,64): 0.001549275666475296
(67,19): 0.0023207347095012664
(67,27): 0.006193718612194061
(67,29): 0.0009005860984325409
(68,12): -0.00122404545545578
(68,17): 0.0006688964366912841
(68,23): 0.0013684826344251633
(68,25): 0.0007173377275466919
(68,28): 3.3678114414215087e-06
(69,26): 0.0010258978605270385
(69,48): 0.0011584523320198059
(70,24): 0.007047826051712036
(70,28): -0.0005472825467586518
