Interaction name: 6fng

Affinity: 7.139999866485596
Predicted class: 1
Predicted probability: 0.8480698466300964
Sum of phi edges: 0.6850484237447384

Interaction statistics:

Number of total edges connecting protein pseudo-atoms: 18
Number of total edges connecting ligand pseudo-atoms: 107
Number of total edges connecting protein and ligand pseudo-atoms: 62

Pertinent positive set edge index: tensor([[17, 23, 25, 39, 12, 14, 11, 55, 50, 17,  7, 44,  7,  7, 38, 57, 45, 21,
         18, 45, 17, 39, 18, 39, 57, 17,  7, 50, 57, 54, 16, 18, 16,  9, 45, 18,
         53, 17, 27, 17,  7, 46, 43, 41, 38, 23, 19, 57, 17, 22, 22, 19, 10, 24,
         24, 37, 41, 17, 49, 57, 18,  7,  9, 11, 39, 38, 13, 45, 19, 26, 18, 16,
         56, 39, 16, 31,  0, 36, 17],
        [51, 42, 51, 12, 37, 52, 44, 21, 13, 46, 41, 24, 34, 35, 22, 26, 13, 55,
         56, 11, 47, 20, 49, 26, 14, 48, 38,  9, 15, 20, 53, 36, 47, 43, 14, 50,
         49, 25, 23, 50, 10, 11, 24, 34, 10, 40, 48, 56, 15, 37, 38, 50, 38, 43,
         44, 22, 40, 54, 53, 19, 54, 36, 23, 46, 17,  7, 45, 46, 54, 57, 57, 13,
         12, 18, 48,  2, 30,  7, 16]], device='cuda:0')

FID- using pertinent positive set: 0.3425922393798828

Number of pertinent positive edges connecting protein pseudo-atoms: 5 (27.8%)
% w.r.t. total number of pertinent positive edges: 7.5%)
Number of pertinent positive edges connecting ligand pseudo-atoms: 7 (6.5%)
% w.r.t. total number of pertinent positive edges: 10.4%)
Number of pertinent positive edges connecting protein and ligand pseudo-atoms: 55 (88.7%)
% w.r.t. total number of pertinent positive edges: 82.1%)

Minimal top k set edge index: tensor([[17, 23, 25, 39, 12, 14, 11, 55, 50, 17,  7, 44,  7,  7, 38, 57, 45, 21,
         18, 45, 17, 39, 18, 39, 57, 17,  7, 50, 57, 54, 16, 18, 16,  9, 45, 18,
         53, 17, 27, 17,  7, 46, 43, 41, 38, 23, 19, 57, 17, 22, 22, 19, 10, 24,
         24, 37, 41, 17, 49, 57, 18,  7,  9, 11, 39, 38, 13, 45, 19, 26, 18, 16,
         56, 39, 16, 31,  0, 36, 17,  9, 16, 48, 39, 30, 17, 41, 37, 50, 18, 34,
         50, 20, 57, 29, 12, 32, 13, 56, 19, 18, 34, 46, 23, 29,  3, 13, 50,  1,
          4, 47, 43, 20, 52, 29, 28, 54, 23,  2, 48,  0,  6, 26, 14, 14, 10, 17,
         27,  2, 28, 56,  6,  3,  1, 41,  3, 26, 29,  1, 21, 19,  4,  6,  9, 46,
          5,  4,  9, 54, 20, 33, 15, 15, 17, 46, 51, 21, 31, 49,  1, 10, 20,  1,
         25,  6, 10, 15,  4, 45,  6,  9, 40,  5, 40, 22, 36,  8, 14, 14, 16,  3,
          6, 25, 27,  0, 25, 12, 47, 10, 36, 33, 32,  9],
        [51, 42, 51, 12, 37, 52, 44, 21, 13, 46, 41, 24, 34, 35, 22, 26, 13, 55,
         56, 11, 47, 20, 49, 26, 14, 48, 38,  9, 15, 20, 53, 36, 47, 43, 14, 50,
         49, 25, 23, 50, 10, 11, 24, 34, 10, 40, 48, 56, 15, 37, 38, 50, 38, 43,
         44, 22, 40, 54, 53, 19, 54, 36, 23, 46, 17,  7, 45, 46, 54, 57, 57, 13,
         12, 18, 48,  2, 30,  7, 16, 36, 25, 16,  9, 39, 39,  7, 12, 19, 39, 41,
         17, 54, 18, 18, 56, 45, 16, 57, 57, 17,  7, 43,  9,  2,  2, 50, 18, 17,
         21, 16, 56,  4, 14,  6,  3, 17, 41, 29, 19, 12, 25, 13, 45, 12,  8, 18,
          8, 18,  1, 46, 14, 19, 19, 23, 31, 14,  1, 28, 28,  3, 19, 15, 39, 45,
         11, 28, 50, 19,  3, 57, 16, 57,  2, 17, 25,  4,  4, 47,  6, 22, 28,  3,
         14,  1, 24,  6, 20, 32, 33,  8, 41,  9, 34, 10,  9, 10, 57, 13,  6, 17,
         26, 16, 22,  9,  6, 14, 49, 27, 51,  6,  5,  0]], device='cuda:0')

FID+ using minimal top-k set: 0.3569942116737366

Number of minimal top-k edges connecting protein pseudo-atoms: 13 (72.2%)
% w.r.t. total number of minimal top-k edges: 10.7%)
Number of minimal top-k edges connecting ligand pseudo-atoms: 48 (44.9%)
% w.r.t. total number of minimal top-k edges: 39.3%)
Number of minimal top-k edges connecting protein and ligand pseudo-atoms: 61 (98.4%)
% w.r.t. total number of minimal top-k edges: 50.0%)

Trustworthiness of the explanation: 0.4627174860870433

Number of relevant edges connecting protein pseudo-atoms: 5 (27.8%)
% w.r.t. total number of relevant edges: 7.6%)
Number of relevant edges connecting ligand pseudo-atoms: 6 (5.6%)
% w.r.t. total number of relevant edges: 9.1%)
Number of relevant edges connecting protein and ligand pseudo-atoms: 55 (88.7%)
% w.r.t. total number of relevant edges: 83.3%)

Shapley values for edges: 

(0,5): -2.137497067451477e-05
(0,9): 0.00023634694516658784
(0,12): 0.0009520533680915833
(0,13): -0.004126557260751724
(0,25): 1.0806769132614136e-05
(0,27): -9.891971945762635e-05
(0,30): 0.003622778356075287
(1,2): -0.0039033274352550506
(1,3): 0.0003332994133234024
(1,6): 0.00036367014050483706
(1,17): 0.0017190931737422943
(1,19): 0.0006620379537343979
(1,20): -0.0016711101680994033
(1,26): -0.0002508073300123215
(1,28): 0.0005794695764780044
(1,29): -4.085376858711243e-06
(2,1): -0.01112653985619545
(2,3): 8.097916841506958e-05
(2,17): -0.00017260894179344177
(2,18): 0.0007604709267616271
(2,29): 0.0009749433398246765
(2,31): -0.0006359831988811493
(3,1): 7.318869233131408e-05
(3,2): 0.0018346086889505387
(3,17): 0.00025332532823085785
(3,19): 0.0006723184883594513
(3,20): -3.3165961503982544e-05
(3,28): -0.0016435218602418899
(3,29): -3.251053392887115e-05
(3,31): 0.0005895751714706421
(4,19): 0.0005229253321886063
(4,20): 0.0003060302883386612
(4,21): 0.001635400727391243
(4,28): 0.0004516556113958359
(4,31): -3.4528970718383786e-05
(5,0): 2.375870943069458e-05
(5,8): -0.00224803626537323
(5,9): 0.00028353571891784666
(5,11): 0.0004584532231092453
(5,12): 0.00010814264416694641
(5,13): 0.00011826641857624054
(5,24): -0.00038406819105148317
(5,25): -0.0019423646479845046
(5,27): -0.0002611428499221802
(5,32): 2.2815093398094178e-05
(6,1): 0.0003138688951730728
(6,12): -0.0008578485995531083
(6,14): 0.000686502680182457
(6,15): 0.0005042891949415207
(6,16): 0.00010322146117687225
(6,17): -1.0058283805847169e-09
(6,25): 0.0008930785953998565
(6,26): 0.0002453117817640305
(6,29): 4.220008850097656e-06
(6,33): 0.00030312858521938326
(7,8): -0.000350242480635643
(7,9): 5.597896873950958e-05
(7,10): 0.007949673421680927
(7,22): -0.00013169564306735992
(7,23): -0.00019412100315093994
(7,27): -0.00012871794402599334
(7,34): 0.012400927171111107
(7,35): 0.012353173717856407
(7,36): 0.005489462614059448
(7,38): 0.009246672242879868
(7,41): 0.012889955043792724
(8,5): -0.017246964052319527
(8,7): 1.1044889688491822e-05
(8,9): -0.00012081541121006012
(8,10): 0.00026287510991096497
(8,11): -0.0004954785108566284
(8,22): -8.148886263370514e-05
(8,23): 8.370727300643921e-05
(8,24): 2.945907413959503e-05
(8,27): -0.00014870494604110718
(9,0): 0.00013010263442993165
(9,5): -2.5184452533721922e-06
(9,7): -2.2234097123146057e-05
(9,8): 0.00030189186334609984
(9,10): -0.00018033623695373535
(9,11): -3.062620759010315e-05
(9,22): -8.716695010662079e-05
(9,23): 0.00520337775349617
(9,24): -6.426587700843812e-05
(9,36): 0.0034294828772544863
(9,39): 0.0004812781512737274
(9,43): 0.008645044639706612
(9,50): 0.0004501660168170929
(10,7): -2.7352869510650633e-05
(10,8): 0.0008464179933071137
(10,9): -9.317301213741302e-05
(10,11): -0.0007586829364299774
(10,22): 0.0003507415950298309
(10,23): 9.828008711338043e-05
(10,24): 0.0003094222396612167
(10,27): 0.00021620973944664002
(10,38): 0.006492075547575951
(11,5): 0.00012663081288337706
(11,8): 1.8378570675849915e-05
(11,9): 2.7902796864509584e-05
(11,10): -0.0004289837181568146
(11,24): -0.0003139813989400864
(11,27): -0.0001765858381986618
(11,44): 0.015352084040641785
(11,45): -0.0006406249105930328
(11,46): 0.004985484182834625
(12,0): -0.00015106208622455596
(12,5): 7.928039878606796e-05
(12,6): 2.1712183952331542e-05
(12,13): 0.00011237651109695435
(12,14): 0.00023157812654972076
(12,15): -0.00021264418959617614
(12,25): -0.00016304373741149903
(12,26): -0.0002148236334323883
(12,37): 0.016431777253746987
(12,39): -0.0005441968888044357
(12,56): 0.0023289573192596435
(13,0): -0.003493083715438843
(13,5): -0.00010445602238178253
(13,12): -0.00029119469225406645
(13,14): 5.848310887813568e-05
(13,15): -3.3996477723121645e-05
(13,16): 0.002096683159470558
(13,25): -0.00032992906868457795
(13,26): -0.00014436207711696625
(13,45): 0.0048125749081373214
(13,50): 0.0018203672021627425
(14,6): -0.001441480815410614
(14,12): 0.0008508260548114777
(14,13): 0.00025695867836475375
(14,15): 7.450014352798462e-05
(14,16): -9.256869554519654e-05
(14,25): -0.0003608579933643341
(14,26): 4.173070192337036e-06
(14,45): 0.0008551076799631119
(14,52): 0.015998436138033867
(14,57): 0.00025793284177780154
(15,6): 0.00030815646052360533
(15,12): -0.0002931170165538788
(15,13): 5.7465359568595885e-05
(15,14): -6.577447056770324e-06
(15,16): 0.0004129955917596817
(15,17): -0.0009249874204397202
(15,25): -0.00027938030660152436
(15,26): 9.007751941680908e-06
(15,57): 0.00041278995573520663
(16,6): 0.00025656543672084806
(16,13): 0.004148675054311752
(16,14): -0.00010762713849544525
(16,15): -0.00011953465640544891
(16,17): -0.000368373841047287
(16,25): 0.0034236712753772736
(16,26): -0.0002224082499742508
(16,47): 0.008694690614938737
(16,48): 0.0037921445816755297
(16,53): 0.008795563355088234
(17,1): -5.1679871976375577e-05
(17,2): 0.00040979519486427306
(17,3): -0.0001126009225845337
(17,6): 3.321848809719086e-05
(17,15): 0.006946937665343284
(17,16): 0.003454427048563957
(17,18): 0.0007675359398126602
(17,25): 0.008194315955042839
(17,26): -0.0001390545815229416
(17,29): -0.00016056634485721587
(17,39): 0.0030002029985189437
(17,46): 0.013441458642482758
(17,47): 0.010446882471442223
(17,48): 0.00969858594238758
(17,50): 0.008047830909490586
(17,51): 0.019681617990136145
(17,54): 0.006113294288516044
(18,2): -0.00014117278158664703
(18,17): 0.0020295828208327293
(18,29): -0.0008292717486619949
(18,36): 0.00872434064745903
(18,39): 0.0027600523829460146
(18,49): 0.010380914881825447
(18,50): 0.008347093351185322
(18,54): 0.005681011304259301
(18,56): 0.011102158427238464
(18,57): 0.004419713765382766
(19,1): 3.3364221453666685e-05
(19,3): 0.0005289068073034286
(19,4): -0.0007856611162424087
(19,20): -7.189765572547913e-05
(19,21): -0.0012660331279039383
(19,28): -0.0011628611385822295
(19,29): -0.0009880915284156799
(19,48): 0.007329454198479652
(19,50): 0.006642073914408683
(19,54): 0.004646846130490303
(19,57): 0.0020343098044395447
(20,1): -0.000903940573334694
(20,3): 0.0004285760223865509
(20,4): 0.0013867905735969544
(20,19): -0.0005786921828985214
(20,21): -0.0013680914044380188
(20,28): 0.000346333384513855
(20,39): -0.005311837047338485
(20,54): 0.002555912286043167
(21,4): 0.0003988715261220932
(21,19): -0.0014040835946798325
(21,20): -0.00015564315021038055
(21,28): 0.0005565159022808075
(21,55): 0.011130362451076507
(22,7): -1.6299262642860413e-05
(22,8): 5.982600152492523e-05
(22,9): -0.00020711295306682586
(22,10): 0.0002710425853729248
(22,23): -9.125404059886932e-05
(22,27): -0.00010558769106864929
(22,37): 0.006691885367035866
(22,38): 0.0066589868068695065
(23,7): -2.4674832820892335e-05
(23,8): 6.8172067403793336e-06
(23,9): 0.00190699502825737
(23,10): -0.00016964726150035857
(23,22): 5.8411285281181335e-05
(23,27): -0.003185988217592239
(23,40): 0.007334268614649773
(23,41): 0.0010419866442680358
(23,42): 0.019630177915096282
(24,5): -0.00026156686246395114
(24,8): -0.0004539705812931061
(24,9): -0.00014344304800033568
(24,10): 7.032178342342377e-05
(24,11): -0.0006058342754840851
(24,27): 4.4767335057258604e-05
(24,43): 0.006426550224423408
(24,44): 0.006397403180599213
(25,0): 0.00011653609573841094
(25,5): -0.002651514373719692
(25,6): 0.00023361489176750182
(25,12): -0.0003923656791448593
(25,13): 5.897596478462219e-05
(25,14): 0.00031464315950870516
(25,15): -0.0002784585952758789
(25,16): 0.0002393883466720581
(25,17): 5.8997422456741335e-06
(25,26): -0.00023332886397838592
(25,51): 0.01892034016549587
(26,1): -3.078214824199677e-05
(26,6): -3.0072033405303955e-06
(26,12): -5.388259887695313e-06
(26,13): 0.0008560662716627121
(26,14): 0.0005888017266988755
(26,15): 9.472765028476714e-05
(26,16): -0.0002572842687368393
(26,17): -0.0010678745061159134
(26,25): -9.867824614048005e-05
(26,39): -0.001921534463763237
(26,57): 0.00451400950551033
(27,0): -0.00018063686788082122
(27,5): -5.905583500862122e-05
(27,7): 5.1182955503463744e-05
(27,8): 0.0007647289335727691
(27,10): 0.0001215982437133789
(27,11): -0.00013609297573566437
(27,22): 0.00023900657892227172
(27,23): 0.008186858519911766
(27,24): -8.631698787212372e-05
(28,1): 0.0007285194844007492
(28,3): 0.001267295554280281
(28,4): -0.00035553693771362305
(28,19): -2.0061954855918885e-05
(28,20): -0.0002029317617416382
(28,21): -0.0019463691115379333
(29,1): 0.0005831021815538406
(29,2): 0.0018505805730819702
(29,3): -0.0004423783719539642
(29,6): 0.00128607876598835
(29,17): 2.9174983501434325e-06
(29,18): 0.0024611444771289823
(29,19): -0.000185488760471344
(30,0): 5.319699645042419e-05
(30,39): 0.003248186632990837
(31,2): 0.0036799709498882296
(31,3): -0.007386359870433807
(31,4): 0.0003774687647819519
(32,5): 0.00013325944542884826
(32,45): 0.0022706139832735063
(32,46): -0.0012062804400920868
(33,6): 0.00016770325601100922
(33,48): -0.00018432565033435822
(33,51): -0.001474280133843422
(33,57): 0.0004185272008180618
(34,7): 0.0019935292750597
(34,40): -0.00032669499516487123
(34,41): 0.0027566353231668474
(35,7): -0.0008407416939735413
(36,7): 0.003564414158463478
(36,9): 0.00026983343064785004
(36,18): 5.432911217212677e-05
(36,51): 0.0001857302337884903
(37,12): 0.002932877168059349
(37,22): 0.006350460723042488
(37,41): 3.659941256046295e-05
(38,7): 0.004846152067184448
(38,10): 0.00735585704445839
(38,22): 0.012314506396651268
(39,9): 0.003276112824678421
(39,12): 0.018418033868074418
(39,17): 0.004875143170356751
(39,18): 0.003854612559080124
(39,20): 0.010381116271018983
(39,26): 0.01006148099899292
(39,30): -0.0031063070893287657
(40,23): -0.00038316577672958374
(40,34): 0.000274992436170578
(40,41): 0.0002989206463098526
(41,7): 0.002946261465549469
(41,23): 0.0006146044284105301
(41,34): 0.007374647110700607
(41,37): 2.5418251752853393e-05
(41,40): 0.006178350597620011
(42,23): -0.0010068387538194655
(43,9): -3.8055405020713806e-05
(43,24): 0.007500717416405678
(43,46): -0.0003681261092424393
(43,56): 0.0014174285531044007
(44,11): -0.001132868528366089
(44,24): 0.012503906711935997
(45,11): 0.010691904053092003
(45,13): 0.01131588451564312
(45,14): 0.008477876856923104
(45,32): 0.0003053134679794312
(45,46): 0.004800978228449822
(46,11): 0.007909473404288292
(46,17): 0.00040614597499370573
(46,32): -0.0025329655408859253
(46,43): 0.0019798188656568526
(46,45): 0.00047525547444820403
(46,56): -0.0004910116642713547
(47,16): 0.001631675437092781
(47,17): -0.00035748690366744996
(47,49): 0.00021976254880428313
(48,16): 0.0033052297681570053
(48,17): 7.44013488292694e-05
(48,19): 0.000973399430513382
(48,33): -0.000583498626947403
(49,18): -0.0003778388351202011
(49,47): 0.0003724731504917145
(49,53): 0.006073718294501305
(50,9): 0.009208297431468964
(50,13): 0.014044830724596977
(50,17): 0.0025645774602890015
(50,18): 0.0017955593764781951
(50,19): 0.002893528714776039
(51,17): -0.0018348561972379685
(51,25): 0.00040553636848926543
(51,33): -0.0022126152366399765
(51,36): 5.0794705748558046e-05
(52,14): 0.0013192927092313767
(53,16): 7.326230406761169e-06
(53,49): 0.008222631216049194
(54,17): 0.0011450420320034027
(54,18): -0.00221902996301651
(54,19): 0.00043706178665161135
(54,20): 0.009048054590821267
(55,21): 0.014178019165992737
(56,12): 0.004031386598944664
(56,18): -0.001972292438149452
(56,43): -0.0005289570987224579
(56,46): 0.0006905841082334519
(56,57): 0.0020779433846473696
(57,14): 0.009855854734778404
(57,15): 0.00919269822537899
(57,18): 0.0024829111993312837
(57,19): 0.006034539639949798
(57,26): 0.011641118079423904
(57,33): -3.5919174551963805e-05
(57,56): 0.007291388958692551
