Test set index: 633

Target Class: 1

Target compound: RANDOM

Sum of Shapley Values: 0.010397697015432646

Shapley values:
0.0020492634177207945
0.0011596822738647462
0.009744745939970016
-0.009866505861282349
0.0029236364364624025
0.004750978052616119
-0.005892641693353653
0.004417911171913147
-0.006190443933010101
0.006933104619383812
-0.008606675416231155
0.00048408538103103635
0.0031567469239234926
-0.009145029783248902
-0.007009664326906204
0.014603566527366638
-0.003028380274772644
0.007993646562099457
0.007573103221366182
0.0032495445013046263
-0.002334916542749852
-0.008098412454128266
-0.012439666986465455
-0.008801262527704239
0.03270796149969101
-0.009150343015789986
-0.0025199759006500244
-0.00334297776222229
0.006387422457337379
-0.0016644126176834106
0.007516630217432976
0.009222317039966583
-0.00022654354572296142
0.007237386554479599
-0.005118784829974175
-0.0023325145244598388
0.005508489012718201
-0.02845826618373394
-0.0011457690596580505
0.0011743670701980591
-0.00643875390291214
-0.0011452972888946534
0.003428194336593151
0.02447182446718216
-0.010274696499109268
-0.0030649757385253907
