Test set index: 76

Target Class: 0

Target compound: TARGET

Sum of Shapley Values: 0.6576794339842809

Shapley values:
0.023399930080998884
-0.014443733197178586
-0.012659119716755507
0.03357761709074172
0.0270806405403836
-0.04450098147876764
-0.020346090359959112
0.06799033720030546
-0.008730001759639828
-0.0055128103287303935
0.016823309134187163
-0.017809765386892832
0.01673044362593629
-0.0161976303052815
0.007842903164481297
0.002651509981033534
0.0022822336497471296
0.055296637601688056
0.007433650252979832
-0.028964133566403052
-0.029402495027987176
-0.010315742427611775
0.04849539499059606
0.07334580705543006
0.03919844935492723
-0.009175422876846886
0.0034518099004883086
0.08691887606306416
0.061293840725821024
0.022114001277883374
0.05664845372668512
-0.041028881930760014
0.021152540749899265
0.002426989383084568
-0.0006054027943865818
0.009008674023849653
0.0023416353478980505
-0.00427994741785683
0.003966862149922276
0.04839996279420292
-0.026947646753354995
-0.061825891380186515
-0.056126488875609365
0.07098144318087976
0.08690499224851549
0.1320294983646559
-0.011102673142327307
-0.08095419749100205
-0.08536588230218509
0.002018909419437601
-0.023639432657366777
0.007879554837956269
0.02761241673562016
-0.026532949847897655
0.012672384747541128
0.001974524904936765
0.003510889047473339
0.014900078916538386
-0.01754684553669061
0.022897168985799358
0.0036642270866388766
-0.027961669214994024
0.007887864760870793
0.0034719569412151275
0.14094515733678545
-0.0840462212406976
-0.0645637721276221
0.08556376644977082
0.053171364053993385
0.0011083474266187264
0.013080204852517381
-0.0008652783294177496
0.00805187597419187
0.01512330913969718
0.04068141770803232
-0.006873321527230555

Minimal top-k Set:
Set indices on edge ranking: [64, 45, 27, 44, 67]
Set edge index: tensor([[28, 19, 12, 19, 30],
        [29, 21, 13, 20, 28]], device='cuda:0')
FID+: 0.9905324811115861

Pertinent Positive Set:

Pertinent set edge index: tensor([[28, 19, 12, 19],
        [29, 21, 13, 20]], device='cuda:0')
FID-: 3.6716461181640625e-05