Test set index: 76

Target Class: 0

Target compound: TARGET

Sum of Shapley Values: 0.9706618146240064

Shapley values:
0.04234691727061655
-0.010451827405175324
-0.0037923009067045814
0.036734676082047606
0.0052170526493949855
-0.02018784011158256
-0.046934818546732406
0.04270248367516828
0.0017870475501504154
-0.003946165122652927
0.0050524461913401195
0.004830706321005799
-0.000498820025065026
-0.0005104426654667753
0.001602429173897396
-0.014654893108669879
0.007410885327146533
-0.01879665877730851
-0.00612244623274564
-0.0051584999405030274
-0.032882642442512634
0.01959377010585567
0.08195595579239297
0.08461800349779355
-0.03165417443246077
0.0097485866026387
0.04280483961732777
0.03961569110823276
0.03309322988718889
0.03233895302486438
0.13445694496982533
-0.03410916032038338
0.017529016261818672
0.07374719989201173
0.019794690340324245
0.0024583051091892176
0.0065854593729225775
0.012106447665154684
0.02102003399947719
0.09670775247324714
0.09844089351183007
0.009366801429609996
-0.002689892498787302
0.019552336883545206
0.011217474002940882
0.05786258253262821
-0.008712697995796761
-0.013428008163109217
0.02106351651182282
0.0017339813087009623
-0.010743424281287326
-0.00018561268942149066
0.001630040648902541
-0.004074497768785178
0.000982192288847618
-0.00019119892159852515
0.001798486397920854
0.002893894435191381
-0.0079689905188397
0.009969096927808375
0.005165344244436182
-0.007272286781308059
0.013090020253858239
-0.006026393832772076
0.002260590709881447
-0.013582081660819374
-0.03001236572024968
-0.005224184405094574
0.012527825220951826
0.034021446749114045
-0.006878482569569322
0.025755278075722116
0.0144064683686587
0.037718712420498964
0.015290165829212301
0.044745949756292716

Pertinent Negative Set:
Pertinent set indices on edge ranking: [30, 40, 39, 23, 22]
Pertinent set edge index: tensor([[13, 17, 17, 10, 10],
        [33, 31, 18, 34, 11]], device='cuda:0')
FID+: 0.9999729150513303

Pertinent Positive Set:

Pertinent set edge index: tensor([[13, 17, 17, 10, 10, 14, 19, 34, 12,  4,  0, 12, 33,  1, 31, 13, 13, 32,
         21],
        [33, 31, 18, 34, 11, 32, 21, 33, 11,  3,  1, 13, 34,  3, 32, 12, 14, 31,
         19]], device='cuda:0')
FID-: 0.02146303653717041
Pertinent Negative Set GNNExplainer:
Pertinent set indices on edge ranking: [74, 68, 24, 75, 37, 35, 60, 73, 72, 31, 34, 49, 32, 25, 29, 10, 39, 59]
Pertinent set edge index: tensor([[34, 31, 11, 34, 16, 15, 27, 33, 33, 14, 15, 22, 14, 11, 13,  5, 17, 26],
        [10, 17, 10, 33, 17, 16, 22, 34, 13, 13, 14, 19, 15, 12, 14,  4, 18, 27]],
       device='cuda:0')
FID+: 0.997632225509733

Pertinent Positive Set GNNExplainer:

Pertinent set edge index: tensor([[34, 31, 11, 34, 16, 15, 27, 33, 33, 14, 15, 22, 14, 11, 13,  5, 17, 26,
          1,  0, 17, 12, 10, 10, 13, 14, 13, 17],
        [10, 17, 10, 33, 17, 16, 22, 34, 13, 13, 14, 19, 15, 12, 14,  4, 18, 27,
          0,  1, 16, 11,  9, 11, 33, 32, 12, 31]], device='cuda:0')
FID-: 0.0017750859260559082