Test set index: 76

Target Class: 0

Target compound: TARGET

Sum of Shapley Values: 0.9788370142776219

Shapley values:
-0.005772613846639855
0.0024350315134382817
-0.001779103572335126
0.03346702030135001
-0.004645824314830772
-0.03269386449478797
-0.02174309701291829
0.03454759482093667
-0.01667943397970343
0.0015592986616837202
0.02148242898376166
-0.002394793653393093
0.003388792317449973
-0.0007594732537480058
-0.0015679433541101583
0.0018929628928479366
-0.0024836713167365847
0.03394360573881969
0.012334525993887926
-0.008787016120244724
-0.016795569928052805
-0.0023699369053967294
0.02087700923736686
0.058484583963463906
0.03030585382983829
-0.006089980364992963
0.026077291020698997
0.030179895846417323
0.11063065950681313
0.0373112992386973
0.16733366966939955
-0.01780482162972857
-0.011392577257936642
0.13141628082742696
0.012904111510825352
-0.007039865898895336
0.005956038160372503
0.0007381123565330977
-0.007643607349981276
0.003683568413093458
0.1134792513801802
-0.0007150460557734917
0.045773369466653745
-0.020156366550038184
0.07578428427633424
0.013303623464016243
-0.017137241476242494
-0.049339051602950906
0.00740768362858627
0.045192609638656706
-0.03218454983474752
-0.0023515335790605194
0.008145234581938738
-0.028755480759800098
0.02515515410513201
-0.0029089182519813966
0.00476274273263266
0.008047630795679916
-0.008080487737416781
0.015460408492029174
0.0017921042979083138
-0.0195455343493505
0.021215225137864092
-0.014357470654105082
0.05195250160566104
0.0032237959766850967
-0.03789067114030216
0.0006447715748845162
-0.0095000611944511
0.019167358436561865
-0.012746898001833627
0.026866041905161592
0.01874270096593506
0.0344794958927633
0.03416135894745987
0.047242537612260715

Minimal top-k Set:
Set indices on edge ranking: [30, 33, 40, 28]
Set edge index: tensor([[13, 14, 17, 13],
        [33, 32, 31, 12]], device='cuda:0')
FID+: 0.984458546154201

Pertinent Positive Set:

Pertinent set edge index: tensor([[13, 14, 17, 13, 19, 10, 28, 34, 18],
        [33, 32, 31, 12, 20, 34, 29, 33, 19]], device='cuda:0')
FID-: 0.10807210206985474
Minimal top-k Set GNNExplainer:
Set indices on edge ranking: [55, 14, 64, 49, 69, 58, 67, 25, 53, 57, 56, 35, 27, 37, 71, 24, 68, 61, 11, 33, 62, 36, 65, 28, 32]
Set edge index: tensor([[24,  7, 28, 22, 31, 26, 30, 11, 23, 25, 25, 15, 12, 16, 32, 11, 31, 27,
          5, 14, 27, 16, 28, 13, 14],
        [25,  6, 29, 19, 32, 25, 28, 12, 24, 26, 24, 16, 13, 17, 31, 10, 17, 26,
          6, 32, 28, 15, 30, 12, 15]], device='cuda:0')
FID+: 0.8627050966024399

Pertinent Positive Set GNNExplainer:

Pertinent set edge index: tensor([[24,  7, 28, 22, 31, 26, 30, 11, 23, 25, 25, 15, 12, 16, 32, 11, 31, 27,
          5, 14, 27, 16, 28, 13, 14, 34, 33,  5,  6, 17,  4,  8, 34, 27, 13],
        [25,  6, 29, 19, 32, 25, 28, 12, 24, 26, 24, 16, 13, 17, 31, 10, 17, 26,
          6, 32, 28, 15, 30, 12, 15, 33, 34,  4,  7, 16,  3,  7, 10, 22, 14]],
       device='cuda:0')
FID-: 0.41931086778640747