Explaining class 0 for compound: Cc1ncoc1-c1nnc(SCCCN2C3CCC2CC(c2ccc(C(F)(F)F)cc2)C3)n1C
Shapley values for edges:
(0,1): 0.03617707274478376
(1,0): -0.0036264691931939793
(1,2): 0.020007358808639356
(1,5): 0.004536030301361198
(2,1): 0.02104971648846331
(2,3): -0.03721840753247809
(3,2): -0.00292351316388038
(3,4): 0.024242369142225884
(4,3): -0.016066513530893195
(4,5): 0.003802585848405131
(5,1): 0.0009221742130751296
(5,4): 0.0024994706184552585
(5,6): -0.002063331270917897
(6,5): -0.004129621063998744
(6,7): -0.09513732588170458
(6,32): -0.0015288448023038892
(7,6): 0.03706435267015268
(7,8): 0.005756959743928397
(8,7): 0.05710935221972854
(8,9): 0.12152407278736227
(9,8): -0.0734420937782369
(9,10): 0.08092771774935663
(9,32): 0.020668958311915998
(10,9): 0.027231801384531188
(10,11): -0.0034672457509221577
(11,10): -0.009298185878850625
(11,12): -0.01847820980070541
(12,11): 0.0927229507990846
(12,13): 0.08722653214650705
(13,12): 0.07895943171636967
(13,14): 0.052619246018307954
(14,13): 0.1166324629368011
(14,15): 0.003186618445558971
(14,18): -0.0026138694110417015
(15,14): 0.04276829786605471
(15,16): 0.06522302675976643
(15,31): 0.039693238199731785
(16,15): 0.017865046024851484
(16,17): 0.03438078212023759
(17,16): -0.01735987858797036
(17,18): 0.03057039541423693
(18,14): 0.048544176010931056
(18,17): 0.07989488205702669
(18,19): 0.06139345983045764
(19,18): 0.007018041290412432
(19,20): -0.009031314827597453
(20,19): 0.019592696568912236
(20,21): -0.011336181090883753
(20,31): 0.017541682307933945
(21,20): 0.034001392179061
(21,22): 0.038576129465123406
(21,30): 0.03017279718405973
(22,21): -0.07882809140390742
(22,23): -0.007115692727448136
(23,22): -0.00693049429446897
(23,24): -0.03614673771883111
(24,23): 0.06253650973456212
(24,25): 0.06210518859922474
(24,29): 0.0203369966452399
(25,24): -0.029126422596569047
(25,26): -0.029201052253145
(25,27): -0.042229628520554646
(25,28): -0.01693976890208674
(26,25): 0.05274021789841586
(27,25): 0.06315199450567616
(28,25): 0.02984191811555441
(29,24): -0.012726191591802985
(29,30): -0.0002663641890493977
(30,21): -0.06115253281621408
(30,29): 0.005576550483883489
(31,15): 0.035023309849823145
(31,20): -0.0032476129669508167
(32,6): -0.0006161242501439379
(32,9): -0.01357725325089558
(32,33): 0.06636415463838476
(33,32): 0.05414322356000986

Sum of Shapley values: 1.2680983693569385

Minimal top k set edge index:
[[8, 14, 12, 12], [9, 13, 11, 13]]

FID+: 0.9955662316642702

Pertinent positive set edge index:
[[8, 14, 12, 12, 9, 18, 13, 32, 15, 27], [9, 13, 11, 13, 10, 17, 12, 33, 16, 25]]

FID-: 0.21724611520767212

