sum: 0.7888953262120677 prob: 0.99

[0.01681748775015166,
 0.01107902743637267,
 0.01083947058191054,
 0.020620793944122223,
 -0.021417874921416474,
 -0.01013569396304947,
 0.04180814869660116,
 0.0159353058878262,
 -0.004350185735432326,
 0.04965765616573921,
 -0.028919117673648236,
 0.022925783170232944,
 -0.031319133903907455,
 0.04237198001954969,
 0.02963549861713759,
 0.0287284840070736,
 0.024984627553923673,
 -0.14500047961669874,
 0.155535874511455,
 0.1516565589878279,
 -0.14402719913903012,
 0.08892094828377665,
 0.030561732682996435,
 0.0022948206871867107,
 0.0076003847135576,
 0.002359891470188603,
 0.002729269374375609,
 0.0233045177166054,
 0.034983308467135606,
 0.009847532203905171,
 0.00169800085319608,
 0.04067180644696608,
 0.0012486763350693492,
 0.00039039149080462754,
 0.015513255304474787,
 -0.023253206055451316,
 0.043653658795993075,
 -0.019499216989365045,
 0.07462494021329269,
 -0.0007217700253007967,
 0.06367469391516882,
 0.020085487119422832,
 -0.03774141740506035,
 0.024331529541367764,
 -0.044390390801651976,
 0.042409736786746616,
 0.03948946364512338,
 -0.04490235351625467,
 0.06588073204920851,
 0.017109436847203233,
 -0.02817836097728269,
 0.014040848657731135,
 0.026986986979558238,
 0.03736113580510385,
 0.01641355078232068,
 0.011339663784455532,
 -0.02081638541741699,
 -0.007429402732660368,
 0.002069704165096973,
 -0.02498973945384332,
 0.013462085136245323,
 0.028332366955336575]