Test set index: 336

Target Class: 0

Target compound: TARGET

Sum of Shapley Values: 1.2119646518152292

Shapley values:
-0.1171980260613949
0.26317082854545243
0.1783891944820973
-0.022125378292332184
-0.031713398581099755
-0.08439402452412725
0.07142841532636318
-0.01426641147054946
0.006156589868786647
0.007583389175100779
-0.0015147227777640476
0.00246955876142996
0.0003282169501475212
-0.0011704962027585916
0.009251149633623777
-0.0009167881126201779
-0.020724095015729603
0.020928969374458633
0.016007068467149218
-0.0067115168333871785
0.00030112271672558033
0.012893045966633614
-0.007408057750797314
0.01850219248757433
-0.028376187731739538
0.004973394269809412
0.021245701546440635
0.017300492194010388
-0.007706766051364729
-1.978200919215405e-05
0.07564438501296478
0.006305298498361803
-0.03167558717484813
0.03658629387196952
-0.011262180201082318
0.016820624065358364
-0.013811383196114756
0.01684882168601237
-0.03848215680057111
0.01813852407913357
0.008546847308510637
-0.004697428570149148
0.010898552852825346
-0.012145663348354468
0.09561980333388068
0.04714110257356483
0.13048921401054492
0.13961360013597854
-0.003079296624462646
0.05507562931541024
-0.004868778190433749
0.0964433935518495
0.0857444538554591
-0.007221774385656329
0.052482208199475695
-0.020315771482900633
-0.023175501554243697
0.023786014558624426
0.03417145342440422
0.0010633788659634975
0.013990791399950036
0.009249748608639077
-0.011355885901850406
0.006626191564711435
-0.012124341069779472
0.02738074320239923
-0.014436909844584811
-0.01248100139374319
0.028652783413551264
0.014172157728750339
0.03053439106777473
0.04438822701698963

Minimal top-k Set:
Set indices on edge ranking: [1, 2, 47, 46]
Set edge index: tensor([[ 1,  1, 20, 20],
        [ 0,  2, 31, 21]], device='cuda:0')
FID+: 0.9973793146200478

Pertinent Positive Set:

Pertinent set edge index: tensor([[1, 1],
        [0, 2]], device='cuda:0')
FID-: 0.3586844801902771