Test set index: 336

Target Class: 0

Target compound: TARGET

Sum of Shapley Values: 0.9799105730377211

Shapley values:
-0.022745580449520863
0.10934873517047482
0.06251346324569032
-0.005734058750639584
-0.01831467334183762
-0.02509191600893267
0.033089332189365085
-0.008484442049721286
-0.005245760799569915
0.028602408877576008
-0.0032257739195004657
0.004639801515862014
-0.0070305994014372404
-0.0027197204522927663
0.011152030831582291
-0.012577134936051906
-0.004528003589702556
0.023926947114875016
0.010494211185993777
0.003662873695674703
-0.006440009902095929
0.006845926790058191
-0.0019957741474679897
0.010263364081718004
-0.014042248195169244
-0.002174120459313132
-0.024612229885880653
0.005725291387626717
-0.011616000601533734
-0.003689482127174225
0.03835889668637899
0.014635827200819915
0.04474711225637111
-0.004012717475966241
0.002641910496906815
0.00646885400141159
-0.004268339868572506
0.00286531674873544
0.001517721272232721
-0.000833145818950585
-0.0066935626328954246
-0.008526028408777014
0.00399382290487832
0.05338752252148831
-0.014786317832691678
0.09180393407307219
0.20820430356171712
0.15991621234802525
0.016460153878924414
0.046354229601696016
0.03183044959896126
0.007243624509248892
0.05285202216845572
0.012317943827223678
0.052986489556004567
-0.07095864099717404
0.0061587921843002024
0.016230011026111664
-0.004014317114758725
-0.0019474976135738298
0.001043699866778159
-0.00377124681896231
0.0033339162592438167
0.01005476896546301
0.0021618027915894706
0.015452525640159052
-0.013956674538738856
-0.001524550431425164
0.018052975657716405
0.008996700994234292
0.028109048776498904
0.02702616614690502

Minimal top-k Set:
Set indices on edge ranking: [46, 47, 1, 45, 2]
Set edge index: tensor([[20, 20,  1, 20,  1],
        [21, 31,  0, 19,  2]], device='cuda:0')
FID+: 0.9802062753587961

Pertinent Positive Set:

Pertinent set edge index: tensor([[20, 20,  1, 20,  1, 19, 23, 23, 21, 13],
        [21, 31,  0, 19,  2, 18, 30, 22, 22, 14]], device='cuda:0')
FID-: 0.12989431619644165
Minimal top-k Set GNNExplainer:
Set indices on edge ranking: [35, 70, 34, 48, 50, 47, 52, 15, 39, 54, 38, 22, 43, 69, 42, 49, 33, 40]
Set edge index: tensor([[15, 31, 14, 21, 22, 20, 23,  7, 17, 23, 16, 10, 19, 30, 18, 21, 14, 17],
        [14, 20, 15, 20, 21, 31, 22,  6, 16, 30, 17,  9, 18, 31, 19, 22, 13, 18]],
       device='cuda:0')
FID+: 0.6842420995235443

Pertinent Positive Set GNNExplainer:

Pertinent set edge index: tensor([[15, 31, 14, 21, 22, 20, 23,  7, 17, 23, 16, 10, 19, 30, 18, 21, 14, 17,
         18, 13, 28, 20],
        [14, 20, 15, 20, 21, 31, 22,  6, 16, 30, 17,  9, 18, 31, 19, 22, 13, 18,
         17, 14, 29, 21]], device='cuda:0')
FID-: 0.01687300205230713