Test set index: 336

Target Class: 0

Target compound: TARGET

Sum of Shapley Values: 0.9662852454063112

Shapley values:
-0.03525376500363794
0.12906306932622363
0.09508441065899968
-0.001501355242651944
-0.022003592650979394
-0.03405959920941027
0.025706140835141757
-0.008477461402092492
-0.003326241914123328
0.014625962330464582
-0.006325687137031231
0.0033469746253431366
-0.0029511857988057423
-0.00024537694052716814
0.005695764104119202
-0.0044188811869885795
-0.00013935946382044123
0.01493353436377473
0.0002629302995334646
0.00042828549148145876
-0.0003252030004595655
0.002394180280171787
0.0005239038780132839
0.011991584358861294
-0.005322329996677341
-0.0012246096167224843
9.484831415139616e-05
0.007871425054542365
-0.002207484537419702
-0.0001488984016821718
0.041377120017881464
-0.01290977763126796
0.0002416081414143208
-0.008172086068309214
0.005589539051721199
0.008808208428387422
0.007278380173691173
-0.0035142308663722106
0.006397063946936648
-0.001976697695226522
-0.007580749752759078
0.014964461623202453
0.03704782599397975
0.0818201446720629
0.007205807517544064
0.17261635041116616
0.08998796600851382
0.09355242947714146
0.049175567397541184
0.03144943403148938
0.034232203770176564
0.029860541192655143
0.06767709620680701
0.017159264219538176
0.02658952876590753
-0.020946255731316324
0.029241317581446675
0.017833736434134186
-0.004065046174303248
-0.012144929896694929
0.00030541617643088854
-0.010559555095244448
0.005053995449052685
-0.002415966350608121
0.004715481638462111
0.002827498945864958
-0.038560137178534265
-0.008244714682297268
0.003910838437775859
0.02072966032328849
-0.005802303093862411
0.011437227171101603

Pertinent Negative Set:
Pertinent set indices on edge ranking: [45, 1, 2, 47]
Pertinent set edge index: tensor([[20,  1,  1, 20],
        [19,  0,  2, 31]], device='cuda:0')
FID+: 0.9998215992964106

Pertinent Positive Set:

Pertinent set edge index: tensor([[20,  1,  1, 20, 20, 19, 23, 21, 13],
        [19,  0,  2, 31, 21, 18, 22, 20,  1]], device='cuda:0')
FID-: 0.007486522197723389
Pertinent Negative Set GNNExplainer:
Pertinent set indices on edge ranking: [15, 48, 37, 41, 40, 65, 64, 54, 35, 39, 68, 34, 42, 17, 60, 52, 69, 50, 9, 38, 44, 16]
Pertinent set edge index: tensor([[ 7, 21, 16, 18, 17, 28, 28, 23, 15, 17, 30, 14, 18,  7, 26, 23, 30, 22,
          4, 16, 19,  7],
        [ 6, 20, 15, 17, 18, 29, 27, 30, 14, 16, 23, 15, 19, 12, 25, 22, 31, 21,
          3, 17, 20,  8]], device='cuda:0')
FID+: 0.6625719666481018

Pertinent Positive Set GNNExplainer:

Pertinent set edge index: tensor([[ 7, 21, 16, 18, 17, 28, 28, 23, 15, 17, 30, 14, 18,  7, 26, 23, 30, 22,
          4, 16, 19,  7, 21,  6,  5, 14, 27, 31, 12, 20, 15, 11, 22, 12,  3, 19,
         25,  5,  4, 20],
        [ 6, 20, 15, 17, 18, 29, 27, 30, 14, 16, 23, 15, 19, 12, 25, 22, 31, 21,
          3, 17, 20,  8, 22,  7,  4, 13, 28, 20,  7, 31, 16, 12, 23, 11,  1, 18,
         24,  6,  5, 19]], device='cuda:0')
FID-: 0.009905755519866943