Interaction name: 5uhi

Affinity: 8.039999961853027
Predicted class: 1
Predicted probability: 0.9715939164161682
Sum of phi edges: 0.15818059504032134

Interaction statistics:

Number of total edges connecting protein pseudo-atoms: 8
Number of total edges connecting ligand pseudo-atoms: 161
Number of total edges connecting protein and ligand pseudo-atoms: 62

Pertinent positive set edge index: tensor([[34],
        [ 3]], device='cuda:0')

FID- using pertinent positive set: 0.4370396137237549

Number of pertinent positive edges connecting protein pseudo-atoms: 0 (0.0%)
% w.r.t. total number of pertinent positive edges: 0.0%)
Number of pertinent positive edges connecting ligand pseudo-atoms: 0 (0.0%)
% w.r.t. total number of pertinent positive edges: 0.0%)
Number of pertinent positive edges connecting protein and ligand pseudo-atoms: 1 (1.6%)
% w.r.t. total number of pertinent positive edges: 100.0%)

Minimal top k set edge index: tensor([[34, 31, 34,  0, 31,  4,  2, 23, 21, 32,  2,  3,  1, 18, 21, 35,  4, 33,
         33,  1, 30,  2, 51,  4, 26,  2, 23, 33, 21, 26, 32, 18, 15,  5,  3, 36,
         21, 23, 18,  2, 33, 32, 39, 17, 24, 33, 29, 12, 41, 26, 26,  8,  6, 24,
         22, 18, 17, 10, 48, 36,  7, 13, 30, 47, 30, 12, 45, 20, 21, 33, 48,  7,
         32, 11, 12, 23, 39, 19, 16, 40, 32, 11, 46, 12, 29, 52, 15, 30, 36, 20,
         14, 28, 18, 14, 19,  5,  7, 13, 14, 10, 28, 44, 11,  5, 15, 17, 37, 32,
         23, 23, 32, 14, 18, 29,  7, 33, 53, 39, 24,  2,  8, 52, 14, 30, 17, 11,
         18, 13, 11, 13, 14,  4, 24, 15,  9, 15, 22, 26, 40, 22, 28, 20, 24, 43,
          7, 22, 17,  6, 42, 14, 28, 17, 19, 23, 23, 22,  4, 44, 30, 10, 10, 15,
         22,  1, 48, 21,  8, 15, 10,  6, 25, 11, 13, 47, 27, 38,  6, 29, 14, 23,
         38,  8, 13, 17, 23,  6, 21, 16, 14, 20, 29, 14, 29, 21, 27, 38, 21, 15,
         24, 40, 14,  8,  0, 26, 22, 47, 20, 12, 35, 23, 26,  6, 17, 10, 24, 49,
          7, 27, 30, 22, 30, 47, 10,  8, 19,  7, 16, 20, 29, 12, 22, 28, 17, 16,
          6, 43, 30, 44, 38, 52, 14, 20,  0, 18, 16, 30, 26, 12, 19, 39, 10, 21,
         52, 30,  7,  6, 25, 24, 14, 10, 29, 46, 17, 36, 25, 14, 40, 29,  3, 53,
         51, 19,  3, 37, 24,  9, 14, 16, 22, 37, 12, 33, 15, 50, 13,  9, 19, 24,
         39,  2, 24, 49, 31, 21, 36, 53, 27, 21, 20, 41, 39, 19, 52,  3, 15, 18,
         28, 53, 28,  9, 32,  6, 42,  7, 37,  8, 50, 12, 14, 15, 22,  8, 27, 10,
         19, 25, 13, 37, 48,  9, 37, 23,  3, 50,  7, 21, 51, 44, 10, 25, 13, 31,
         22, 21, 24,  9, 44, 21, 52, 23, 19, 36, 20, 15, 11, 26, 15, 22, 21, 18,
         37, 27, 18, 17, 30, 50, 17, 45, 17, 22, 19, 32, 18,  7, 11, 10,  6, 13,
         25, 17,  9, 29, 20, 17, 25,  7, 43, 21, 12, 46, 15, 30, 15, 10, 21, 15,
         31, 23, 31, 26, 26,  8, 14, 10, 16, 30, 23, 12, 18, 31, 18, 32,  3, 39,
         28,  8, 13, 29, 15,  2, 24, 31, 24, 29, 10,  7, 29, 21, 26,  2,  3, 18,
         15, 29, 27, 20, 32,  4, 35,  2,  5,  4,  3, 19, 30,  2, 31,  3, 32, 17,
         12, 53, 31,  4,  0,  5,  5,  5,  5,  3,  5, 26],
        [ 3,  3,  0, 31, 26,  7, 24, 26,  8, 33, 33, 35, 11, 29, 31, 39, 19, 21,
          2, 27, 12, 10, 17, 13, 22, 22, 31, 26, 18, 31,  2, 24, 39, 15, 34, 21,
         39, 18, 31, 13, 15,  7, 12, 39, 18, 32, 12, 39, 11, 30,  8, 15,  9, 26,
         33, 26, 47, 21, 23, 13,  6, 43, 29, 51, 26,  3, 13, 28,  5, 22, 20, 11,
         17, 27, 42, 30, 13, 27, 23, 37, 22,  1, 10, 48, 39, 18, 29, 25, 24, 29,
         46, 23,  8,  7,  7, 21, 10, 39, 44, 46, 53, 13, 41, 12,  8, 37, 10,  4,
         42, 15, 10, 47,  2, 20, 19, 18, 12, 35,  8, 18, 21, 30,  2, 52, 21, 50,
         40, 37, 19,  7, 27, 22, 14,  5, 14, 23, 24, 23, 21, 32, 25, 25, 17, 47,
         37,  4, 51, 14, 12, 10, 29, 44, 53,  3, 12, 17, 14, 14, 23, 13,  6, 43,
         26,  9, 16, 50, 37, 25,  4,  7, 23,  6, 36, 17,  6,  8, 27, 25, 22, 29,
         10, 24,  4, 14, 25, 10, 40, 30,  9, 48, 15,  4, 23,  3, 19, 20,  2, 28,
         10, 18, 32, 18, 34, 24,  8, 14, 30, 23, 51, 48, 18, 11,  6, 24,  2, 20,
         14,  7, 20, 53, 16, 43, 38, 22, 10, 44, 49, 23, 28, 30, 10, 15, 10, 28,
         17, 13, 28,  7, 24,  6, 24, 44, 12, 33, 20, 21,  5, 29,  6, 29,  7, 30,
         40, 53, 22, 19, 28, 38, 17, 37, 18, 14, 50, 17, 29,  6, 52, 30, 12, 19,
         47, 22, 30,  8, 32,  7, 45, 25, 19,  7,  5, 24, 31, 11, 45,  6, 17, 22,
         17, 21, 36, 16, 23, 15,  6, 30,  9, 22, 49, 17, 21, 11, 37, 18, 26, 30,
         16, 28, 20, 19, 24, 52, 23,  9, 17, 38, 14, 31, 19, 24, 14, 26,  1, 14,
          9, 15,  2, 40, 12, 27, 52, 28, 26, 17, 27, 26, 35, 17, 22, 30, 44, 15,
          2, 36, 15, 11, 20, 17, 20,  5,  4, 46, 52,  0,  7, 29, 12, 21, 33,  3,
         13, 11,  5, 22,  3, 21, 24, 14, 41,  7, 14,  8, 21, 13,  9, 17, 36, 32,
         20, 19,  1,  5, 16, 36, 16,  4, 15, 29, 53, 36, 33, 15, 30, 19, 24, 18,
          5, 20, 29, 21,  3,  2, 50, 32, 48, 18, 16, 15, 23, 21, 52, 19, 21, 15,
         30, 32, 10, 31,  3, 14, 33, 18, 21,  3,  2, 32, 26, 10, 15,  4, 31, 15,
         21, 21, 14, 38, 13, 10,  3, 32, 23,  2, 15, 32,  5,  8,  0, 23, 14, 32,
          0, 22, 12, 32, 15, 29, 31, 18, 30, 29, 26, 33]], device='cuda:0')

FID+ using minimal top-k set: 0

Number of minimal top-k edges connecting protein pseudo-atoms: 6 (75.0%)
% w.r.t. total number of minimal top-k edges: 3.7%)
Number of minimal top-k edges connecting ligand pseudo-atoms: 105 (65.2%)
% w.r.t. total number of minimal top-k edges: 64.0%)
Number of minimal top-k edges connecting protein and ligand pseudo-atoms: 53 (85.5%)
% w.r.t. total number of minimal top-k edges: 32.3%)

Trustworthiness of the explanation: 0.0

Number of relevant edges connecting protein pseudo-atoms: 4 (50.0%)
% w.r.t. total number of relevant edges: 3.2%)
Number of relevant edges connecting ligand pseudo-atoms: 83 (51.6%)
% w.r.t. total number of relevant edges: 66.4%)
Number of relevant edges connecting protein and ligand pseudo-atoms: 38 (61.3%)
% w.r.t. total number of relevant edges: 30.4%)

Shapley values for edges: 

(0,12): 0.00028807759284973146
(0,15): -0.004084824919700623
(0,31): 0.006974346041679382
(0,34): 0.0004436838626861572
(1,9): 0.0006185317039489746
(1,11): 0.003232225179672241
(1,27): 0.0025392049551010132
(2,4): -0.0014286243915557861
(2,8): -0.0024131852388381957
(2,10): 0.002530406713485718
(2,13): 0.0019834625720977785
(2,14): -0.0011220574378967285
(2,18): 0.0008469027280807495
(2,21): 8.642733097076416e-05
(2,22): 0.0023062145709991455
(2,24): 0.005302748084068299
(2,32): -0.0018689966201782227
(2,33): 0.003400212526321411
(3,12): 0.0001838850975036621
(3,15): -0.0019707459211349486
(3,18): 3.440916538238525e-05
(3,21): -0.0009930866956710815
(3,23): -0.002645542025566101
(3,26): -0.00011812984943389893
(3,29): -0.005400305390357971
(3,30): 0.00016143798828125
(3,31): -0.001429070234298706
(3,34): 0.002171878218650818
(3,35): 0.0032850921154022215
(4,2): -0.0019479250907897948
(4,7): 0.005338684916496277
(4,10): -0.0018082678318023682
(4,13): 0.002361222505569458
(4,14): 0.0006416475772857666
(4,19): 0.0028816515207290647
(4,22): 0.0007902181148529053
(4,32): -0.0031512278318405152
(5,12): 0.0009411275386810303
(5,15): 0.0021956413984298706
(5,18): -0.004837334156036377
(5,21): 0.0010370194911956787
(5,23): -0.0019001537561416626
(5,26): -0.00627871036529541
(5,29): -0.004242058992385864
(5,30): -0.005013072490692138
(5,31): -0.004371885657310486
(6,7): 0.0005760306119918824
(6,9): 0.0016210544109344482
(6,10): 0.000497012734413147
(6,11): 0.0004048866033554077
(6,14): 0.0006674104928970337
(6,17): 0.0003116607666015625
(6,19): 0.00022986114025115966
(6,27): 0.0005411607027053833
(6,36): -0.00045801639556884764
(6,52): 1.926422119140625e-06
(7,4): -0.0005250954627990722
(7,6): 0.0014222216606140136
(7,9): -8.460283279418945e-06
(7,10): 0.0010296750068664552
(7,11): 0.0012660437822341918
(7,13): -0.00043083012104034424
(7,14): 0.00038771390914916993
(7,19): 0.0008742421865463257
(7,22): 0.00023402929306030274
(7,27): -0.00013126075267791748
(7,32): -0.001216377019882202
(7,37): 0.0006920194625854492
(7,44): 0.000355374813079834
(8,2): -0.0007753711938858032
(8,15): 0.0016213643550872802
(8,18): 0.0004517287015914917
(8,21): 0.0008408641815185547
(8,22): 0.00035948693752288816
(8,24): 0.0005150443315505982
(8,26): -3.945887088775635e-05
(8,32): -0.001054103970527649
(8,37): 0.0005985939502716064
(8,38): -2.50244140625e-05
(9,1): -0.0005005794763565063
(9,6): 9.763002395629883e-05
(9,7): 0.00013796329498291015
(9,11): -0.00019332051277160645
(9,14): 0.0007738912105560303
(9,19): 3.426671028137207e-06
(9,27): -8.712112903594971e-05
(10,2): -0.00120278000831604
(10,4): 0.0005800986289978028
(10,6): 0.000624392032623291
(10,7): 0.00024633586406707763
(10,13): 0.0006277912855148316
(10,14): -5.4197311401367186e-05
(10,17): -0.00045614540576934817
(10,19): -0.0006995004415512085
(10,21): 0.0015382009744644165
(10,22): -0.00014977216720581056
(10,24): 0.0004004281759262085
(10,32): -0.0008098298311233521
(10,37): 0.00020483970642089843
(10,38): 0.0003613013029098511
(10,46): 0.0010045748949050904
(11,1): 0.0011550718545913696
(11,6): 0.0005654919147491455
(11,7): -0.00025392651557922365
(11,9): -0.0004560589790344238
(11,19): 0.0007973510026931763
(11,27): 0.0012564301490783692
(11,41): 0.000945778489112854
(11,50): 0.0008142733573913574
(12,0): -0.002866032123565674
(12,3): 0.0013500070571899414
(12,5): 0.00011121988296508789
(12,15): -0.0008774560689926148
(12,23): 0.0004258161783218384
(12,29): 0.0002576947212219238
(12,30): 0.0003374701738357544
(12,31): -2.887427806854248e-05
(12,39): 0.0017378419637680055
(12,42): 0.0012460565567016602
(12,48): 0.0011261820793151856
(12,53): -0.0005670905113220215
(13,2): -5.750298500061035e-05
(13,4): 0.0005059152841567993
(13,7): 0.0007953733205795288
(13,10): -0.0010580188035964966
(13,32): -0.00047453761100769043
(13,36): 0.0005576854944229126
(13,37): 0.0008026623725891114
(13,39): 0.00102075457572937
(13,43): 0.0014160704612731934
(13,44): -0.00015536010265350343
(13,45): 0.00010475099086761475
(14,2): 0.000827174186706543
(14,4): 0.0004719334840774536
(14,6): 0.00018735826015472412
(14,7): 0.0010470789670944214
(14,9): 0.0004944205284118652
(14,10): 0.0006624525785446167
(14,17): 0.00021504759788513184
(14,19): -3.073632717132568e-05
(14,22): 0.000530102252960205
(14,24): 0.0002948027849197388
(14,27): 0.0007923060655593872
(14,32): 0.0004517555236816406
(14,44): 0.0010176080465316773
(14,45): 0.00013772428035736085
(14,46): 0.0010808080434799195
(14,47): 0.0008832836151123047
(14,50): -0.0007796043157577515
(15,0): -0.00024343430995941163
(15,3): -0.0010735082626342773
(15,5): 0.0007814854383468628
(15,8): 0.0009268838167190552
(15,12): -0.00026558518409729
(15,18): -0.0007047337293624878
(15,21): -0.0015137851238250732
(15,23): 0.0007690125703811645
(15,24): -3.255546092987061e-05
(15,25): 0.0005936121940612793
(15,26): 3.0413269996643066e-05
(15,28): 0.00045844316482543943
(15,29): 0.001095045804977417
(15,30): -0.0006269365549087524
(15,31): 0.00010592222213745117
(15,33): -0.0005961900949478149
(15,39): 0.002202562689781189
(15,43): 0.0006228411197662354
(16,20): 0.00026471734046936037
(16,23): 0.0011912697553634643
(16,25): 0.00012107968330383301
(16,28): 0.00031743347644805906
(16,30): 0.0004951959848403931
(16,48): -0.0008178192377090454
(16,49): 0.0003481173515319824
(17,6): 0.00040102183818817137
(17,10): 0.0003286081552505493
(17,14): 0.0005021768808364868
(17,19): -0.0004909718036651611
(17,21): 0.0008187848329544068
(17,22): -0.0003287273645401001
(17,24): -0.0003490179777145386
(17,32): -0.0028301620483398436
(17,36): -0.0005191743373870849
(17,37): 0.000907524824142456
(17,39): 0.0018852096796035766
(17,41): -0.0003977423906326294
(17,44): 0.0006563979387283326
(17,47): 0.0015468454360961913
(17,50): 0.00019527852535247803
(17,51): 0.0006741875410079956
(18,2): 0.0008809530735015869
(18,3): -0.0002962273359298706
(18,5): -0.0003153592348098755
(18,8): 0.0010476726293563842
(18,15): -0.0014734441041946412
(18,21): -0.00042517304420471193
(18,23): -0.0008922916650772095
(18,24): 0.002217814326286316
(18,26): 0.0015500766038894654
(18,29): 0.0031101173162460327
(18,30): 2.7613639831542967e-05
(18,31): 0.0020744097232818603
(18,33): 0.00027495324611663817
(18,40): 0.0008114069700241089
(18,52): -0.0009565150737762451
(19,4): -0.0002312171459197998
(19,6): 0.000257408618927002
(19,7): 0.0010465151071548462
(19,9): -5.547583103179932e-05
(19,10): 0.0003558140993118286
(19,11): 4.29767370223999e-05
(19,14): -0.0004020941257476807
(19,17): 9.603619575500488e-05
(19,22): 0.00017000138759613038
(19,27): 0.0012112504243850708
(19,32): -0.002106274962425232
(19,53): 0.0006536537408828735
(20,16): -0.0005131888389587402
(20,23): 0.00034233450889587403
(20,25): 0.0007332718372344971
(20,28): 0.0012809944152832032
(20,29): 0.0010854947566986085
(20,30): 0.0004319155216217041
(20,38): -0.0017060500383377075
(20,44): 0.0002881455421447754
(20,48): 0.0004863274097442627
(20,49): 5.2815675735473634e-05
(20,52): -0.00023302257061004637
(21,2): 0.0004609012603759766
(21,3): 0.00046530723571777346
(21,5): 0.001276060938835144
(21,8): 0.00400073230266571
(21,10): -0.0013844478130340576
(21,15): 6.79481029510498e-05
(21,17): -0.00020668387413024902
(21,18): 0.0022771918773651124
(21,22): 5.706965923309326e-05
(21,24): -0.0007034355401992798
(21,26): -0.00013624668121337891
(21,29): -0.0005463182926177979
(21,30): 0.00024354398250579833
(21,31): 0.003023838996887207
(21,33): -0.0002843642234802246
(21,36): -0.0001699483394622803
(21,39): 0.002111181616783142
(21,40): 0.000496702790260315
(21,50): 0.0006067836284637451
(22,2): -0.00016368865966796874
(22,4): 0.0006790405511856079
(22,7): -0.0003981262445449829
(22,8): 0.0004330587387084961
(22,10): 0.0003367996215820313
(22,14): -3.292977809906006e-05
(22,17): 0.0006444728374481201
(22,19): 0.0001203221082687378
(22,21): -0.0002759724855422974
(22,24): 0.0007560557126998901
(22,26): 0.0006223857402801513
(22,32): 0.0007467877864837647
(22,33): 0.0015501737594604491
(22,53): 0.00037972867488861084
(23,3): 0.0006516766548156738
(23,5): -0.00022942066192626953
(23,12): 0.0006459742784500122
(23,15): 0.0008885115385055542
(23,16): -0.0008725929260253906
(23,18): 0.0020748215913772585
(23,20): -0.0007451260089874267
(23,25): 0.000500788688659668
(23,26): 0.004393302798271179
(23,28): -0.0001049494743347168
(23,29): 0.0005227851867675781
(23,30): 0.0012233734130859375
(23,31): 0.002303309440612793
(23,42): 0.000888991355895996
(23,48): 0.00041457056999206544
(24,2): 0.0003977108001708984
(24,8): 0.0008519542217254639
(24,10): 0.0004574739933013916
(24,14): 0.0007848602533340454
(24,15): -0.0001705145835876465
(24,17): 0.0007287102937698364
(24,18): 0.0017927885055541992
(24,21): -0.001161472201347351
(24,22): 9.174108505249024e-05
(24,26): 0.0015526163578033448
(24,32): 0.00013827502727508544
(24,33): -0.0011323636770248413
(24,36): 7.331490516662598e-05
(24,38): 0.0002189457416534424
(25,15): -5.665302276611328e-05
(25,16): -0.0005210959911346436
(25,20): -0.0004762625694274902
(25,23): 0.0005704498291015625
(25,28): 0.0002239006757736206
(25,29): 0.00018946409225463866
(25,30): -0.00015467286109924317
(26,3): -0.0007685673236846924
(26,5): 0.0002594369649887085
(26,8): 0.001628822684288025
(26,15): -0.0014111316204071045
(26,18): 0.0004056549072265625
(26,21): -0.0007671248912811279
(26,22): 0.002344983220100403
(26,23): 0.0007494020462036132
(26,24): 0.00043858051300048827
(26,29): -0.00025497376918792725
(26,30): 0.0016529697179794311
(26,31): 0.0022485119104385374
(26,33): -0.006824266314506531
(27,1): -4.026651382446289e-05
(27,6): 0.0005508124828338623
(27,7): 0.0003862345218658447
(27,9): 6.218671798706054e-05
(27,11): -0.0003090137243270874
(27,14): -0.0016222810745239258
(27,19): 0.00046416997909545896
(28,15): 0.0003294891119003296
(28,16): 1.773416996002197e-05
(28,20): 3.6495923995971678e-06
(28,23): 0.0010484743118286133
(28,25): 0.0007362836599349976
(28,29): 0.0006580013036727905
(28,30): -0.001029786467552185
(28,53): 0.0009784215688705444
(29,3): -0.0011642563343048095
(29,5): -0.0005098819732666015
(29,12): 0.0017396271228790282
(29,15): 0.00048210442066192626
(29,18): 0.00020419001579284667
(29,20): 0.0008777803182601928
(29,21): -0.0015278792381286622
(29,23): 0.00047175884246826173
(29,25): 0.0005363631248474121
(29,26): -0.0012510639429092407
(29,28): 0.0003399372100830078
(29,30): 0.0001845628023147583
(29,31): -0.0010667532682418824
(29,39): 0.001125105619430542
(30,3): -0.000334058403968811
(30,5): -0.002193431258201599
(30,12): 0.002536401152610779
(30,15): -0.0006232261657714844
(30,16): 0.0003774911165237427
(30,18): -0.0008477956056594848
(30,20): 0.00038605988025665285
(30,21): 0.00025944411754608154
(30,23): 0.0006280189752578735
(30,25): 0.0010932219028472901
(30,26): 0.0013554495573043822
(30,28): 0.00030487477779388427
(30,29): 0.0014090466499328614
(30,52): 0.0008256989717483521
(30,53): 0.00023849666118621826
(31,0): -0.0024697846174240113
(31,3): 0.007783124446868897
(31,5): -0.0007371658086776733
(31,12): -0.003101460337638855
(31,15): -0.00015931129455566407
(31,18): -0.0011378687620162964
(31,21): -0.0009063214063644409
(31,23): 7.061183452606202e-05
(31,26): 0.006663870811462402
(31,29): -0.000758206844329834
(32,2): 0.0022199887037277224
(32,4): 0.00090526282787323
(32,7): 0.0019437992572784424
(32,8): -0.00041557610034942627
(32,10): 0.0008870482444763184
(32,13): -0.0017575114965438844
(32,14): -0.0027820956707000732
(32,17): 0.001262311339378357
(32,19): -0.000991760492324829
(32,22): 0.0011556470394134522
(32,24): 3.408193588256836e-06
(32,33): 0.0038528496026992796
(33,2): 0.0026167714595794677
(33,15): 0.0019512063264846803
(33,18): 0.0008644801378250122
(33,21): 0.0028029310703277586
(33,22): 0.0012732994556427
(33,24): 0.00011056959629058838
(33,26): 0.0023004847764968874
(33,32): 0.0017410165071487427
(34,0): 0.006988565325736999
(34,3): 0.008244738578796387
(35,3): -0.0018437552452087403
(35,39): 0.0029986852407455442
(35,51): 0.00041948854923248293
(36,6): 6.495416164398193e-05
(36,13): 0.0014576232433319092
(36,17): 0.00019223392009735108
(36,21): 0.002147622108459473
(36,24): 0.0010921752452850342
(36,46): -0.0002328556776046753
(37,7): 0.00012002348899841309
(37,8): 0.0001497405767440796
(37,10): 0.0009074580669403077
(37,13): -0.00029903948307037355
(37,17): -1.0463595390319825e-05
(37,40): -6.755471229553223e-05
(37,52): -9.666740894317627e-05
(38,8): 0.0005471616983413697
(38,10): 0.0005159693956375122
(38,20): 0.0004629701375961304
(38,24): 0.00030114173889160155
(39,12): 0.0019065868854522706
(39,13): 0.0012140333652496337
(39,15): -0.000997174382209778
(39,17): 9.0143084526062e-05
(39,21): 4.810154438018799e-05
(39,29): 0.0002550262212753296
(39,35): 0.0008616435527801513
(40,18): 0.00045710444450378416
(40,21): 0.0007489490509033204
(40,37): 0.0011597239971160888
(40,52): 0.00018646895885467528
(41,11): 0.0017306149005889893
(41,17): 5.145430564880371e-05
(42,12): 0.0006658661365509033
(42,23): -6.568431854248047e-07
(43,13): 0.00030682861804962156
(43,15): -0.0005407041311264038
(43,47): 0.00069530189037323
(44,7): 0.0003011971712112427
(44,13): 0.0009668678045272827
(44,14): 0.0006317895650863648
(44,17): -0.0001420271396636963
(44,20): -0.00020081639289855956
(45,13): 0.0013340932130813598
(45,14): -0.00036555945873260496
(46,10): 0.001146271824836731
(46,14): 0.00019658803939819335
(46,36): -0.0005921018123626709
(47,14): 0.0004329842329025269
(47,17): 0.0005527418851852417
(47,43): 0.000361977219581604
(47,51): 0.0013610905408859254
(48,12): -8.616507053375244e-05
(48,16): 0.0006082165241241455
(48,20): 0.0012706851959228516
(48,23): 0.0014621996879577636
(49,16): 7.19904899597168e-05
(49,20): 0.000393640398979187
(50,11): 0.0001057809591293335
(50,14): -2.67106294631958e-05
(50,17): -0.0001225435733795166
(50,21): -0.00033413589000701904
(51,17): 0.002483292818069458
(51,35): -0.00013892173767089843
(51,47): 0.0001790153980255127
(52,6): 0.0002981191873550415
(52,18): 0.00110423743724823
(52,20): -0.0002097034454345703
(52,30): 0.0008367544412612915
(52,37): 3.672540187835693e-05
(52,40): 0.00024196088314056396
(53,12): 0.0008626461029052734
(53,19): 0.0001832360029220581
(53,22): -0.003014140725135803
(53,28): 6.000399589538574e-06
(53,30): 6.325125694274903e-05
