Interaction name: 5jfu

Predicted class: 1
Predicted probability: 0.9321759939193726
Sum of phi edges: 0.8377823723480108

Interaction statistics:

Number of total edges connecting protein pseudo-atoms: 20
Number of total edges connecting ligand pseudo-atoms: 169
Number of total edges connecting protein and ligand pseudo-atoms: 97

Pertinent positive set edge index: tensor([[59, 68, 19, 56, 57, 18, 57, 49, 15, 58, 64, 57, 67, 47, 27,  5, 17, 62,
         10, 27, 59,  5, 24, 50, 14, 58, 56, 29, 26, 67, 15, 62, 57, 57, 57, 22,
         19, 63, 23, 51, 22, 28, 14, 19, 68, 21, 50, 13, 68, 30, 11, 16, 57, 61,
         62, 58, 53, 57, 58, 56, 23, 65, 31, 58, 14,  0, 58, 43, 14, 11, 15, 25,
         13, 65, 61, 15, 44, 48, 36, 62, 44, 22, 23, 50, 59, 68,  0, 17, 59, 27,
         56, 24, 59, 26, 64, 22, 41, 14, 21, 38, 50, 33, 64, 58, 24, 11, 42, 48,
         60, 55, 58, 55, 27, 43, 23, 42, 47, 30, 25, 58, 60,  3, 23, 62, 67, 63,
         48, 48, 16, 16,  1, 22, 51, 26, 13, 14, 64, 65, 65, 34, 41, 27,  4, 37,
         61, 57, 23, 58, 66, 13, 27],
        [18, 17, 54, 32, 40, 53, 39, 10, 52, 26, 33, 29, 29, 38, 67, 44, 51, 26,
         49, 63, 21, 42, 70, 37, 36, 27, 20, 67, 69, 27, 51, 33, 13, 56, 27, 12,
         55, 36, 64, 17, 61, 70, 48, 67, 28, 55, 22, 34, 23, 65, 65, 63, 20, 35,
         25, 11, 18, 14, 37, 40, 61, 15, 50, 21, 57, 41, 14, 47, 25, 37, 65, 66,
         35, 21, 31, 47,  5, 66, 63, 11, 61, 60, 68, 31, 60, 25, 43,  0, 27, 57,
         60, 64, 13, 35, 30, 50,  0, 34, 65, 51, 34, 55, 66, 31, 48, 21,  4, 30,
         59, 19, 12, 33, 28,  0, 13,  5, 15, 48, 14, 42, 56, 15, 12, 30, 19, 16,
         24, 16, 66, 15, 44, 59, 38, 62,  5,  8, 24, 30, 11, 13,  3, 59, 39, 50,
         22, 22, 24, 22, 48, 23, 58]], device='cuda:0')

FID- using pertinent positive set: 0.14703267812728882

Number of pertinent positive edges connecting protein pseudo-atoms: 8 (40.0%)
% w.r.t. total number of pertinent positive edges: 7.3%)
Number of pertinent positive edges connecting ligand pseudo-atoms: 18 (10.7%)
% w.r.t. total number of pertinent positive edges: 16.4%)
Number of pertinent positive edges connecting protein and ligand pseudo-atoms: 84 (86.6%)
% w.r.t. total number of pertinent positive edges: 76.4%)

Minimal top k set edge index: tensor([[59, 68, 19, 56, 57, 18, 57, 49, 15, 58, 64, 57, 67, 47, 27,  5, 17, 62,
         10, 27, 59,  5, 24, 50, 14, 58, 56, 29, 26, 67, 15, 62, 57, 57, 57, 22,
         19, 63, 23, 51, 22, 28, 14, 19, 68, 21, 50, 13, 68, 30, 11, 16, 57, 61,
         62, 58, 53, 57, 58, 56, 23, 65, 31, 58, 14,  0, 58, 43, 14, 11, 15, 25,
         13, 65, 61, 15, 44, 48, 36, 62, 44, 22, 23, 50, 59, 68,  0, 17, 59, 27,
         56, 24, 59, 26, 64, 22, 41, 14, 21, 38, 50, 33, 64, 58, 24, 11, 42, 48,
         60, 55, 58, 55, 27, 43, 23, 42, 47, 30, 25, 58, 60,  3, 23, 62, 67],
        [18, 17, 54, 32, 40, 53, 39, 10, 52, 26, 33, 29, 29, 38, 67, 44, 51, 26,
         49, 63, 21, 42, 70, 37, 36, 27, 20, 67, 69, 27, 51, 33, 13, 56, 27, 12,
         55, 36, 64, 17, 61, 70, 48, 67, 28, 55, 22, 34, 23, 65, 65, 63, 20, 35,
         25, 11, 18, 14, 37, 40, 61, 15, 50, 21, 57, 41, 14, 47, 25, 37, 65, 66,
         35, 21, 31, 47,  5, 66, 63, 11, 61, 60, 68, 31, 60, 25, 43,  0, 27, 57,
         60, 64, 13, 35, 30, 50,  0, 34, 65, 51, 34, 55, 66, 31, 48, 21,  4, 30,
         59, 19, 12, 33, 28,  0, 13,  5, 15, 48, 14, 42, 56, 15, 12, 30, 19]],
       device='cuda:0')

FID+ using minimal top-k set: 0.46634575724601746

Number of minimal top-k edges connecting protein pseudo-atoms: 8 (40.0%)
% w.r.t. total number of minimal top-k edges: 8.0%)
Number of minimal top-k edges connecting ligand pseudo-atoms: 14 (8.3%)
% w.r.t. total number of minimal top-k edges: 14.0%)
Number of minimal top-k edges connecting protein and ligand pseudo-atoms: 78 (80.4%)
% w.r.t. total number of minimal top-k edges: 78.0%)

Trustworthiness of the explanation: 0.6030072738921736

Number of relevant edges connecting protein pseudo-atoms: 7 (35.0%)
% w.r.t. total number of relevant edges: 6.9%)
Number of relevant edges connecting ligand pseudo-atoms: 15 (8.9%)
% w.r.t. total number of relevant edges: 14.9%)
Number of relevant edges connecting protein and ligand pseudo-atoms: 79 (81.4%)
% w.r.t. total number of relevant edges: 78.2%)

Shapley values for edges: 

(0,4): 0.00023288538679480553
(0,17): -7.792696356773377e-05
(0,21): -0.001853702962398529
(0,29): 8.084759116172791e-05
(0,30): -0.0007977433502674103
(0,33): 0.0009645738825201988
(0,39): 0.0013745956867933272
(0,41): 0.005535760410130024
(0,43): 0.004433074854314327
(1,9): -1.4834553003311157e-05
(1,11): -0.00016586996614933013
(1,14): 1.8863901495933532e-05
(1,41): -0.00019249867647886277
(1,43): -0.0017580097541213036
(1,44): 0.002739032357931137
(2,6): -0.0004765805602073669
(2,7): 0.00036494456231594085
(2,12): 0.0013638055324554444
(2,13): 0.0006494101881980896
(2,22): -0.0015315388888120652
(2,31): 0.00034684710204601287
(2,32): 0.0003313789889216423
(2,40): -0.0018191353976726532
(2,42): 0.00011710256338119507
(2,44): -0.0002843686565756798
(3,10): 0.0008866305649280548
(3,15): 0.0031528184562921524
(3,16): 0.0008551350980997085
(3,29): -0.00201002299785614
(3,30): -0.0026233647763729095
(3,38): 0.000699535496532917
(3,41): -0.00549036018550396
(3,43): -0.0003466641530394554
(4,0): -4.278808832168579e-05
(4,11): -0.0008968174457550049
(4,14): -0.0007053595408797264
(4,27): -0.0007660404965281486
(4,29): -0.00011211294680833817
(4,30): -0.0001306815445423126
(4,37): -0.0015227458626031875
(4,39): 0.0022676409035921096
(4,42): -0.00095930315554142
(5,6): -6.932053714990616e-05
(5,9): 2.2142864763736726e-05
(5,11): -0.0022197891771793365
(5,13): -0.003592110127210617
(5,22): -0.002646041661500931
(5,27): -0.002579614594578743
(5,32): -0.000984790585935116
(5,40): 0.0004281337559223175
(5,42): 0.009357551522552967
(5,44): 0.010368385426700115
(6,2): -0.0008358386531472207
(6,5): -0.00034599505364894866
(6,7): 0.0007156174629926682
(6,9): 6.113633513450623e-05
(6,12): 1.335199922323227e-05
(6,13): 3.0350834131240844e-05
(6,22): 3.272011876106262e-05
(6,31): -0.000416208952665329
(6,32): -9.911809116601944e-05
(6,40): 0.0002466818317770958
(6,42): 0.0007954822108149529
(6,44): -1.3078153133392334e-05
(7,2): 0.0010884462296962738
(7,6): 0.0006226493045687675
(7,12): -0.0005048661679029465
(7,13): -0.0009874564409255982
(7,22): 5.634021013975143e-05
(7,31): 0.0004506478831171989
(7,32): 0.0002131456136703491
(7,40): 0.00012060116976499558
(7,44): -5.425866693258286e-05
(8,9): -1.8319375813007354e-05
(8,11): 0.001308014802634716
(8,14): 6.292380392551422e-05
(9,1): 0.0015978672355413436
(9,5): -1.7298683524131775e-05
(9,6): 0.00018831517547369004
(9,8): 0.0018806472420692445
(9,11): 4.789140075445175e-05
(9,14): 7.098335772752762e-05
(9,23): 3.744494169950485e-06
(9,27): -0.0008551633730530739
(9,37): -0.00022102735936641694
(9,40): -0.0027225683256983757
(9,46): -6.507925689220429e-05
(10,3): 0.00039003808051347734
(10,15): -0.0014738187566399575
(10,16): -9.005315601825714e-05
(10,29): -8.927378803491592e-05
(10,30): 9.351864457130433e-05
(10,38): -0.00031844742596149445
(10,39): -0.00011238399893045425
(10,49): 0.009718135707080364
(11,1): -0.00030266370624303817
(11,4): -0.0005783087760210037
(11,5): 0.00034241942688822746
(11,8): -0.001459619179368019
(11,9): 1.4402382075786591e-05
(11,14): 3.5005807876586912e-06
(11,21): 0.003895755335688591
(11,37): 0.005382463186979294
(11,58): 0.0008980372920632362
(11,62): 0.000399688333272934
(11,65): 0.006348844468593597
(12,2): -0.00037197701632976535
(12,6): 0.0002481463551521301
(12,7): 0.0004833333194255829
(12,13): -1.306619495153427e-05
(12,22): -0.0001806597039103508
(12,23): -0.00011978980153799058
(12,31): 5.669750273227692e-05
(12,32): -0.0005778741464018822
(12,40): 0.00029287263751029966
(12,58): 0.0004637373238801956
(12,68): 0.00046469990164041517
(13,2): -5.1244087517261504e-05
(13,5): 0.002537258639931679
(13,6): -9.92909073829651e-06
(13,7): -0.0003563646972179413
(13,12): 4.958607256412506e-05
(13,22): 8.7289959192276e-05
(13,23): 0.0020807644724845885
(13,31): -0.0003060204535722733
(13,32): -0.00055351160466671
(13,34): 0.006445348486304283
(13,35): 0.005108011066913605
(13,40): -0.00019462473690509796
(13,57): 0.0012812723219394683
(13,59): -0.000506788082420826
(14,1): 0.0005068743973970413
(14,4): -0.0003668541833758354
(14,8): 0.002490479089319706
(14,9): 2.065226435661316e-06
(14,11): -8.426271378993987e-05
(14,23): 2.6322677731513976e-05
(14,25): 0.005396643728017807
(14,26): 1.238856464624405e-05
(14,27): -1.8271952867507935e-05
(14,34): 0.0041148031502962115
(14,36): 0.008815557956695556
(14,37): 0.00034533314406871797
(14,48): 0.006612532958388329
(14,57): 0.005581525005400181
(14,58): 0.00134846031665802
(15,3): -0.00037168417125940325
(15,10): -0.00012256432324647904
(15,16): 0.0005004282668232918
(15,38): -0.0009263806045055389
(15,47): 0.004970600381493568
(15,51): 0.007862831577658652
(15,52): 0.011679401062428952
(15,65): 0.005303533487021923
(16,3): 0.00023054182529449462
(16,10): 0.0002588022127747536
(16,15): 0.0027806472405791285
(16,29): 6.322354078292846e-05
(16,30): -8.007138967514038e-07
(16,38): 0.00012732189148664474
(16,39): 0.0005462932959198951
(16,48): 0.0017545926198363304
(16,63): 0.0062614018097519875
(16,66): 0.0028179892897605896
(17,0): 0.004424746260046959
(17,18): -0.0002634351700544357
(17,19): 0.00030412618070840836
(17,20): 2.5901943445205687e-06
(17,21): 0.00013660896569490434
(17,33): -0.0001544557884335518
(17,51): 0.01025323387235403
(17,68): -0.0038773515820503235
(18,17): 0.00027098767459392547
(18,19): 0.00031620360910892485
(18,20): -0.00017875853925943374
(18,21): -0.00039769306778907775
(18,33): 4.099085927009582e-06
(18,53): 0.01406901553273201
(18,59): -0.0022713662311434745
(19,17): 0.0004224388301372528
(19,18): -0.00044045373797416685
(19,20): 0.00010547235608100891
(19,21): 3.040071576833725e-05
(19,33): 4.114549607038498e-05
(19,54): 0.014808714538812637
(19,55): 0.007191186770796776
(19,67): 0.006600122414529324
(20,17): 0.0016672543436288833
(20,18): 0.00032992761582136156
(20,19): 0.00013418707996606827
(20,21): -0.00014193413779139518
(20,33): 3.0899420380592346e-05
(20,56): -0.0014720524847507477
(20,57): -0.0005937046185135841
(21,0): 0.0020647457987070083
(21,11): 0.0010373945906758308
(21,17): 0.00014593448489904403
(21,18): 0.0003681336902081966
(21,19): 0.0002463914453983307
(21,20): -0.00019116453826427458
(21,33): 0.00028203502297401427
(21,55): 0.006561896689236164
(21,58): 0.001483626551926136
(21,59): 0.001812884509563446
(21,65): 0.004097565822303295
(22,2): -0.00021898768842220306
(22,5): 0.0011068125441670417
(22,6): 0.0001373695954680443
(22,7): -0.0008938882872462273
(22,12): 0.007206541560590267
(22,13): 0.0010040124878287315
(22,31): -0.0003092583268880844
(22,32): -0.00024017348885536194
(22,40): -0.00018231477588415146
(22,50): 0.0041351931914687156
(22,57): 2.4652481079101562e-06
(22,58): 0.0002748876810073853
(22,59): 0.002704654969274998
(22,60): 0.004662196636199951
(22,61): 0.006838273331522942
(23,9): -9.665153920650481e-06
(23,12): 0.0031312953680753706
(23,13): 0.0034289242699742316
(23,14): 9.02671366930008e-06
(23,24): 0.0021579520031809805
(23,25): -0.0007544384896755219
(23,26): -2.9984861612319946e-05
(23,27): -1.4607757329940795e-05
(23,28): 4.8320144414901734e-05
(23,34): -0.000247858427464962
(23,35): 0.00025955867022275925
(23,36): 8.366674184799194e-05
(23,37): -1.7754361033439635e-06
(23,58): 0.0018207623064517974
(23,61): 0.00567656047642231
(23,64): 0.006883075479418039
(23,68): 0.004642573986202479
(24,23): 0.0008073697984218597
(24,25): 0.00015568844974040986
(24,26): -3.660932183265686e-05
(24,27): 1.905985176563263e-05
(24,28): 5.1928199827671054e-05
(24,34): -1.0366290807723998e-05
(24,35): -2.2377558052539827e-05
(24,36): -3.6283209919929505e-06
(24,37): 0.00012310720980167388
(24,48): 0.0039004264771938324
(24,62): 0.0005232569575309753
(24,64): 0.004195471592247486
(24,70): 0.009320850744843482
(25,14): 0.0032494081556797027
(25,23): -3.2510161399841306e-05
(25,24): -0.00016287147998809816
(25,26): -5.335155874490738e-05
(25,27): 0.00033363983035087583
(25,28): 1.7000064253807068e-05
(25,34): 0.00016018148511648178
(25,35): 0.0001344750076532364
(25,36): -0.0001249115914106369
(25,37): -6.355009973049164e-06
(25,62): 0.0001545664668083191
(25,66): 0.0051740647107362744
(25,68): 0.0018507133051753044
(26,14): -3.37962806224823e-05
(26,23): 1.1687055230140685e-05
(26,24): -4.2814165353775025e-05
(26,25): 6.690865382552146e-05
(26,27): -5.41985034942627e-06
(26,28): 8.502043783664703e-06
(26,34): 0.0003197339177131653
(26,35): 0.004166651740670204
(26,36): 6.403110921382904e-05
(26,37): 0.00019718408584594725
(26,58): 0.0009127432852983475
(26,62): 0.0026389239355921745
(26,69): 0.008302368875592946
(27,4): -7.889810949563981e-06
(27,5): 0.000995454452931881
(27,9): -0.000197371207177639
(27,14): -0.00012052632868289948
(27,23): -1.6724318265914917e-06
(27,24): -1.7489343881607056e-05
(27,25): 0.00026718705892562865
(27,26): 0.00018131617456674577
(27,28): 0.0034700829163193704
(27,34): 0.0002526756003499031
(27,35): 1.858249306678772e-05
(27,36): -0.00017128050327301026
(27,37): -0.00010125439614057541
(27,57): 0.0043383555486798285
(27,58): 0.002069219313561916
(27,59): 0.002279282696545124
(27,63): 0.009629026874899865
(27,67): 0.010369931571185589
(28,23): 0.00020058322697877884
(28,24): 7.33008235692978e-05
(28,25): -6.622716784477234e-05
(28,26): 2.8242915868759155e-06
(28,27): 0.00047538749873638153
(28,34): 8.398309350013733e-05
(28,35): -8.153058588504792e-06
(28,36): -1.7475225031375886e-05
(28,37): -4.332762211561203e-05
(28,68): 0.0002629997208714485
(28,70): 0.0066217947006225585
(29,0): 9.975135326385497e-06
(29,3): 0.000484706349670887
(29,4): -0.0004395688697695732
(29,10): -4.5395940542221066e-05
(29,16): -2.532750368118286e-06
(29,30): 0.00014409031718969344
(29,38): -0.00025119446218013763
(29,39): -0.0027063019201159478
(29,57): 0.00012803934514522554
(29,67): 0.008420178517699241
(30,0): 0.0007521214336156845
(30,3): -3.9192996919155124e-05
(30,4): -3.408968448638916e-05
(30,10): -0.00023656539618968964
(30,16): 9.95808094739914e-05
(30,29): -0.00011568821966648102
(30,38): -8.569173514842987e-06
(30,39): -0.00017176225781440736
(30,48): 0.0032973035797476766
(30,62): 0.0011603401228785515
(30,64): 0.0005417216569185257
(30,65): 0.006373888812959194
(31,2): -0.0002839317545294762
(31,6): 0.00011562522500753403
(31,7): -0.00038028687238693236
(31,12): -0.0002006281167268753
(31,13): -0.0002933864295482636
(31,22): 7.020305842161179e-05
(31,32): -0.001230996772646904
(31,40): -0.00019298538565635682
(31,50): 0.0055988823436200616
(31,58): -0.0010960014909505843
(31,61): 0.0012621003203094005
(32,2): 0.00023390501737594605
(32,5): -0.002360892295837402
(32,6): 7.25444033741951e-05
(32,7): -0.00011120721697807312
(32,12): -9.065758436918258e-05
(32,13): -0.0002456872910261154
(32,22): 9.47408378124237e-06
(32,31): 4.277294501662254e-05
(32,40): -0.0002793499827384949
(32,56): -0.005210607051849365
(33,0): 0.0005266385525465011
(33,17): 0.0002844393253326416
(33,18): -0.0005887556821107864
(33,19): 0.00024196922779083253
(33,20): 5.591370165348053e-05
(33,21): -0.00026154011487960815
(33,55): 0.004023447930812836
(33,62): 0.0008597594872117042
(33,64): -0.00018333826214075088
(34,13): 0.002323016934096813
(34,14): 0.00036891695111989975
(34,23): 6.221234798431396e-09
(34,24): 2.4077221751213075e-05
(34,25): -0.00010110989212989807
(34,26): 0.0001988164708018303
(34,27): 0.00028236992657184603
(34,28): -0.00017009876668453217
(34,35): -3.7097185850143435e-05
(34,36): 0.00032343879342079163
(34,37): -8.440464735031127e-06
(34,50): 0.0011592338606715201
(35,13): 0.0008273982629179954
(35,23): -5.14579564332962e-05
(35,24): 8.2242451608181e-05
(35,25): 4.487000405788422e-05
(35,26): 0.0014254682138562203
(35,27): 4.5598894357681277e-05
(35,28): -4.408366978168488e-05
(35,34): 1.7248354852199553e-05
(35,36): -4.490721970796585e-05
(35,37): 0.00011117760092020034
(35,61): 0.000632331632077694
(36,14): 0.0012229156121611594
(36,23): -7.921569049358367e-06
(36,24): -1.638531684875488e-05
(36,25): 2.4691782891750334e-05
(36,26): -3.982212394475937e-05
(36,27): 2.7881115674972533e-05
(36,28): -7.883083075284958e-05
(36,34): -1.9600801169872285e-05
(36,35): -3.293674439191818e-05
(36,37): -0.00028421346098184586
(36,63): 0.004813914336264134
(37,4): -0.0004740448296070099
(37,9): -0.00012428540736436844
(37,11): 0.0010246440023183824
(37,14): 6.562843918800354e-06
(37,23): 9.556032717227935e-05
(37,24): -0.00024331185966730117
(37,25): 0.00010792773216962815
(37,26): 3.842279314994812e-05
(37,27): -0.00022210948169231414
(37,28): -2.6843659579753876e-05
(37,34): 1.7714723944664002e-05
(37,35): -0.00022882554680109024
(37,36): 2.3063458502292634e-06
(37,50): 0.002249373011291027
(37,58): -0.002985655292868614
(38,3): -0.00032923147082328794
(38,10): -0.00016160901635885237
(38,15): -1.0912865400314331e-05
(38,16): -0.00023016847670078277
(38,29): 8.451230823993683e-06
(38,30): -3.578644245862961e-05
(38,39): -0.0010036570578813553
(38,47): -0.0019059507548809052
(38,51): 0.004094301387667656
(39,0): 2.7755573391914367e-05
(39,4): 0.00042304817587137224
(39,10): 0.00010922299697995186
(39,16): -7.604360580444336e-06
(39,29): 6.913058459758758e-05
(39,30): 4.483826458454132e-05
(39,38): 4.088766872882843e-05
(39,57): -0.005498767346143723
(40,2): -0.0013118088617920876
(40,5): 3.497794270515442e-05
(40,6): -0.0002584436535835266
(40,7): -0.0002465342730283737
(40,9): -0.0018157639913260937
(40,12): 6.492175161838531e-05
(40,13): -0.000143013633787632
(40,22): 2.2146888077259065e-05
(40,31): -4.077441990375519e-06
(40,32): -0.0009322132542729378
(40,56): 0.0005981666594743729
(40,57): -0.00026824235916137693
(41,0): 0.004125128239393234
(41,1): 0.00038892507553100586
(41,3): 0.0022945456951856615
(42,2): 0.0005846941843628883
(42,4): 0.003726556226611137
(42,5): 0.0034240929037332533
(42,6): -0.004842870719730854
(42,44): -3.966875374317169e-05
(42,50): 0.0014083528891205787
(42,58): -0.0025077379122376443
(43,0): 0.003468526676297188
(43,1): -0.0009281183406710625
(43,3): 0.0003233252093195915
(43,47): 0.005421620048582554
(43,51): 0.0002302763983607292
(44,1): 0.0009038768522441387
(44,2): -0.0023143839836120604
(44,5): 0.004968490079045295
(44,6): 0.0018049518018960953
(44,7): -0.0009668593853712082
(44,42): 0.000140867680311203
(44,50): -0.0008633771538734436
(44,61): 0.00469492506235838
(46,9): 0.00011700186878442765
(46,58): -0.002255703620612621
(47,15): 0.0033031196147203447
(47,38): 0.01057569146156311
(47,43): -0.0002459317445755005
(48,14): -0.0005174552276730537
(48,16): 0.002887999564409256
(48,24): 0.0028951770439743997
(48,30): 0.0037129563093185425
(48,66): 0.004939828179776669
(48,69): -0.0004869434982538223
(49,10): 0.011763117499649525
(49,52): 0.0016969384253025055
(49,64): 0.00040010176599025726
(50,22): 0.006506247073411941
(50,31): 0.004632240645587444
(50,34): 0.004072441272437572
(50,37): 0.008968377932906151
(50,42): -0.0002027403563261032
(50,44): 0.0013307802751660346
(51,15): 0.0018918272852897645
(51,17): 0.006855456307530403
(51,38): 0.0027040131390094757
(51,43): 0.0006465898454189301
(52,15): -0.0030570096150040627
(52,49): 0.0010289229452610017
(52,64): -0.00032716765999794004
(53,18): 0.0057328249141573905
(54,19): 0.0007331067323684692
(54,56): 0.0003424998372793198
(55,19): 0.0036453261598944665
(55,21): 0.0006145726889371872
(55,33): 0.0035922506079077723
(55,57): 1.6844496130943298e-05
(56,20): 0.008613004256039858
(56,32): 0.014458524435758591
(56,40): 0.005678527094423771
(56,54): -0.0013741343840956688
(56,57): 0.001551595702767372
(56,60): 0.004317915141582489
(57,13): 0.007667270973324775
(57,14): 0.005730171501636505
(57,20): 0.006256842873990536
(57,22): 0.002161065489053726
(57,27): 0.0073692860826849935
(57,29): 0.011226338483393192
(57,39): 0.013222427107393742
(57,40): 0.014431548789143562
(57,55): 2.682209014892578e-09
(57,56): 0.007405137941241265
(58,11): 0.005739554539322853
(58,12): 0.0036232351884245874
(58,14): 0.005506469644606113
(58,21): 0.005585446320474148
(58,22): 0.002113611474633217
(58,23): 0.0006793959438800811
(58,26): 0.011381605602800847
(58,27): 0.008704512156546116
(58,31): 0.003943608961999416
(58,37): 0.005722891874611378
(58,42): 0.003212926276028156
(58,46): -0.0008154926262795925
(59,13): 0.004173349104821682
(59,18): 0.015560373738408089
(59,21): 0.009360247403383254
(59,22): 0.00043536707758903506
(59,27): 0.004375091418623924
(59,60): 0.0046064436435699465
(60,22): -0.0006679948419332504
(60,56): 0.0032052526623010634
(60,59): 0.0037122689932584762
(61,22): 0.002179092541337013
(61,23): 0.0014067845046520234
(61,31): 0.004973072744905949
(61,35): 0.006080896556377411
(61,44): -2.1215900778770448e-05
(62,11): 0.004799884613603354
(62,24): 0.0018851493671536445
(62,25): 0.0060012564435601235
(62,26): 0.009867887534201146
(62,30): 0.0030041528865695
(62,33): 0.007683531418442726
(62,63): -0.00024218760430812835
(63,16): 0.0029067079722881316
(63,27): 0.0006914290785789489
(63,36): 0.007032122388482094
(63,62): -1.0852627456188202e-05
(64,23): -0.0011876894906163215
(64,24): 0.0024845211952924727
(64,30): 0.004135536402463913
(64,33): 0.011368915792554618
(64,49): -0.0013363344594836235
(64,52): 0.00018706120550632477
(64,66): 0.004010609947144985
(65,11): 0.0023523173108696937
(65,15): 0.005607590936124325
(65,21): 0.005049739554524421
(65,30): 0.0024836618453264237
(66,16): 0.0008548270910978317
(66,25): 0.0009401852823793888
(66,48): 0.0020865526422858237
(66,64): 0.0009644539281725884
(67,19): 0.002959447465837002
(67,27): 0.00794507745653391
(67,29): 0.01090123262256384
(68,12): -0.0016038485988974572
(68,17): 0.015029326491057872
(68,23): 0.006378695480525494
(68,25): 0.004598937667906284
(68,28): 0.006583238616585731
(69,26): 0.0006944756582379342
(69,48): -2.1627172827720642e-05
(70,24): 0.00034381456673145296
(70,28): 0.0014736518263816834
