Test set index: 112

Target Class: 0

Target compound: TARGET

Sum of Shapley Values: 0.9615019539365814

Shapley values:
-0.0075400086123468425
-0.0017900100647231779
0.00646102065322375
-0.007153485307777295
-0.01308701826592846
-0.012854419611147003
-0.0014355060518431192
0.0049548682241168426
-0.006814161167191513
-0.004757987087055359
0.0052637134550929865
0.022440529337196105
-0.0012870140825186188
0.0029028721742497695
-0.014176115070254607
0.001151894537771632
0.014691411317311318
-0.007589338195872055
0.009377438309149212
0.04447151603983156
-0.014085739864909639
0.0776316887177767
0.003772619480478305
-0.002215537019083119
-0.09915574753099021
0.04496525210597659
-0.029264225885301292
0.047730068569606765
0.02275690535358911
0.043030518761140266
0.06773346064824405
0.04341998984389711
0.14325948277402056
0.059107648201385504
0.06146347100220409
0.004484606926460066
0.033010203410049684
-0.007885205832185955
0.05901925707109409
0.00953319896495573
-0.0034952483582825246
0.010162142188407997
0.016451144419940875
0.011963225488286544
0.011327043036495598
0.048447627724573235
8.126761915871472e-05
0.011901373126128314
-0.008052821655941633
0.0101711757747624
-0.0057141246752710675
-0.00146816561201035
0.001916696590531038
0.0031575863074482257
-0.0044075220017117086
-0.010569715816806767
-0.00207194671019083
0.04142296108872156
-0.020578179570904423
0.003864705004845112
-0.013902487347763316
0.025721600938800097
0.014380304393150134
0.02672993033670211
0.006030169860006636
0.002785786404389947
-0.008132669753530367
0.004640471615995224
0.0973842272371555
0.050255037303993444
-0.0039433538049644355
-0.0002376396111108678
0.02844448906161625
0.015294747104267562

Minimal top-k Set:
Set indices on edge ranking: [32, 68, 21, 30, 34, 33]
Set edge index: tensor([[14, 30,  9, 13, 15, 14],
        [15, 14, 10, 14, 14, 30]], device='cuda:0')
FID+: 0.999999935712367

Pertinent Positive Set:

Pertinent set edge index: tensor([[14, 30,  9, 13, 15, 14, 17, 30],
        [15, 14, 10, 14, 14, 30, 16, 17]], device='cuda:0')
FID-: 4.398822784423828e-05