Interaction name: 5ubg

Predicted class: 0
Predicted probability: 0.698224663734436
Sum of phi edges: 0.13051900371505343

Pertinent positive set edge index: tensor([[33],
        [37]], device='cuda:0')

Number of pertinent positive edges connecting protein pseudo-atoms: 0
Number of pertinent positive edges connecting ligand pseudo-atoms: 1
Number of pertinent positive edges connecting protein and ligand pseudo-atoms: 0

Minimal top k set edge index: tensor([[33, 16, 10, 20, 60, 35, 30, 31, 12, 19, 17,  7, 25, 31, 13, 13, 15, 22,
         19,  9, 34, 35, 24, 15, 45, 45, 42, 45, 15, 44, 48, 30, 53,  7, 58, 22,
         10, 18, 42, 17, 24, 16,  9, 19, 37,  6, 46, 48, 49, 24, 52, 34, 14, 41,
         15, 65, 42, 38, 30, 26, 11, 36, 39, 63, 55, 21, 34,  7, 16, 22, 45, 46,
         13, 30,  3, 37, 18, 52, 10, 21,  1,  8, 32, 59,  6, 10,  4, 32, 47,  8,
         14,  9, 19,  1,  8, 35, 17,  7, 48, 31, 48, 23, 36, 52,  6, 55, 22, 37,
         27, 25, 18, 33, 48, 42,  2, 25, 26, 19, 54, 27, 23, 15, 29, 53, 23, 22,
         38, 65, 17, 32, 44, 38, 33, 26,  9, 45,  9,  3, 12, 11, 19, 22,  6,  9,
         50, 55,  4,  1, 26, 49, 51, 39, 14,  8, 33, 38,  0, 23, 58,  7, 44,  4,
          1, 21, 24, 11,  8,  9, 28,  0, 40,  4, 41,  2, 15, 41, 52,  8, 50,  5,
         51, 58, 19, 40, 58,  6, 45, 19,  2, 12, 61, 29, 41, 56, 45, 48, 62,  2,
          3, 20, 21,  5, 10, 55, 37, 18, 41, 40, 10,  4, 18,  9,  6, 17,  2, 35,
          2, 20, 16, 28, 51, 31, 28, 42, 33, 31, 47,  5, 14, 21, 20, 17, 46,  3,
          1, 16, 43, 48, 14,  3, 31,  9,  1, 34, 51, 29, 14, 10, 53, 46, 18,  5,
          8, 19,  9, 51, 16, 20, 37,  5, 19, 49, 16, 21,  4,  9, 37, 17,  7, 46,
         32, 38, 58, 23, 19, 49],
        [37, 45, 37, 19, 45, 22, 32,  8, 38, 43, 44, 49, 42, 34, 25, 50, 53, 19,
         42, 39,  7, 36, 38, 45, 27, 15, 19, 16, 13, 36,  3,  1, 22, 47,  2, 20,
         23, 19, 25, 26, 39, 15, 41, 35,  9, 46,  2, 16, 11, 23, 21, 31, 47, 11,
         26, 40, 27, 14,  3, 15, 24, 20, 10, 60, 22, 53,  9, 48, 53, 53, 25,  9,
         55, 29,  6, 23, 25, 62,  9, 19, 30,  7, 31, 44,  7, 14, 33,  3,  0, 53,
         10, 33, 45, 58, 46, 21, 43,  6,  2,  6, 59, 41, 22, 20, 48, 19, 54,  6,
         42, 15, 55, 31, 11, 17,  1, 45, 42, 53, 20, 16,  9, 25, 28, 19, 24, 36,
         40, 37, 45,  4, 59, 39,  8, 27, 38, 18, 48,  7, 41, 12, 55, 21, 33, 46,
         19, 14, 58,  0, 45, 14, 55, 41, 50, 37,  9, 24,  3, 39,  7, 31, 17, 29,
         28, 55, 40, 40, 47, 49,  1, 58, 14,  5, 40, 29, 42, 10, 25,  6, 54,  3,
         13,  1, 50, 23,  5, 47, 17, 51, 48, 39, 64,  0, 14, 49, 26,  6, 43,  3,
          5, 21, 35,  4, 49, 16, 11, 45, 39, 37, 39, 34, 42, 10,  5, 48, 58, 19,
         49, 51, 18, 29, 20,  7,  3, 15,  4, 29,  6,  2, 13, 50, 50, 42,  3, 33,
         48, 43, 42,  8,  9,  2, 32, 23, 47, 37, 21, 31, 41, 24, 15,  8, 44, 48,
         33, 21, 11, 19, 50, 52,  8, 58, 54, 64, 48, 44,  1,  7, 33, 16,  9,  1,
          2, 10,  4, 40, 20,  9]], device='cuda:0')

Number of minimal top k edges connecting protein pseudo-atoms: 6
Number of minimal top k edges connecting ligand pseudo-atoms: 104
Number of minimal top k edges connecting protein and ligand pseudo-atoms: 55

Number of relevant edges connecting protein pseudo-atoms: 4
Number of relevant edges connecting ligand pseudo-atoms: 102
Number of relevant edges connecting protein and ligand pseudo-atoms: 52
