Interaction name: 5ni5

Predicted class: 1
Predicted probability: 0.8998755216598511
Sum of phi edges: 0.9004260118712073

Interaction statistics:

Number of total edges connecting protein pseudo-atoms: 14
Number of total edges connecting ligand pseudo-atoms: 125
Number of total edges connecting protein and ligand pseudo-atoms: 76

Pertinent positive set edge index: tensor([[49, 58, 10, 15, 18, 11, 31,  9, 27, 16, 19, 56,  6, 26, 44, 10, 36, 16,
         18, 13, 18, 56, 52, 25, 18, 53, 10, 10, 29, 35, 43, 11, 44, 56, 20, 52,
         52, 53, 49, 20, 25,  9, 11, 45,  7, 35,  7, 52, 51, 55, 13, 19, 47, 56,
         57, 17, 28, 17,  7, 28, 28, 58, 18, 43, 23,  7, 28, 35],
        [ 8,  8, 59, 38, 47, 42, 14, 40, 45, 55, 57, 21, 37, 46,  9, 52, 22, 44,
         45, 43, 35, 20, 22, 54, 51, 56, 56, 29, 10, 18, 17, 41, 21, 53, 50,  7,
         15, 28, 25, 36, 49, 44, 44, 27, 39,  7, 52, 20, 25, 24, 59, 48, 29, 28,
         16, 43, 41, 47,  9, 53, 52, 19, 46, 48, 36, 38, 54, 11]],
       device='cuda:0')

FID- using pertinent positive set: 0.3120228052139282

Number of pertinent positive edges connecting protein pseudo-atoms: 2 (14.3%)
% w.r.t. total number of pertinent positive edges: 3.4%)
Number of pertinent positive edges connecting ligand pseudo-atoms: 3 (2.4%)
% w.r.t. total number of pertinent positive edges: 5.1%)
Number of pertinent positive edges connecting protein and ligand pseudo-atoms: 54 (71.1%)
% w.r.t. total number of pertinent positive edges: 91.5%)

Minimal top k set edge index: tensor([[49, 58, 10, 15, 18, 11, 31,  9, 27, 16, 19, 56,  6, 26, 44, 10, 36, 16,
         18, 13, 18, 56, 52, 25, 18, 53, 10, 10, 29, 35, 43, 11, 44, 56, 20, 52,
         52, 53, 49, 20, 25,  9, 11, 45,  7, 35,  7, 52, 51, 55, 13, 19, 47, 56,
         57, 17, 28, 17,  7, 28, 28, 58, 18, 43, 23,  7, 28, 35, 38, 11, 55, 56,
         15, 57,  7, 26, 11, 10,  5, 54, 19, 18, 15, 41, 51, 31, 16, 30,  6, 11,
         59, 43, 15, 51, 19, 15, 47, 10, 20, 19, 26, 21, 55, 52,  5, 51, 11, 12,
         28,  4, 55, 10, 52, 23, 15,  8,  7, 49,  5,  0, 29, 17, 16, 18, 57,  3,
         51, 19, 59, 10, 31, 25, 21, 41, 42, 38,  0, 13, 31, 20, 31, 11,  2,  1,
         27, 58,  7, 20, 22, 27, 20, 21, 56, 15, 43,  5, 52,  6, 26, 32,  9, 41,
         41,  9, 34, 13, 24, 12, 20,  9, 17, 26, 29, 11],
        [ 8,  8, 59, 38, 47, 42, 14, 40, 45, 55, 57, 21, 37, 46,  9, 52, 22, 44,
         45, 43, 35, 20, 22, 54, 51, 56, 56, 29, 10, 18, 17, 41, 21, 53, 50,  7,
         15, 28, 25, 36, 49, 44, 44, 27, 39,  7, 52, 20, 25, 24, 59, 48, 29, 28,
         16, 43, 41, 47,  9, 53, 52, 19, 46, 48, 36, 38, 54, 11, 33, 35, 21, 10,
         58, 13, 20, 51, 56, 58,  9, 25, 58, 28, 10, 36, 26, 12, 10, 14, 23, 17,
         51, 12, 49, 27, 49, 52, 17, 16, 23, 30, 58, 55, 16, 10,  8, 18, 30, 43,
         18, 17, 23, 41, 28,  6, 30,  2,  6, 19, 31,  6, 30, 29,  3, 29, 19, 11,
         59, 59, 19, 27,  5, 26, 56, 28, 11, 37, 24, 29, 10,  1, 17, 16, 21, 33,
         25, 42,  0, 24, 36, 51, 56,  2, 11,  3, 13,  3, 23,  7, 17,  2,  5, 16,
         11, 23, 40, 57,  1, 29,  7,  2,  4, 27, 47, 19]], device='cuda:0')

FID+ using minimal top-k set: 0.40126660466194153

Number of minimal top-k edges connecting protein pseudo-atoms: 7 (50.0%)
% w.r.t. total number of minimal top-k edges: 6.0%)
Number of minimal top-k edges connecting ligand pseudo-atoms: 43 (34.4%)
% w.r.t. total number of minimal top-k edges: 36.8%)
Number of minimal top-k edges connecting protein and ligand pseudo-atoms: 67 (88.2%)
% w.r.t. total number of minimal top-k edges: 57.3%)

Trustworthiness of the explanation: 0.5068879403794667

Number of relevant edges connecting protein pseudo-atoms: 2 (14.3%)
% w.r.t. total number of relevant edges: 3.0%)
Number of relevant edges connecting ligand pseudo-atoms: 7 (5.6%)
% w.r.t. total number of relevant edges: 10.4%)
Number of relevant edges connecting protein and ligand pseudo-atoms: 58 (76.3%)
% w.r.t. total number of relevant edges: 86.6%)

Shapley values for edges: 

(0,1): -0.0004929954355413264
(0,6): 0.0014515905217690902
(0,7): -0.0036673207174647937
(0,20): -0.000792567025531422
(0,23): -1.625581221147017e-08
(0,24): 0.0008549392223358154
(0,32): -0.0004531605677171187
(0,33): -0.0006185566837137395
(1,0): -6.773255088112571e-09
(1,6): 2.7093020352450285e-09
(1,7): -2.7093020352450285e-09
(1,20): -0.0028865188360214233
(1,23): -0.021623535589738327
(1,24): -0.00013738735155625776
(1,33): 0.0007320669564333829
(2,5): -0.0002824284813620827
(2,8): -0.0016431022774089467
(2,9): -0.0010688521645285866
(2,16): -5.418604070490057e-09
(2,21): 0.0007389648394151168
(2,22): 3.869425166736949e-05
(2,32): -0.007213648747314106
(3,5): 0.0
(3,11): 0.001261674545027993
(3,15): 5.849247628992254e-05
(3,16): 5.418604070490057e-09
(3,29): -0.004802283915606412
(3,31): -3.7049705331975763e-07
(4,10): -0.00034229660576040095
(4,16): -9.904666380448775e-05
(4,17): 0.002003868195143613
(4,18): -9.68480652028864e-05
(4,26): 1.3546510176225142e-09
(4,31): -0.0016829534010453658
(5,2): 6.773255088112571e-09
(5,3): 0.00044810975139791316
(5,8): 0.0022754235701127486
(5,9): 0.0037881569428877397
(5,16): -2.7093020352450285e-09
(5,22): -0.001837532628666271
(5,31): 0.001518186859109185
(5,34): 2.3570927706631747e-07
(6,0): 6.095929579301314e-09
(6,1): -2.7093020352450285e-09
(6,7): 0.0004182559522715482
(6,20): 6.773255088112571e-10
(6,23): 0.0029139301993630147
(6,24): -0.002363637089729309
(6,37): 0.01946036924015392
(7,0): 0.000598247078332034
(7,1): -0.00013610381971706045
(7,6): 0.0016401626847007058
(7,8): 4.063953052867542e-09
(7,9): 0.006964676759459756
(7,20): 0.004004972224885767
(7,21): -0.00028860162604938853
(7,22): 4.063953052867542e-09
(7,23): 0.0
(7,24): -0.002360629764470187
(7,35): -0.0008431761102242904
(7,38): 0.005290975624864752
(7,39): 0.010680475695566698
(7,52): 0.010215605524453249
(8,2): 0.0016889341852881691
(8,5): -0.00117550790309906
(8,7): 0.0
(8,9): -0.00459706647829576
(8,21): 0.00010322305289181796
(8,22): 3.5607679323716596e-05
(8,23): -4.063953052867542e-09
(8,24): -2.492557872425426e-07
(8,49): -0.006112490187991749
(8,58): -0.004604694518175992
(9,2): 0.0002435093576257879
(9,5): 0.0003733607855710116
(9,7): -0.00043419816277243876
(9,8): 0.0002010667865926569
(9,21): 0.0
(9,22): -3.6117028106342666e-05
(9,23): 0.0003190033815123818
(9,40): 0.023344482549212196
(9,44): 0.010897739367051558
(10,4): -0.00037169321016831833
(10,11): 8.68602232499556e-06
(10,15): -0.0006090389056639237
(10,16): 0.0025842101736502214
(10,17): 6.773255088112571e-10
(10,25): -0.000230313702063127
(10,26): -0.00029715895652770996
(10,27): 0.0011004941029982133
(10,28): 1.0837208140980114e-08
(10,29): 0.012979473580013622
(10,31): -0.00045142932371659714
(10,41): 0.0018564381382682107
(10,52): 0.018850275061347267
(10,56): 0.01311300593343648
(10,58): 0.003803784197027033
(10,59): 0.029406462203372608
(11,3): -0.00034287842837246984
(11,10): -0.0003128905187953602
(11,12): -0.0034783536737615414
(11,13): 3.0940229242498223e-06
(11,14): -0.0016394542022184892
(11,15): -2.2584064440293744e-05
(11,16): 0.0007462189956144853
(11,17): 0.0028931037946180863
(11,19): 0.00020348687063563955
(11,26): 0.0001082975756038319
(11,29): 4.063953052867542e-09
(11,30): 0.0022486935962330212
(11,31): 8.127906105735085e-09
(11,35): 0.004792418669570576
(11,41): 0.011867874047972939
(11,42): 0.025920219042084434
(11,44): 0.010805540464141151
(11,56): 0.0038513107733293014
(12,11): 3.8021667437119916e-05
(12,13): -1.1173838918859309e-05
(12,14): -2.2121451117775656e-05
(12,15): 0.0
(12,26): -0.0021789155223152852
(12,29): 0.0002543452111157504
(12,30): -0.0007756020535122265
(12,31): -0.0009437162767757069
(12,43): 0.0021846131844954057
(13,11): -2.7093020352450285e-09
(13,12): -4.063953052867542e-09
(13,14): 0.00014032152566042814
(13,15): -0.0003669444810260426
(13,19): 6.773255088112571e-09
(13,29): 0.0008444135839288884
(13,43): 0.016621855172243984
(13,57): 0.0002813244407827204
(13,59): 0.009121472185308283
(14,11): -5.418604070490057e-09
(14,12): -0.00027979368513280696
(14,13): -0.001679069616577842
(14,15): 2.2132288325916637e-05
(14,19): -1.0837208140980114e-08
(14,29): 2.031976526433771e-09
(14,30): 0.00019491463899612427
(14,31): -0.009589838033372705
(15,3): 0.00046525015072389084
(15,10): 0.0035689926960251546
(15,11): 1.3546510176225142e-08
(15,12): -0.0009268305518410423
(15,13): 4.802779717878862e-05
(15,14): -0.003138301047411832
(15,19): -1.647662032734264e-05
(15,29): -2.7093020352450285e-09
(15,30): 0.0016976737163283608
(15,31): 2.7093020352450285e-09
(15,38): 0.029019941660490902
(15,49): 0.0028496161103248596
(15,52): 0.002722237597812306
(15,58): 0.004374256865544753
(16,2): -0.00010793317448009144
(16,3): 0.0013152388009158049
(16,4): -0.00018873810768127441
(16,5): -8.133324709805576e-06
(16,10): 0.002929985523223877
(16,11): -0.00018929215994748202
(16,17): -0.00016982379284772006
(16,31): -0.0003128417513587258
(16,41): 0.00016280805522745305
(16,44): 0.017696364359422165
(16,55): 0.0204827758398923
(16,57): -0.0011217120018872347
(17,4): 0.00023521008816632357
(17,10): 1.3546510176225142e-09
(17,11): 6.85385682366111e-06
(17,16): -0.0006678266958756881
(17,18): -6.773255088112571e-10
(17,25): -2.7093020352450285e-09
(17,26): -6.773255088112571e-09
(17,27): 8.127906105735085e-09
(17,28): 3.1911175359379165e-05
(17,29): 0.00140346112576398
(17,31): 0.00016065957871350375
(17,43): 0.007577589289708571
(17,47): 0.00720646164634011
(18,4): -4.4578855687921696e-05
(18,17): -9.4825571233576e-09
(18,26): 0.0
(18,27): 0.00013267045671289617
(18,28): 0.0035743334076621318
(18,29): 0.0012853003361008384
(18,35): 0.016592636027119377
(18,45): 0.017580338499762795
(18,46): 0.00568544864654541
(18,47): 0.027161746539852837
(18,51): 0.015482509678060358
(19,11): -0.0019511417909102006
(19,13): -0.00038664178414778274
(19,14): -0.001012452624060891
(19,15): 5.418604070490057e-09
(19,30): 0.0025030686096711593
(19,48): 0.009013746272433888
(19,49): 0.0027431425723162565
(19,57): 0.020102822983806782
(19,58): 0.0036427710543979297
(19,59): 0.0012135492129759355
(20,0): -0.0013335157524455678
(20,1): 0.0007868056947534734
(20,6): -0.0008426538922569969
(20,7): 0.0002538182518698952
(20,23): 0.002506833184849132
(20,24): 0.0005804815075614235
(20,35): -0.000833721323446794
(20,36): 0.01111324741081758
(20,50): 0.011318662627176805
(20,52): -0.005487020720135082
(20,56): 0.0005400384014303034
(21,2): 0.0005241198973222213
(21,7): -2.7093020352450285e-09
(21,8): 0.0
(21,9): 1.1649998751553622e-07
(21,22): -0.00027726590633392334
(21,23): -0.0016819523139433427
(21,24): 5.4255127906799316e-05
(21,44): -0.005632159384814176
(21,55): 0.002479299225590446
(21,56): 0.001025407151742415
(22,2): 3.226710991425948e-05
(22,5): -0.0007819452069022439
(22,7): 0.00014150345867330378
(22,8): -4.063953052867542e-09
(22,9): -0.0003130381757562811
(22,21): -0.0006343051791191101
(22,23): 1.3546510176225142e-09
(22,24): -1.5029175715012984e-05
(22,36): 0.0005762048742987893
(22,52): -6.240877238186923e-05
(23,0): 1.0837208140980114e-08
(23,1): -0.006397304209795865
(23,6): 0.001712742176922885
(23,7): -1.0837208140980114e-08
(23,8): 0.0
(23,9): -0.00046598640355196864
(23,20): -9.671666405417703e-05
(23,21): -6.69915567744862e-05
(23,22): 2.7093020352450285e-09
(23,24): 0.0
(23,36): 0.005428716540336609
(23,52): -0.0006376132369041443
(23,55): -0.002097487449645996
(24,0): -2.5196508927778766e-07
(24,1): 0.00025596537373282695
(24,6): -0.0006824630227955905
(24,7): 6.782128052277999e-05
(24,8): 0.00014701892029155385
(24,20): -0.00013127177953720093
(24,21): -0.0002601634372364391
(24,22): -1.1200254613702947e-05
(24,23): -5.418604070490057e-09
(24,55): -0.006724611602046273
(25,10): -2.1674416281960228e-08
(25,17): -1.0837208140980114e-08
(25,26): 0.001077614047310569
(25,27): 2.605129371989857e-05
(25,28): 1.043081283569336e-06
(25,49): 0.01095039736140858
(25,51): -0.004177892749959772
(25,54): 0.015586132353002375
(26,4): -0.0002170415087179704
(26,10): -1.3546510176225142e-09
(26,11): -0.002080729061906988
(26,12): -2.8192319653250955e-05
(26,17): 0.0003977577117356387
(26,18): 5.418604070490057e-09
(26,25): 3.2900409264998004e-05
(26,27): 0.00021897595037113536
(26,28): 2.7093020352450285e-09
(26,29): -1.2516975402832031e-06
(26,46): 0.019165179268880325
(26,51): 0.003952969204295765
(26,58): 0.0024944408373399215
(27,10): 1.3546510176225142e-09
(27,17): -1.3546510176225142e-09
(27,18): 0.0
(27,25): 0.0006772164594043385
(27,26): 0.00015688755295493385
(27,28): -6.773255088112571e-10
(27,45): 0.020660925995219837
(27,51): 0.0005575371059504422
(28,10): -4.063953052867542e-09
(28,17): -5.418604070490057e-09
(28,18): 0.0021405138752677226
(28,25): -0.0002498355778780851
(28,26): -0.0001382312991402366
(28,27): 9.322640570727262e-05
(28,41): 0.007395622405138883
(28,52): 0.006578249010172757
(28,53): 0.006839646534486251
(28,54): 0.005079968409104781
(28,56): 9.889087893746115e-05
(29,3): -0.0005048052831129594
(29,10): 0.012534877793355421
(29,11): 2.7093020352450285e-09
(29,12): -7.499754428863525e-05
(29,13): 5.1100145686756484e-05
(29,14): 4.2068687352267176e-05
(29,15): 1.3546510176225142e-09
(29,17): -6.164000792936845e-05
(29,18): -0.0008646473288536072
(29,26): -0.0023290914568034086
(29,30): 0.0014084475961598482
(29,31): -1.0837208140980114e-08
(29,47): 0.0002088031985542991
(30,11): 0.0
(30,12): 0.0
(30,14): 0.002928844907067039
(30,15): 1.3546510176225142e-09
(30,19): 0.0
(30,29): 4.063953052867542e-09
(31,3): -0.0016892444003712046
(31,4): -0.001730412244796753
(31,5): 0.0010974434289065275
(31,10): 0.0007952072403647683
(31,11): 2.7093020352450285e-09
(31,12): 0.0029319077730178833
(31,14): 0.025043674490668556
(31,15): 5.8475543152202256e-05
(31,16): 2.7093020352450285e-09
(31,17): 0.0007645907727154819
(31,29): -6.773255088112571e-09
(32,0): 0.00012217462062835693
(32,2): 0.0003975992175665769
(33,0): -0.0006386827338825573
(33,1): -0.00010379336097023703
(33,37): -0.0028902075507424092
(33,38): -0.0020397847348993473
(33,39): -0.0007490678267045455
(34,5): 9.06261530789462e-07
(34,40): 0.0003178715705871582
(35,7): 0.010580394755710255
(35,11): 0.004900758239355954
(35,18): 0.012228368358178572
(35,20): -0.00022292543541301381
(36,20): -0.001129455187103965
(36,22): 0.018113716420802204
(36,23): -3.5762786865234375e-07
(36,41): -1.3546510176225142e-09
(36,57): -0.0027492357925935225
(37,6): -0.007966298948634754
(37,33): 2.0611015233126553e-06
(37,38): 9.380416436628862e-05
(38,7): -0.0014616630294106224
(38,15): -0.008507572791793129
(38,33): 0.004899244416843761
(38,37): 0.0009142566810954701
(39,7): -0.002525188706137917
(39,33): -0.002616447481242093
(39,55): 5.418604070490057e-09
(40,9): -0.004628184166821567
(40,34): -0.005461485548452897
(41,10): -0.00014400888573039663
(41,11): 0.00033366409215060145
(41,16): 0.00036154619672081685
(41,28): 0.0009703317826444453
(41,36): 0.0032896203073588285
(41,57): 0.0
(42,11): 0.0009608051993630149
(42,58): 7.887116887352683e-05
(43,12): 0.002863825044848702
(43,13): 0.0004505609924143011
(43,17): 0.012023410336537794
(43,48): 0.005488369275223125
(44,9): 0.01887472854419188
(44,11): 7.244775241071528e-05
(44,16): -0.0008503388274799694
(44,21): 0.011745561930266294
(45,18): -0.003197612410241907
(45,27): 0.010686619037931616
(45,56): -0.0012894089926372874
(46,18): -0.00016049092466180974
(46,26): 2.085620706731623e-05
(47,17): 0.0026562945409254594
(47,18): -0.0005234635689041831
(47,29): 0.00893076712434942
(48,19): 0.00016390938650478017
(48,43): -0.0012644454836845398
(49,8): 0.03255131569775668
(49,15): -0.005445813590830023
(49,19): 0.0015624924139543014
(49,25): 0.0111415602944114
(50,20): -0.00369992039420388
(51,18): 0.002266382629221136
(51,25): 0.009504895318638195
(51,26): 0.0031518888744440947
(51,27): 0.0027916810729286885
(51,59): 0.0012280531227588654
(52,7): 0.011300225149501453
(52,10): 0.0022961267016150737
(52,15): 0.011238482188094746
(52,20): 0.009942062876441261
(52,22): 0.01619799028743397
(52,23): 0.0004260255531831221
(52,28): 0.0017283369194377553
(53,28): 0.011214711449363014
(53,56): 0.015245413238351995
(54,25): 0.0036659054458141327
(54,28): -0.0010984987020492554
(55,16): 0.0023356344212185254
(55,21): 0.004519826986572959
(55,23): 0.0019129236990755255
(55,24): 0.009230634028261358
(55,39): -0.0006471289829774337
(56,10): 0.0044797496362165975
(56,11): 0.0005071542479775169
(56,20): 0.016298451884226364
(56,21): 0.019833147525787354
(56,28): 0.008382044393907894
(56,45): 1.3546510176225142e-08
(56,53): 0.011562610214406794
(57,13): 0.004047359932552685
(57,16): 0.008172281763770363
(57,19): 0.0012766366655176337
(57,36): -0.0006617578593167392
(57,41): -0.00014217333360151812
(58,8): 0.03185130791230635
(58,10): -0.000458908351984891
(58,15): 1.0241161693226207e-05
(58,19): 0.005845098332925277
(58,26): -0.0027616958726536145
(58,42): 0.0006028176708654923
(59,10): -0.0053337974981828165
(59,13): -0.0005717494271018288
(59,19): 0.001110964539376172
(59,51): 0.002872663126750426
