Test set index: 361

Target Class: 0

Target compound: TARGET

Sum of Shapley Values: 0.7929382320153459

Shapley values:
-0.09197151057384623
0.09750026603040711
0.02599463936429042
-0.03551407614747682
0.009340411708274914
-0.0644885518905639
0.05792011563209242
-0.008342758992543808
0.0019077690306874549
0.03295086443393522
-0.011584711959695952
0.0070179093931853655
0.00939456115127465
0.017970431956004198
-0.006831431758854276
0.021252539378288516
0.0042033284605290195
-0.011691948088552086
-0.0004942506971724581
-0.006127925336511748
0.09021540075677706
0.12806192097729202
0.11219522746266408
-0.04472057913174148
0.03581936442041465
-0.05345586796148894
-0.022328297395329634
0.03017525243438849
-0.02212855251205153
0.05728418516121266
0.01808605161714517
-0.0033451803006268347
0.010943277685517084
0.008451976359243673
-0.00011527545957492305
0.0007220283924539502
0.0007504601655086911
-0.003582565706942834
0.017325882292248466
-0.007250905610574951
0.006993420310851594
0.06505533169404401
-0.0004699681132741197
0.0062821292763231475
0.025167624875961837
-0.03315470091066217
0.016962291071916723
-0.021114362014372716
0.021808670278823394
-0.021581437614608085
0.002830077294645055
-0.0006394662152613284
-0.03283933881157772
-0.012651974588288343
0.01966525020241378
0.0033048899979915584
0.010973460950245907
0.032959268687305296
0.0008794449459134752
0.07845408934690105
-0.011708410678109118
-0.012229993317069253
0.010193080852787147
0.0001224186615026971
-0.003018146330825178
0.013791050289592578
-0.00542710378278723
0.003462910281907458
-0.008377897483459532
-0.00445223616498683
0.011049771995634783
0.019240709374967233
0.006546797351238249
-0.004437497213853484
0.019318794463962487
0.0045632746430120845
0.05977227479986645
0.031295142572634306
0.0941889416845974
0.012739017437900728
-0.020944591323655944
-0.02489955007623084
-0.00999872763678768
0.014014254814602126
0.007638961559329764
-0.019916302893542084
0.017005527892782334
0.0016130193773620533
0.021012248505275197
0.0003863169521188775

Minimal top-k Set:
Set indices on edge ranking: [21, 22, 1, 78]
Set edge index: tensor([[ 9,  9,  1, 33],
        [10, 23,  0, 35]], device='cuda:0')
FID+: 0.9928578580729663

Pertinent Positive Set:

Pertinent set edge index: tensor([[ 9,  9,  1, 33,  9, 26, 17, 33,  3],
        [10, 23,  0, 35,  8,  1, 21, 32,  2]], device='cuda:0')
FID-: 0.14776796102523804
Minimal top-k Set GNNExplainer:
Set indices on edge ranking: [41, 84, 23, 10, 31, 71, 56, 58, 16, 42, 28, 19, 38, 53, 30, 72, 54, 85, 17, 59, 45]
Set edge index: tensor([[17, 37, 10,  4, 13, 30, 24, 25,  7, 18, 12,  8, 16, 23, 13, 31, 23, 37,
          7, 26, 19],
        [21, 30,  9,  5, 14, 37, 25, 24,  6, 13, 13,  9, 17,  9, 12, 30, 22, 36,
          8,  1, 18]], device='cuda:0')
FID+: 0.7721445262432098

Pertinent Positive Set GNNExplainer:

Pertinent set edge index: tensor([[17, 37, 10,  4, 13, 30, 24, 25,  7, 18, 12,  8, 16, 23, 13, 31, 23, 37,
          7, 26, 19, 27, 33,  6, 17, 18, 18, 24, 15, 25, 28, 30,  5, 39,  4, 10,
         22,  9, 13, 36, 11,  8, 33, 30, 32, 16, 14,  9],
        [21, 30,  9,  5, 14, 37, 25, 24,  6, 13, 13,  9, 17,  9, 12, 30, 22, 36,
          8,  1, 18, 26, 35,  5, 16, 17, 19,  6, 14,  3, 27, 29,  6, 26,  3, 11,
         12, 10, 18, 33, 12,  7, 34, 31, 33, 15, 15,  8]], device='cuda:0')
FID-: 0.22338980436325073