Test set index: 361

Target Class: 0

Target compound: TARGET

Sum of Shapley Values: 0.8992154390903822

Shapley values:
-0.07957876884471046
0.061441089746583695
-0.009629634553016133
-0.025614928387605058
0.02049249579378444
-0.03199841725986561
0.013443708767791624
0.032793125338866906
-0.021262225265650553
0.020348754810982753
0.011359790869592578
0.01716991428979319
0.008381537763276463
0.04428585009885746
0.000731638832683514
-0.002756808687048802
0.01116428273160039
-0.015416781250435939
0.03291696437797625
-0.00826974731314771
0.06493995312124304
0.183370015670535
0.10269101888686921
-0.007257013733255061
0.022493363178295537
-0.03410052135616444
-0.005052020355548938
0.06411962747403119
-0.003302312099631186
0.0009009411040054518
0.02297338442303306
-0.005735496602779445
0.0026945018766784657
0.002133866812354802
-0.006437831374165883
0.0019079437081675637
-0.0012779621848847066
0.000391044912792952
0.010662761587835901
-0.011568456696412037
-0.001540891839827175
0.005850825198766321
-0.0006706829640602055
0.006488879551583547
0.017144081792376083
-0.005195542217161243
0.00994979621889314
-0.008433519450089211
0.031302103648842346
-0.010015334586505385
0.008706900339970007
-0.0005253971666591384
-0.03610569648025619
0.0167692435502461
0.016826370344131522
0.010312962290669381
-0.0005689773434943455
0.011896598309664047
0.001493223718388992
0.04224411671735789
-0.008430108487226978
-0.002486216670801593
0.011921143565753809
-0.007663756399009771
0.0014381354600911669
0.0025806030297396538
-0.0074457393763973844
0.03130333997268754
-0.0004620467612222821
-0.0017911900557517446
-0.005220843372130142
0.005457864277033153
-0.005564137667511207
0.004986609123089649
0.000379168230940779
0.034682818041732226
-0.020788781869042795
0.13142320833962332
0.1614315157134182
0.012378677499740708
-0.03262276725605685
-0.03973093565875571
0.03196401718557913
0.002121262374299568
-0.006797863356255819
-0.0014381326278829546
0.001315846276412581
0.00023418111670646648
0.008808536664425846
-0.0032466780689921664

Minimal top-k Set:
Set indices on edge ranking: [21, 78, 77]
Set edge index: tensor([[ 9, 33, 33],
        [10, 35, 34]], device='cuda:0')
FID+: 0.9927020468749106

Pertinent Positive Set:

Pertinent set edge index: tensor([[ 9, 33, 33,  9,  9, 12,  1,  6, 26, 32,  8,  3, 36, 29, 20, 13, 10,  2,
          4,  5, 18, 23, 23],
        [10, 35, 34, 23,  8, 11,  0,  5,  1, 33,  7,  4, 33, 30, 21, 12, 11,  1,
          3,  4, 19, 22,  9]], device='cuda:0')
FID-: -0.0026227235794067383
Minimal top-k Set GNNExplainer:
Set indices on edge ranking: [31, 56, 58, 23, 41, 28, 16, 52, 14, 86, 10, 29, 13, 19, 55, 17, 38, 59, 53, 30]
Set edge index: tensor([[13, 24, 25, 10, 17, 12,  7, 22,  6, 38,  4, 12,  6,  8, 24,  7, 16, 26,
         23, 13],
        [14, 25, 24,  9, 21, 13,  6, 23,  7, 29,  5, 22,  5,  9,  6,  8, 17,  1,
          9, 12]], device='cuda:0')
FID+: 0.9972774171328638

Pertinent Positive Set GNNExplainer:

Pertinent set edge index: tensor([[13, 24, 25, 10, 17, 12,  7, 22,  6, 38,  4, 12,  6,  8, 24,  7, 16, 26,
         23, 13, 15, 28, 13, 18, 26, 17, 30, 23,  6, 28,  4,  9,  8, 18,  5, 18,
         10, 14, 16, 17, 29, 22,  9, 27, 29, 32, 19, 26, 39,  5],
        [14, 25, 24,  9, 21, 13,  6, 23,  7, 29,  5, 22,  5,  9,  6,  8, 17,  1,
          9, 12, 14, 27, 18, 13, 39, 16, 37, 22, 24, 29,  3, 10,  7, 17,  6, 19,
         11, 15, 15, 18, 28, 12,  8, 26, 38, 33, 18, 27, 26,  4]],
       device='cuda:0')
FID-: 0.41885530948638916