Interaction name: 5kr0

Affinity: 9.149999618530273
Predicted class: 1
Predicted probability: 0.8498802781105042
Sum of phi edges: 0.7036938177049157

Interaction statistics:

Number of total edges connecting protein pseudo-atoms: 13
Number of total edges connecting ligand pseudo-atoms: 89
Number of total edges connecting protein and ligand pseudo-atoms: 63

Pertinent positive set edge index: tensor([[52, 41, 35, 12,  9,  3, 17, 12, 51, 13, 19, 13, 19, 38, 24, 52, 50, 48,
         51, 38, 42, 13, 12, 38, 41, 14, 13, 20, 10, 13, 10, 42, 11, 42, 16, 14,
         45, 11, 22, 45, 42, 30, 38, 35, 14, 14, 18, 12, 21, 46, 44, 45, 45, 39,
         41, 37, 19, 29, 52, 19, 38, 41, 43, 38, 43, 24, 50, 46, 47, 31, 50, 46,
         17, 12, 48, 49, 40, 38],
        [25, 18, 18, 28, 33, 29, 39, 51, 17, 36, 37, 46, 34, 15, 36, 24, 22, 15,
         19, 11,  9, 27, 52, 24, 47, 40, 35, 47, 44, 23, 34, 23, 46, 20, 48, 45,
         11, 45, 37, 23, 21,  0, 22, 10, 49, 38, 41, 48, 43, 11, 43, 14, 21, 17,
         40, 22, 35,  3, 21, 51, 14, 20, 44, 49, 21,  0, 48, 13, 20, 42, 14, 27,
         51,  3, 50, 16, 20, 12]], device='cuda:0')

FID- using pertinent positive set: 0.13540488481521606

Number of pertinent positive edges connecting protein pseudo-atoms: 6 (46.2%)
% w.r.t. total number of pertinent positive edges: 9.5%)
Number of pertinent positive edges connecting ligand pseudo-atoms: 5 (5.6%)
% w.r.t. total number of pertinent positive edges: 7.9%)
Number of pertinent positive edges connecting protein and ligand pseudo-atoms: 52 (82.5%)
% w.r.t. total number of pertinent positive edges: 82.5%)

Minimal top k set edge index: tensor([[52, 41, 35, 12,  9,  3, 17, 12, 51, 13, 19, 13, 19, 38, 24, 52, 50, 48,
         51, 38, 42, 13, 12, 38, 41, 14, 13, 20, 10, 13, 10, 42, 11, 42, 16, 14,
         45, 11, 22, 45, 42, 30, 38, 35, 14, 14, 18, 12, 21, 46, 44, 45, 45, 39,
         41, 37, 19, 29, 52, 19, 38, 41, 43, 38, 43, 24, 50, 46, 47, 31, 50, 46,
         17, 12, 48, 49, 40, 38, 20,  0, 33, 50, 48, 52, 21, 51, 13, 21, 50, 16,
         14, 11, 34, 37, 30,  0, 49, 27, 15, 35, 12, 40, 35, 12, 12, 48, 16, 14,
          5, 10, 51,  9, 23,  6,  7, 20, 12, 18, 24,  0, 40, 21, 19, 51, 34, 16,
          5, 24, 22, 49, 29,  6,  6, 30, 13,  5, 10,  5,  3,  3,  2,  0, 21, 36,
         17,  5, 47,  6, 20, 24, 23, 23,  6,  7, 23, 52, 16, 25, 28, 17, 48, 21],
        [25, 18, 18, 28, 33, 29, 39, 51, 17, 36, 37, 46, 34, 15, 36, 24, 22, 15,
         19, 11,  9, 27, 52, 24, 47, 40, 35, 47, 44, 23, 34, 23, 46, 20, 48, 45,
         11, 45, 37, 23, 21,  0, 22, 10, 49, 38, 41, 48, 43, 11, 43, 14, 21, 17,
         40, 22, 35,  3, 21, 51, 14, 20, 44, 49, 21,  0, 48, 13, 20, 42, 14, 27,
         51,  3, 50, 16, 20, 12, 40, 30,  9, 16, 16, 12, 45, 30,  8, 52, 12, 49,
         50, 38, 19, 19,  1,  5, 14, 46, 48, 19, 50, 41, 13, 38,  1, 12, 50, 12,
          9, 35, 16, 42, 42,  8, 26, 41, 14, 35, 38, 11, 14, 42,  4, 12, 10, 51,
         10, 52, 38, 38,  4,  0, 12,  2,  2, 21,  5, 11, 30, 25, 12,  9, 11, 24,
         25, 31, 41,  2, 19, 27, 45, 22, 11, 17, 13, 32,  7, 15, 27,  7, 37,  0]],
       device='cuda:0')

FID+ using minimal top-k set: 0.3851824998855591

Number of minimal top-k edges connecting protein pseudo-atoms: 8 (61.5%)
% w.r.t. total number of minimal top-k edges: 8.3%)
Number of minimal top-k edges connecting ligand pseudo-atoms: 29 (32.6%)
% w.r.t. total number of minimal top-k edges: 30.2%)
Number of minimal top-k edges connecting protein and ligand pseudo-atoms: 59 (93.7%)
% w.r.t. total number of minimal top-k edges: 61.5%)

Trustworthiness of the explanation: 0.5329378664491022

Number of relevant edges connecting protein pseudo-atoms: 5 (38.5%)
% w.r.t. total number of relevant edges: 8.1%)
Number of relevant edges connecting ligand pseudo-atoms: 3 (3.4%)
% w.r.t. total number of relevant edges: 4.8%)
Number of relevant edges connecting protein and ligand pseudo-atoms: 54 (85.7%)
% w.r.t. total number of relevant edges: 87.1%)

Shapley values for edges: 

(0,1): 0.00023680470883846283
(0,5): 0.003091171160340309
(0,6): 4.270516335964203e-05
(0,9): 0.0008586485683917999
(0,10): 0.00028026916086673734
(0,11): 0.0015309461951255798
(0,21): -0.0007650338858366013
(0,24): -0.00239032082259655
(0,30): 0.003950487300753594
(0,31): -0.0023306888341903687
(1,0): -0.0006125512719154358
(1,6): -2.506732940673828e-05
(1,10): -0.001925966814160347
(1,11): -0.00021388106048107148
(1,12): -0.0016198284178972244
(1,13): -0.004033494889736176
(1,28): 6.234757602214813e-05
(1,30): -6.783336400985718e-05
(2,6): 2.317667007446289e-05
(2,12): 0.0008872747421264648
(2,13): -0.00012563027441501618
(2,29): -9.544931352138519e-05
(2,30): -2.5428831577301025e-05
(3,4): 1.0658428072929382e-05
(3,12): -0.0006637757271528244
(3,13): -0.0008164738118648529
(3,15): -0.0001655532419681549
(3,18): -0.0036613311618566512
(3,22): -0.0010226909071207047
(3,25): 0.0009299959242343903
(3,28): -0.0007252360135316849
(3,29): 0.015083927661180496
(3,30): 0.0009381531551480294
(4,3): 2.2058933973312377e-06
(4,15): -0.005833425633609295
(4,18): 0.00025994829833507537
(4,19): -0.0021630778163671495
(4,25): 0.0003448929637670517
(4,29): -0.0012276918441057206
(5,0): -2.969261258840561e-05
(5,9): 0.0023844170570373534
(5,10): 0.001187777742743492
(5,11): 0.0009524472057819367
(5,21): 0.0010105547308921813
(5,31): 0.000752939060330391
(6,0): 0.0011125022172927856
(6,1): -1.4031752943992614e-05
(6,2): 0.0007250393182039261
(6,8): 0.0020098209381103514
(6,11): 0.0005622690916061401
(6,12): 0.0010670798271894455
(6,13): -4.421450197696686e-05
(6,22): -0.0017990460246801376
(6,24): -0.00010234508663415909
(6,28): -0.00038290806114673617
(6,32): 9.942978620529175e-05
(7,15): -0.0031374264881014824
(7,16): 4.934139549732208e-05
(7,17): 0.000558197945356369
(7,18): -0.0019075044244527817
(7,26): 0.001967384144663811
(8,6): -4.5483559370040896e-06
(8,12): -9.586185216903687e-05
(8,13): -6.204694509506225e-05
(9,0): -0.00013126537203788757
(9,5): -0.0008479429036378861
(9,10): -0.0005038873851299286
(9,11): -0.00043298542499542236
(9,21): 0.00019634105265140534
(9,33): 0.01777115769684315
(9,42): 0.00222605898976326
(10,0): 0.00020622797310352326
(10,1): -0.001003800556063652
(10,5): 0.000978938341140747
(10,9): -0.0012380263209342956
(10,11): -0.000868287980556488
(10,21): 0.00027597390115261075
(10,34): 0.008268599659204482
(10,35): 0.002371578961610794
(10,44): 0.008558756336569787
(11,0): 0.00020963478833436967
(11,1): -7.890664041042328e-05
(11,5): -0.0003610128164291382
(11,6): -0.0015369509160518646
(11,9): -0.0024518578872084616
(11,10): 0.0002621454745531082
(11,21): -4.276961088180542e-05
(11,38): 0.003340732157230377
(11,45): 0.0076202934980392455
(11,46): 0.00808069810271263
(12,1): 0.00251545175909996
(12,2): -0.001173628196120262
(12,3): 0.004184675440192223
(12,6): -0.00016250185668468476
(12,8): -0.004049282670021057
(12,13): -5.282260477542877e-05
(12,14): 0.001803971864283085
(12,28): 0.018276447802782057
(12,38): 0.0026142799854278562
(12,48): 0.006305836588144303
(12,50): 0.00275260828435421
(12,51): 0.013997857943177223
(12,52): 0.009373869597911835
(13,1): 0.00011857546865940094
(13,2): 0.0010242866724729537
(13,3): 3.747314214706421e-05
(13,6): -9.53756645321846e-05
(13,8): 0.0035968983173370363
(13,12): -0.0007527723163366318
(13,22): -0.0001145724207162857
(13,23): 0.008496318757534028
(13,24): -0.00010211125016212463
(13,27): 0.00945647269487381
(13,28): -0.00020716093480587004
(13,35): 0.008844751566648483
(13,36): 0.013069160059094429
(13,46): 0.011605741903185845
(14,12): 0.0023977488279342653
(14,19): -0.0007020141184329987
(14,20): -8.557036519050598e-05
(14,38): 0.006429499238729477
(14,40): 0.009025207161903382
(14,45): 0.007843772843480111
(14,49): 0.006673019006848335
(14,50): 0.003419497534632683
(15,3): 1.795440912246704e-06
(15,4): -0.0028848719596862795
(15,7): -0.0019751252979040147
(15,16): -3.574352711439133e-05
(15,17): -4.507288336753845e-05
(15,18): -9.331852197647095e-05
(15,25): -0.0005154537409543991
(15,26): -0.001502794399857521
(15,38): 0.00030579216778278353
(15,48): 0.002812279723584652
(16,7): 0.0004902233183383942
(16,15): 6.11715018749237e-06
(16,17): -0.0005959127843379974
(16,18): -1.8966197967529296e-05
(16,25): -0.00036264240741729737
(16,26): -0.0006844912469387054
(16,48): 0.007856689244508743
(16,49): 0.0034595074504613875
(16,50): 0.002407124787569046
(16,51): 0.001220666840672493
(17,7): 0.00042689122259616854
(17,15): -0.00043913960456848144
(17,16): -0.0001083587110042572
(17,18): 8.33798199892044e-05
(17,25): 0.0007587160915136337
(17,26): 0.00034561716020107267
(17,39): 0.014416517242789268
(17,51): 0.004261841103434563
(18,3): -0.0006427644193172455
(18,4): -0.00014532867819070817
(18,7): -0.0018605460971593856
(18,15): 9.290210902690888e-05
(18,16): -0.00034903358668088915
(18,17): -0.00014994308352470398
(18,25): -0.0004435575008392334
(18,26): -0.0009565630555152893
(18,35): 0.001704365201294422
(18,41): 0.006311881542205811
(19,4): 0.0014710244536399841
(19,14): 0.0002697243541479111
(19,20): -0.0004496823251247406
(19,34): 0.011211717203259468
(19,35): 0.005634806156158447
(19,37): 0.01231989175081253
(19,51): 0.005319090411067009
(20,14): 0.0001352018117904663
(20,19): 0.0006982998549938202
(20,40): 0.004088426195085049
(20,41): 0.001850147172808647
(20,42): -4.861317574977875e-05
(20,47): 0.008770341724157334
(21,0): 0.0003494147211313248
(21,5): -0.0011692340299487114
(21,9): -0.0023496711999177935
(21,10): -0.00037277810275554657
(21,11): 0.0008227666467428207
(21,42): 0.0015087413787841797
(21,43): 0.00611974760890007
(21,45): 0.0036739976704120636
(21,52): 0.0035159139335155486
(22,3): -0.00038140423595905303
(22,6): -0.001690821386873722
(22,13): -2.0116567611694337e-09
(22,23): 0.00016837693750858306
(22,24): 0.000257813036441803
(22,27): -0.00016286149621009828
(22,28): 0.00012656323611736297
(22,37): 0.0073363564908504484
(22,38): 0.0011575136333703995
(22,50): -0.0022152888774871825
(23,13): 0.0005542321503162384
(23,22): 0.0005874626338481903
(23,24): 4.4037103652954105e-05
(23,27): -3.452315926551819e-05
(23,28): -7.890909910202026e-07
(23,42): 0.0020302528142929076
(23,45): 0.0006431211158633232
(24,0): 0.004923095852136612
(24,6): -0.0002327892929315567
(24,13): -0.00010835841298103333
(24,22): -0.000268130861222744
(24,23): 0.00019890286028385163
(24,27): 0.0006652176380157471
(24,28): -1.4965683221817017e-05
(24,36): 0.011023019179701806
(24,38): 0.0016114360839128495
(24,52): 0.0011785440891981126
(25,3): 1.2367963790893554e-08
(25,4): 0.00021734148263931276
(25,15): 0.0004823911190032959
(25,16): -0.00022604621946811676
(25,17): 1.701444387435913e-05
(25,18): -0.0002965422719717026
(25,26): -0.0003637132793664932
(25,52): -0.006226415187120438
(26,7): -0.00014709942042827605
(26,15): -0.00010259605944156646
(26,16): -0.00035847455263137817
(26,17): 4.4637247920036313e-05
(26,18): -3.768123686313629e-05
(26,25): -0.00041623473167419435
(27,13): -0.0007359012216329575
(27,22): -8.693352341651917e-05
(27,23): 0.00034319482743740083
(27,24): -4.499658942222595e-05
(27,28): 7.600188255310059e-06
(27,46): 0.0028522287681698798
(28,1): -0.00552772082388401
(28,3): -0.004036353752017021
(28,6): 1.8662512302398683e-05
(28,12): -0.0008255429565906525
(28,13): -0.00047992274165153503
(28,22): 2.5258660316467284e-05
(28,23): 0.00012041263282299042
(28,24): -0.0006203713268041611
(28,27): 0.00045730359852313995
(29,2): 0.0002872568368911743
(29,3): 0.0054140216484665875
(29,4): 0.0011137299239635467
(30,0): 0.007124775499105454
(30,1): 0.003114468976855278
(30,2): 0.0010461603105068207
(30,3): -0.0005679226666688919
(30,51): -0.0036608142405748366
(31,0): -0.0013944360613822938
(31,5): 2.1754354238510133e-05
(31,42): 0.004557760134339332
(32,6): 4.1604936122894286e-05
(32,36): -0.00018455985933542253
(32,52): -0.0003015551716089249
(33,9): 0.003913139924407005
(33,44): -0.00011347532272338867
(34,10): 0.0012648999691009521
(34,19): 0.0033132362365722655
(35,10): 0.006946619749069214
(35,13): 0.002707536220550537
(35,18): 0.019212683141231538
(35,19): 0.00279973566532135
(35,47): -0.0006761011481285095
(36,13): -3.0506253242492676e-05
(36,24): 0.0008043492585420608
(36,32): -0.003118973672389984
(37,19): 0.0033013789355754854
(37,22): 0.005721993818879128
(37,48): 0.00015240482985973358
(38,11): 0.009973484985530377
(38,12): 0.0040982309728860855
(38,14): 0.005210723802447319
(38,15): 0.011156867444515228
(38,22): 0.0069682829082012175
(38,24): 0.00913598582148552
(38,49): 0.0050569956004619596
(39,17): 0.005900324061512947
(39,50): -0.00015528954565525055
(40,14): 0.001523728594183922
(40,20): 0.0041161800175905225
(40,41): 0.002726070284843445
(41,18): 0.02094097413122654
(41,20): 0.005121982172131539
(41,40): 0.00573782317340374
(41,47): 0.009122826009988785
(42,9): 0.00952148362994194
(42,20): 0.007903407514095306
(42,21): 0.007239817641675472
(42,23): 0.008111690059304238
(42,31): -0.0012775830924510955
(43,21): 0.0049809103459119795
(43,44): 0.005067551285028457
(44,10): 0.0002983125299215317
(44,33): 0.00022918783128261566
(44,43): 0.006050061136484146
(45,11): 0.007796530649065971
(45,14): 0.006043564453721046
(45,21): 0.005921932756900787
(45,23): 0.00729028008878231
(46,11): 0.006110541895031929
(46,13): 0.004730703011155128
(46,27): 0.004331190958619118
(47,20): 0.00465658001601696
(47,35): -0.0001891687512397766
(47,41): 0.0007416427880525589
(48,12): 0.0024444054812192916
(48,15): 0.010321319326758385
(48,16): 0.003685944601893425
(48,37): 0.00037355244159698487
(48,50): 0.0041817442327737805
(49,14): 0.00287706695497036
(49,16): 0.004118548221886158
(49,38): 0.0011443162709474564
(50,12): 0.003490438312292099
(50,14): 0.00440867505967617
(50,16): 0.0036896226555109025
(50,22): 0.01055036909878254
(50,39): 7.826514542102814e-05
(50,48): 0.0048585540056228635
(51,12): 0.0013031699508428574
(51,16): 0.0023012738674879074
(51,17): 0.013285827338695527
(51,19): 0.00998322956264019
(51,30): 0.0036215045303106307
(52,12): 0.0036758454144001007
(52,21): 0.00538955394178629
(52,24): 0.010664039850234985
(52,25): 0.021655131950974463
(52,32): 0.0004971400648355484
