Test set index: 599

Target Class: 0

Target compound: TARGET

Sum of Shapley Values: 0.7741408376399435

Shapley values:
0.0009270985462511572
-0.006314814144554673
0.0032674424742515345
-0.018669368637862963
0.005027307660774392
-0.007676903331412006
0.0020296039020158262
0.0012088298368723835
-0.006478248979754642
-0.003462113953412082
0.0026111347050698243
-0.010426456811582323
-0.01136192001071779
-0.0605657025713416
-0.0016774726074593876
0.029635794260497658
0.04158644951107892
0.06914360727421238
0.02120973577342891
-0.011726714509064267
0.04059261786497244
-0.021868743378203374
0.10941652124645702
0.06289194646687812
0.11421371994892554
0.061613734632406346
0.03435013203833945
0.02308362629192877
0.016792437447783536
-0.014909524627028175
0.009860078411882061
0.013297269245374672
0.04502254364571855
-0.00482419297898559
0.019571317918075492
-0.0002999475448420822
0.08467212678677749
-0.009096721859874977
-0.06498131768092867
0.02974899811413773
-0.004813611299682359
-0.011820838064831293
0.004432406659166676
0.002842287077695645
-0.0035914113524352104
-0.006436065671996057
-0.004566661953441193
0.01447376616164088
0.029174679533021143
-0.008390508851458004
-0.006579742937276697
0.16704877986778577
-0.04640560689685236
0.016190836444287454
-0.0007264974601111637
-0.013116511322596143
0.008798344043014671
-0.0065211570744941405
0.007457093175075407
0.002983408728796147
-0.006483428918118788
-0.014067956453664947
0.006406631771242525
-0.008245435459606678
-0.0013648831846565486
0.021378626003055894
0.013610038561070131
0.0031529204089124265
0.0051627060275537704
0.009768851520955642
0.0007881197439849602
-0.0036902646956146704
-0.01173392837827002
0.004403206621523871
0.0038956514626010607
0.013892148052707887
0.003697487723525433
-0.004691643881583846
-0.010329224345828723
-0.008934229201009232
0.016904477555368544
0.012754067523400277

Pertinent Negative Set:
Pertinent set indices on edge ranking: [51, 24, 22, 36]
Pertinent set edge index: tensor([[22, 10, 10, 16],
        [23, 29,  9, 17]], device='cuda:0')
FID+: 0.9998738310387125

Pertinent Positive Set:

Pertinent set edge index: tensor([[22, 10, 10, 16,  7, 10, 11, 14,  7,  9, 11],
        [23, 29,  9, 17, 30, 11, 10, 15,  8,  8, 12]], device='cuda:0')
FID-: 0.3526865839958191
Pertinent Negative Set GNNExplainer:
Pertinent set indices on edge ranking: [16, 17, 67, 24, 6, 9, 31, 32]
Pertinent set edge index: tensor([[ 7,  7, 30, 10,  3,  4, 14, 14],
        [ 8, 30, 29, 29,  1, 37, 13, 15]], device='cuda:0')
FID+: 0.5361441671848297

Pertinent Positive Set GNNExplainer:

Pertinent set edge index: tensor([[ 7,  7, 30, 10,  3,  4, 14, 14, 33, 33, 13, 15, 27,  9, 21,  9,  1, 13,
         11,  0, 29, 18, 19, 35, 12, 10,  5, 11,  8],
        [ 8, 30, 29, 29,  1, 37, 13, 15, 35, 34, 14, 16, 20,  8, 22, 10,  3, 12,
         10,  1, 10, 16, 18, 33, 13, 11,  4, 12,  9]], device='cuda:0')
FID-: 0.009737908840179443