Test set index: 599

Target Class: 0

Target compound: TARGET

Sum of Shapley Values: 1.0569308468796137

Shapley values:
-0.022503278060695298
0.06533114336367415
-0.01101112366016875
0.042520307531489616
-0.02539608876488226
0.010599445998983364
-0.014444146024553994
0.004994291854073784
0.012391528497147244
0.0010051050857097677
-0.004541199999147074
-0.009817334610562636
0.01200677523572283
-0.06093567485963366
-0.008531018257500685
0.0002702403952768462
0.008903522368548203
0.09948594384230068
0.04750193659145554
0.010139409223219138
0.034900180116108626
0.015269143228384933
0.13129171097677994
0.09235180880233657
0.23530484053113773
-0.00419463551446102
0.0281354891552955
-0.01415148533669979
0.03244145234239738
-0.019893794335649705
0.002164456579402394
0.02630545892080325
0.007079163228064349
0.02680630098364329
0.015799775723056225
-0.024465574427242107
0.09518551003001742
-0.014067024541881436
-0.050328737270574624
0.06150826079699216
-0.013305745914200329
-0.006880322579462852
0.0039161613450019684
0.006583908337731201
-0.015518274204582747
-0.015679782166966215
-0.0034055898004337897
0.007344413847678891
0.020726267029863132
-0.003999259645314185
-0.02092092818012732
0.12802421250174048
-0.04573683693043727
0.01729101872695677
0.007815144251868588
-0.007165157477711734
0.00487869880711937
-0.007974829071885186
0.012824500904512426
-0.001756367788495936
-0.009211468579605033
-0.000552112597800889
-0.005143858445501181
-0.009978975819230105
0.009736031599067546
0.04803515503200034
0.03301150980516589
0.06348098983460215
0.020643521421413534
0.01400267038482391
-0.008690393267198998
-0.004027389086600958
0.00511066226150946
0.0001397816423254028
-0.002677703995010492
-0.0035123235396772056
0.002203583987975455
0.004399112958127784
0.0024985717858361056
-0.0012139391856021576
0.004851319536364392
-0.008647216584594268

Minimal top-k Set:
Set indices on edge ranking: [24, 22, 51, 17]
Set edge index: tensor([[10, 10, 22,  7],
        [29,  9, 23, 30]], device='cuda:0')
FID+: 0.9319653287529945

Pertinent Positive Set:

Pertinent set edge index: tensor([[10, 10, 22,  7, 16, 10,  1, 30, 18, 29,  8],
        [29,  9, 23, 30, 17, 11,  0, 29, 16, 30,  7]], device='cuda:0')
FID-: 0.21559816598892212
Minimal top-k Set GNNExplainer:
Set indices on edge ranking: [32, 54, 58, 59, 25, 61, 28, 67, 17, 29, 19, 20, 49, 68, 72, 70, 43, 42, 64, 21, 66, 45]
Set edge index: tensor([[14, 24, 26, 27, 11, 27, 12, 30,  7, 13,  8,  9, 21, 31, 32, 32, 19, 19,
         29,  9, 30, 20],
        [15, 25, 27, 20, 10, 28, 13, 29, 30, 12,  9,  8, 24,  6, 37, 31, 20, 18,
         10, 10,  7, 21]], device='cuda:0')
FID+: 0.8495782017707825

Pertinent Positive Set GNNExplainer:

Pertinent set edge index: tensor([[14, 24, 26, 27, 11, 27, 12, 30,  7, 13,  8,  9, 21, 31, 32, 32, 19, 19,
         29,  9, 30, 20, 13, 15, 27,  7, 24, 18, 10],
        [15, 25, 27, 20, 10, 28, 13, 29, 30, 12,  9,  8, 24,  6, 37, 31, 20, 18,
         10, 10,  7, 21, 14, 16, 26,  8, 21, 16, 11]], device='cuda:0')
FID-: 0.19089853763580322