Test set index: 599

Target Class: 0

Target compound: TARGET

Sum of Shapley Values: 0.9038824246920166

Shapley values:
-0.002409003540169239
0.001083455601371579
-0.0012601156068538632
-0.001875872851763334
-0.011771443620338112
0.002997353143380562
0.0019663970791906683
0.0025140276697261568
0.0074734572378064
0.013534592969587485
0.006730330436984482
0.01982739579018912
0.0010472061728893057
-0.027798998216170424
-0.01368802830929376
0.005898430118143612
0.046820203832711405
0.08471503058860225
0.08140605265139439
0.006398011344127676
0.028831241379338027
0.08165337870296507
0.1433217080761551
-0.06264946952106787
0.16284002335283332
0.13111509041718106
0.009584571228796494
-0.03546169576838475
0.02651459620663757
-0.016604973413086845
0.05698017190252043
-0.09508987797995207
0.06070364740456915
-0.11637143783769532
0.036747570695748175
-0.026655237508816047
0.2564405506886151
-0.04338224784322604
-0.1723437607906159
0.1104384304826061
-0.008515600696891586
-0.01763939885255923
0.014851682110782865
0.009831793612545475
-0.017226787356485054
-0.01699447013016362
-0.02339118887214788
0.00965790830216752
-0.0484168740782982
-0.005288903649877124
0.0215034390760987
0.0488797541783053
-0.025156823697467395
0.014774617046117433
-0.0019875493205356557
0.0018898343963322229
-0.0009776939070525919
-0.0009097321010294006
0.009979055393629581
0.010966149164603218
-0.017760452743824106
0.004778037978756439
0.01074652704345845
0.002077405158502422
0.0074395954144681605
0.0405262005141789
0.06279697779977375
-0.016475900269048424
0.0024542316738928294
0.006603043931498575
-0.0052982569535065145
0.012097080994549895
-0.009114020430560886
-0.006537108821317976
0.0291218834477347
-0.0410769392829987
0.015384894389500345
0.011713987815485091
0.05787315406283259
0.0019021681226042669
0.004257980624605295
-0.005678038763279682

Minimal top-k Set:
Set indices on edge ranking: [36, 24, 22]
Set edge index: tensor([[16, 10, 10],
        [17, 29,  9]], device='cuda:0')
FID+: 0.6990309655666351

Pertinent Positive Set:

Pertinent set edge index: tensor([[16, 10, 10, 11],
        [17, 29,  9, 10]], device='cuda:0')
FID-: 2.8371810913085938e-05