phi using montecarlo:

[0.01818142975685261,
 0.005427792898690635,
 0.015018278179135907,
 0.010018478027855918,
 0.04818403472855346,
 0.04190757310795819,
 0.031729573101303164,
 0.06157948074565202,
 0.04819028027818665,
 0.06634257632402164,
 0.10612323308568168,
 0.10827946639779186,
 0.1122065487565187,
 0.11397366953827714,
 0.11473457645376925,
 0.11216539984283776,
 0.11471283758115837,
 0.1522327961270221,
 0.16578234546640247,
 0.15034169484452078,
 0.18005774950124573,
 0.1800433162118597,
 0.21650842891595531,
 0.24136219603214124,
 0.29769574371542956,
 0.33317326898221605,
 0.6443700647469934,
 0.6439078321571688,
 0.5431233382871545,
 0.7849407194078825,
 0.741204056055365,
 0.7964146464272105,
 0.8369420386436164,
 0.8668067856175772,
 0.8386716535480164,
 0.8696456644418478,
 0.8696933813087024,
 0.8685207300807367,
 0.8582451808407309,
 0.8698780234135756,
 0.9161941524874392,
 0.9282127485764777,
 0.9568405606123653,
 0.9160399178168608,
 0.9142054752888543,
 0.9178766934248629,
 0.9233684143503957,
 0.9222649152561381,
 0.9251274635004254,
 0.9201686427380048,
 0.9207114992806215,
 0.9189770822846137,
 0.9187668175141768,
 0.9188017276688539,
 0.914886686718191,
 0.9140909457109919,
 0.9157232178203198,
 0.9051995068871462,
 0.8944794355907485,
 0.8988335209820635,
 0.9177793458234232,
 0.9157013779280058,
 0.9199242961950137,
 0.9271046719508852,
 0.9146342175164768,
 0.9190610414293409,
 0.9080742871272218,
 0.9064771844858992,
 0.9054355961531355,
 0.9052767378382479,
 0.9349929893470108,
 0.9597013123866504]


phi using jackkinfe:

[4.6639002171667157e-11,
 -6.995850325750072e-11,
 4.6639002171667157e-11,
 0.0,
 1.165975054291679e-10,
 -4.6639002171667157e-11,
 -6.995850325750072e-11,
 2.3319501085833578e-11,
 -2.3319501085833578e-11,
 9.327800434333431e-11,
 3.031535141158365e-10,
 2.3319501085833578e-11,
 2.3319501085833578e-11,
 0.0,
 0.0,
 -2.3319501085833578e-11,
 0.0,
 1.6323650760083502e-10,
 2.3319501085833578e-11,
 -2.3319501085833578e-11,
 6.296265293175066e-10,
 -6.995850325750072e-11,
 -6.995850325750072e-11,
 6.156348286660064e-09,
 8.380912092743158e-07,
 1.9355185901241868e-09,
 0.0001804865269990221,
 2.772688679105612e-08,
 1.096016551034178e-09,
 9.629153682965441e-05,
 -4.6639002171667157e-11,
 1.5927219241624332e-08,
 2.331950108583358e-10,
 0.0,
 -9.327800434333431e-11,
 6.529460304033401e-10,
 -9.327800434333431e-11,
 -6.995850325750072e-11,
 4.6639002171667157e-11,
 1.6323650760083502e-10,
 1.165975054291679e-10,
 6.995850325750072e-11,
 6.995850325750072e-11,
 -1.165975054291679e-10,
 2.3319501085833578e-11,
 4.6639002171667157e-11,
 6.995850325750072e-11,
 -2.3319501085833578e-11,
 0.0,
 -2.3319501085833578e-11,
 0.0,
 -2.3319501085833578e-11,
 0.0,
 0.0,
 -2.3319501085833578e-11,
 -2.3319501085833578e-11,
 0.0,
 -4.6639002171667157e-11,
 -2.3319501085833578e-11,
 4.6639002171667157e-11,
 0.0,
 0.0,
 -2.3319501085833578e-11,
 2.3319501085833578e-11,
 -4.6639002171667157e-11,
 2.3319501085833578e-11,
 -4.6639002171667157e-11,
 -4.6639002171667157e-11,
 -6.995850325750072e-11,
 0.0,
 -2.3319501085833578e-11,
 2.3319501085833578e-11]