Test set index: 112

Target Class: 0

Target compound: TARGET

Sum of Shapley Values: 0.9004521187704967

Shapley values:
0.002234885741350999
0.015983093708731026
0.03881934932471891
0.007336367762599325
-0.040819089496499206
-0.029313174790747944
0.004051077181365621
0.055086788371575095
-0.02074166315823235
-0.05186740140146175
-0.0014170102555175193
0.07120585412104051
-0.03364791494107042
-0.010621846740935213
-0.007302628377156584
0.009015859439193889
0.024003071486688655
-0.008026697216860381
0.0122358377052926
0.029105310274161644
-0.012249088105203811
0.01656726515014078
0.011587224204191164
-0.01009017509648722
-0.018618948687051214
-0.012411045714561713
-0.02411527779549705
0.02801395193517267
0.019596909421252088
0.05472566562150186
0.07965969137206386
0.06884647114760858
0.12621287806338047
0.05219128499806832
0.04201163484258328
0.04135107175424686
-0.012750285364047145
-0.012447015201889938
0.0503654514054368
0.011805369894948696
0.0018084242676020474
-0.0006335368059673508
-0.0018323277250418524
-0.003954974131059158
0.020764796556873178
0.009447087578140308
0.022492674707396132
0.03861938363515309
-0.01296647442537342
-0.020934355979714228
0.027904051303820947
-0.0024404163408004048
0.0033238546021395776
0.013697013505309014
-0.011689145590047731
0.006662431641967125
-0.010481782804763229
-0.005913618073616942
-0.0012350302590749282
0.00023912075238390157
0.01721921334151494
0.00039318321897960487
-0.006139412589030577
-0.014847031453936333
0.03151232022691115
0.0034561730741603657
0.013237211119247866
-0.010308064173810359
0.08340420414074991
0.06149202234181838
-0.005631107811262049
0.003673255686804092
0.08297414007466829
0.0015657325742610354

Edge Index:
tensor([[ 0,  1,  1,  1,  2,  2,  3,  3,  4,  4,  5,  5,  5,  6,  6,  6,  7,  7,
          8,  8,  9,  9,  9, 10, 10, 11, 11, 12, 12, 13, 13, 14, 14, 14, 15, 15,
         16, 16, 17, 17, 17, 17, 18, 18, 19, 19, 19, 20, 20, 20, 21, 21, 22, 22,
         23, 23, 23, 24, 24, 24, 24, 25, 26, 27, 28, 28, 29, 29, 30, 30, 31, 31,
         31, 32],
        [ 1,  0,  2,  5,  1,  3,  2,  4,  3,  5,  1,  4,  6,  5,  7, 31,  6,  8,
          7,  9,  8, 10, 31,  9, 11, 10, 12, 11, 13, 12, 14, 13, 15, 30, 14, 16,
         15, 17, 16, 18, 19, 30, 17, 19, 17, 18, 20, 19, 21, 29, 20, 22, 21, 23,
         22, 24, 28, 23, 25, 26, 27, 24, 24, 24, 23, 29, 20, 28, 14, 17,  6,  9,
         32, 31]], device='cuda:0')

Edge index shape: torch.Size([2, 74])
