Interaction name: 5lwe

Affinity: 9.960000038146973
Predicted class: 1
Predicted probability: 0.946283757686615
Sum of phi edges: 0.18497315585613258

Interaction statistics:

Number of total edges connecting protein pseudo-atoms: 12
Number of total edges connecting ligand pseudo-atoms: 106
Number of total edges connecting protein and ligand pseudo-atoms: 58

Pertinent positive set edge index: tensor([[49],
        [24]], device='cuda:0')

FID- using pertinent positive set: 0.4207897186279297

Number of pertinent positive edges connecting protein pseudo-atoms: 0 (0.0%)
% w.r.t. total number of pertinent positive edges: 0.0%)
Number of pertinent positive edges connecting ligand pseudo-atoms: 0 (0.0%)
% w.r.t. total number of pertinent positive edges: 0.0%)
Number of pertinent positive edges connecting protein and ligand pseudo-atoms: 1 (1.7%)
% w.r.t. total number of pertinent positive edges: 100.0%)

Minimal top k set edge index: tensor([[49, 25,  0, 17, 35, 16, 22, 10, 40, 30, 27, 17, 29,  8, 28, 23, 20, 12,
         24, 27,  5, 45, 37, 28, 25, 28, 37, 16, 38, 40, 25,  1, 19,  5,  4, 37,
          0, 39, 25, 47, 30, 10, 29, 21, 12, 11, 22,  4, 15, 12, 25,  1,  1, 21,
         17, 10, 10, 14, 44, 40, 21,  7, 17, 42, 26, 15, 42, 34, 14, 13, 21, 11,
         27, 21, 46,  7, 32, 26, 12,  3, 35, 16,  4, 36, 13, 15, 28, 18, 13, 16,
         10, 37, 14, 13, 17, 21, 43, 49, 40, 21, 23, 14, 15, 11, 48, 38, 11, 26,
         14, 15,  8, 23, 10, 20, 49, 17,  6, 10, 14, 12, 14, 20, 23, 12, 21, 34,
         21,  5, 31,  3, 18,  8, 23, 28,  6, 17, 46, 20, 20, 37, 48,  8, 19, 49,
          5, 25, 11,  9, 15, 39, 14,  4, 30,  8,  8,  9, 24, 22,  7, 19, 21, 44,
         15, 13, 37, 19, 12, 47, 47, 31, 32, 37, 13, 25, 18,  7, 46, 42, 19, 10,
          9,  2,  7,  8,  6, 30, 17, 21, 33, 25, 41,  7, 13, 20, 10, 11, 10, 11,
         30, 19, 40, 13, 31, 12,  7, 20, 14,  9,  7, 47, 24,  6, 17, 10,  1, 19,
         14, 26, 12, 47, 45,  0, 43, 21, 27, 42,  7, 40,  7,  8,  6,  9,  9,  3,
          6,  8,  3, 15, 22, 18,  9,  7,  5, 12, 10, 32,  9, 25, 47,  9, 26, 44,
         17, 24, 27, 15, 18,  8, 11, 16, 10, 20,  2, 27, 24, 42, 20, 19, 19, 20,
         25, 12, 22, 12, 11, 36, 16, 18,  6, 13, 16, 37,  8, 48, 10,  8,  0, 41,
         13, 14, 22,  5, 13, 14,  2, 34, 21, 14, 26,  0, 12, 22, 13, 24, 13,  5,
          9, 11, 23, 24,  1,  1, 21, 18, 14, 23, 22,  5, 15,  3, 15, 24,  9,  8,
         20,  1,  0,  2, 25, 11, 14, 26, 10,  5,  0,  2,  0, 26,  0,  5,  5, 44,
         37,  1, 26,  2,  2,  5,  5,  5,  2,  0],
        [24,  1, 21, 16, 44,  2, 15, 44, 13, 17,  1, 24,  3, 37,  1, 13, 11, 11,
         16,  2, 17, 22, 39,  2, 12,  0, 12, 39, 16, 21,  9,  0, 12, 14,  3, 11,
         27, 16,  5, 17, 15,  0,  4, 40, 37, 37, 23, 17, 24, 10, 19, 27, 11,  1,
         40, 12, 13, 24, 10, 17, 36,  9,  2, 10, 21, 17, 12,  8, 47,  5, 19, 21,
          0,  5, 32,  8, 40,  0,  7,  4,  8, 38, 16, 21, 36, 49, 37, 41, 15, 17,
         11, 14, 38, 21,  4, 11,  7, 15, 14, 12, 46, 48, 22,  9, 18, 14, 12,  5,
         22, 30, 12, 18,  9, 12, 10, 15, 19, 49, 13, 30, 37, 21, 22,  9, 47,  9,
         26, 21,  8, 17, 14, 31, 14, 27, 30, 47, 40,  7, 10, 13, 47, 42, 21,  8,
         22,  0, 20, 11, 14, 37, 23, 29,  6, 20,  9, 20, 17, 45, 43,  7, 20, 35,
         23, 40,  7,  9,  6,  7, 48, 20,  7, 27, 22, 26, 48, 20, 23,  8,  8, 42,
         34, 28, 31, 33, 12, 12, 30, 13,  8, 20, 18, 37, 10,  8,  5, 10, 20, 19,
         10, 11, 32, 44,  7, 19, 12, 31, 40, 19,  6, 14,  2, 20,  5, 26, 10,  6,
         41, 15, 20, 18, 42, 10, 34,  9, 28, 18, 47, 46, 32,  6,  8, 10,  7, 29,
          7,  7, 16, 13, 13, 23,  6, 19, 10, 21, 25, 46, 21, 11, 21,  8, 10, 13,
          3, 49, 37,  2, 42, 19, 25,  4, 30,  9, 27, 44,  3, 45,  6, 25, 20, 19,
         10,  8, 26, 42,  1, 13, 24, 47,  9,  0,  3,  8, 49, 14, 21, 34, 28, 14,
         25, 15, 18, 11, 14, 26, 16, 43, 10, 18, 14,  5, 25, 14, 37, 15, 23,  0,
         25,  5, 26,  5,  5, 28,  0, 22,  5, 15,  5, 13, 26, 24,  5, 14, 12, 35,
         25, 21, 11,  5, 13,  0,  2, 22,  1, 24, 25, 17, 13, 23,  1, 15,  2, 27,
         28, 25, 25, 14, 24,  1, 25, 26, 15, 26]], device='cuda:0')

FID+ using minimal top-k set: 0

Number of minimal top-k edges connecting protein pseudo-atoms: 8 (66.7%)
% w.r.t. total number of minimal top-k edges: 6.6%)
Number of minimal top-k edges connecting ligand pseudo-atoms: 62 (58.5%)
% w.r.t. total number of minimal top-k edges: 50.8%)
Number of minimal top-k edges connecting protein and ligand pseudo-atoms: 52 (89.7%)
% w.r.t. total number of minimal top-k edges: 42.6%)

Trustworthiness of the explanation: 0.0

Number of relevant edges connecting protein pseudo-atoms: 5 (41.7%)
% w.r.t. total number of relevant edges: 5.4%)
Number of relevant edges connecting ligand pseudo-atoms: 47 (44.3%)
% w.r.t. total number of relevant edges: 50.5%)
Number of relevant edges connecting protein and ligand pseudo-atoms: 41 (70.7%)
% w.r.t. total number of relevant edges: 44.1%)

Shapley values for edges: 

(0,1): -0.005309402942657471
(0,5): -0.0011499339342117309
(0,10): 8.580803871154785e-05
(0,11): -0.0028579002618789673
(0,13): -0.004312639236450195
(0,21): 0.009320748448371887
(0,25): -0.0036525183916091917
(0,26): -0.012696830034255981
(0,27): 0.0032541561126708985
(0,28): -0.0008834880590438842
(1,0): 0.0035412174463272093
(1,5): -0.001601753830909729
(1,10): 0.0001715981960296631
(1,11): 0.0024983191490173338
(1,21): -0.002622954249382019
(1,25): -0.006415077447891235
(1,27): 0.0025900447368621825
(1,28): -0.0016602420806884767
(2,5): -0.0030366116762161255
(2,14): -0.006710118651390076
(2,15): -0.012577568292617797
(2,16): -0.001021634340286255
(2,17): -0.004292999505996704
(2,24): -0.006865211129188538
(2,27): -0.00040181875228881834
(2,28): 0.00047012269496917727
(3,4): 0.0017792534828186034
(3,16): -2.6439428329467772e-05
(3,17): 0.0009299099445343017
(3,24): -0.0021345514059066774
(3,29): -1.341104507446289e-07
(4,3): 0.0033128929138183595
(4,16): 0.0016665166616439818
(4,17): 0.0026219731569290163
(4,29): 0.0007031083106994629
(5,0): -0.001396118998527527
(5,1): -0.009402393698692321
(5,2): -0.005931681990623474
(5,10): -0.00017223119735717773
(5,11): -0.0009746217727661133
(5,13): -0.0019613200426101683
(5,14): 0.003325594663619995
(5,15): -0.005798012018203735
(5,17): 0.004462039470672608
(5,21): 0.0009475433826446533
(5,22): 0.000759405493736267
(5,24): -0.0035218405723571778
(5,25): -0.011881846785545349
(5,26): -0.0120328289270401
(6,7): -1.5289783477783202e-05
(6,8): 1.0796189308166504e-05
(6,9): -0.0007289528846740722
(6,12): 0.00045848846435546874
(6,19): 0.0010881942510604858
(6,20): 0.000189288854598999
(6,30): 0.0008660209178924561
(7,6): 0.0002024465799331665
(7,8): 0.0018862468004226685
(7,9): 0.0021849995851516723
(7,12): 0.0002386629581451416
(7,19): -0.00012474119663238525
(7,20): 0.0005037814378738403
(7,31): 0.00046992659568786623
(7,32): 3.132283687591553e-05
(7,37): 0.0004048645496368408
(7,43): 0.0006521409749984742
(7,47): 5.766928195953369e-05
(8,6): 2.86334753036499e-05
(8,7): -2.5780200958251952e-05
(8,9): 0.0006649786233901977
(8,12): 0.0011928588151931762
(8,19): -0.0002783113718032837
(8,20): 0.0006682908535003662
(8,31): 0.0008927673101425171
(8,33): 0.0004675108194351196
(8,34): -0.000859338641166687
(8,35): -0.0023361003398895265
(8,37): 0.005194547772407532
(8,42): 0.0008115923404693604
(8,49): -0.0008021116256713868
(9,6): -0.00010239779949188233
(9,7): 8.860230445861817e-06
(9,8): -0.0002206289768218994
(9,10): 9.852051734924316e-06
(9,11): 0.0007211321592330933
(9,12): -0.002267846465110779
(9,19): 0.00022040069103240967
(9,20): 0.0006617677211761475
(9,21): -0.00019745171070098877
(9,25): -0.001408258080482483
(9,34): 0.0004784446954727173
(10,0): 0.0031289350986480713
(10,1): -0.0035068404674530027
(10,5): 0.0003560382127761841
(10,9): 0.0011334341764450073
(10,11): 0.001582605242729187
(10,12): 0.002335246205329895
(10,13): 0.0022855889797210693
(10,20): 0.00033997535705566407
(10,21): -0.000849112868309021
(10,25): -0.00018477797508239746
(10,26): 0.00017669677734375
(10,30): -0.0003334778547286987
(10,42): 0.0004788339138031006
(10,44): 0.006569977998733521
(10,49): 0.0010874032974243163
(11,0): -0.0030804139375686644
(11,1): -0.0005876022577285767
(11,5): -0.0014717620611190796
(11,9): 0.0013095206022262574
(11,10): 0.0003408700227737427
(11,12): 0.0012467652559280396
(11,19): 0.0003392678499221802
(11,20): 0.0007310003042221069
(11,21): 0.0019173085689544677
(11,25): -0.0002800285816192627
(11,37): 0.002739604711532593
(12,6): 0.0005668884515762329
(12,7): 0.0017809432744979859
(12,8): -0.0005330395698547363
(12,9): 0.0010245007276535034
(12,10): 0.0026117902994155884
(12,11): 0.005056460499763489
(12,19): 0.0002601951360702515
(12,20): 0.00012608885765075684
(12,21): -0.00017875373363494872
(12,25): -0.001211124062538147
(12,30): 0.0010608601570129394
(12,37): 0.0028650426864624025
(12,42): -0.0005786448717117309
(13,0): -0.0007320934534072876
(13,5): 0.0019461870193481444
(13,10): 0.00040201425552368166
(13,14): -0.0009805756807327272
(13,15): 0.0016201621294021607
(13,21): 0.0014925038814544679
(13,22): 0.0005237126350402832
(13,23): -0.0013640975952148437
(13,25): -0.0009088879823684693
(13,36): 0.0016431617736816406
(13,37): -0.001294744610786438
(13,40): 0.0005880630016326904
(13,44): 0.00028768479824066163
(14,2): -0.0031356853246688843
(14,5): -0.0017980480194091798
(14,13): 0.0010638874769210815
(14,15): -0.0009142994880676269
(14,18): -0.0011250191926956176
(14,22): 0.001212167739868164
(14,23): 0.0007038074731826782
(14,24): 0.002279798984527588
(14,26): -0.0009983325004577638
(14,37): 0.0010571616888046264
(14,38): 0.0015614742040634154
(14,40): 0.00022496044635772705
(14,41): 0.0001400834321975708
(14,47): 0.0019513183832168578
(14,48): 0.001330835223197937
(15,2): -0.0002694559097290039
(15,5): -0.0022030049562454224
(15,13): -3.816008567810059e-05
(15,14): 0.0007172614336013794
(15,17): 0.0020337027311325075
(15,22): 0.0013163316249847413
(15,23): 0.000602063536643982
(15,24): 0.0026176118850708007
(15,26): -0.0020164960622787477
(15,30): 0.0012091559171676636
(15,49): 0.0016422957181930543
(16,2): 0.0075374460220336914
(16,3): -0.0007878273725509643
(16,4): -0.00028382062911987306
(16,17): 0.0015854907035827636
(16,24): -0.0006715065240859985
(16,38): 0.0017265689373016358
(16,39): 0.0037635016441345216
(17,2): 0.002155548334121704
(17,3): -0.0002588087320327759
(17,4): 0.0014838123321533204
(17,5): 0.00018626749515533448
(17,15): 0.0010964816808700561
(17,16): 0.009067601561546325
(17,24): 0.006252360939979554
(17,30): 0.00043532371520996096
(17,40): 0.0023732632398605347
(17,47): 0.000862540602684021
(18,14): 0.0009139925241470337
(18,22): -0.0017623871564865113
(18,23): -6.939888000488281e-05
(18,41): 0.0016271352767944336
(18,42): -0.0002721524238586426
(18,47): -0.0006807875633239746
(18,48): 0.0005105918645858764
(19,6): 0.0001569235324859619
(19,7): 0.0006310993432998657
(19,8): 0.00048090100288391115
(19,9): 0.0005677902698516846
(19,11): 0.00032108962535858153
(19,12): 0.00335821270942688
(19,20): -0.0005249273777008056
(19,21): 0.0007727652788162232
(19,25): -0.0005010122060775757
(20,6): -0.0004872560501098633
(20,7): 0.0008472555875778198
(20,8): 0.0004011118412017822
(20,9): -0.00038100183010101316
(20,10): 0.0008407187461853027
(20,11): 0.005081194639205933
(20,12): 0.0011278045177459716
(20,19): -0.0005269283056259155
(20,21): 0.0010461091995239257
(20,25): -0.002515893578529358
(20,31): 0.00023074090480804444
(21,0): -0.0016655963659286499
(21,1): 0.0024603456258773804
(21,5): 0.0019058191776275635
(21,9): 7.123768329620362e-05
(21,10): -0.0011138278245925903
(21,11): 0.0014634108543395996
(21,12): 0.001366584300994873
(21,13): 0.0004174292087554932
(21,19): 0.0019396358728408813
(21,20): 0.0006209027767181397
(21,26): 0.000958632230758667
(21,36): 0.002188374400138855
(21,40): 0.0029378694295883177
(21,47): 0.0010058379173278809
(22,5): -0.0019469654560089111
(22,13): -4.492104053497314e-05
(22,14): -0.0012746727466583251
(22,15): 0.006938220262527466
(22,18): -0.000954892635345459
(22,23): 0.0027048516273498534
(22,26): -0.0005631023645401001
(22,45): 0.0006560689210891724
(23,13): 0.005126582384109497
(23,14): 0.0008899974822998047
(23,15): -0.001813669800758362
(23,18): 0.0011427074670791626
(23,22): 0.001036825180053711
(23,26): -0.0015280812978744507
(23,46): 0.0013595998287200927
(24,2): 0.00019212305545806885
(24,3): -0.0004154402017593384
(24,5): -0.0015546244382858277
(24,14): -0.0022151559591293336
(24,15): -0.0013112306594848632
(24,16): 0.0049120128154754635
(24,17): 0.0006614810228347778
(24,49): -0.0002616465091705322
(25,0): 0.0007410943508148193
(25,1): 0.014063936471939088
(25,5): 0.0031772834062576295
(25,9): 0.0036812251806259155
(25,10): -0.0005325400829315186
(25,11): -0.00020821332931518553
(25,12): 0.0042444318532943726
(25,13): -0.0030598521232604982
(25,19): 0.002608405351638794
(25,20): 0.0004069453477859497
(25,26): 0.0005222737789154052
(26,0): 0.0017942136526107788
(26,5): 0.0012202370166778565
(26,10): -0.00023157060146331788
(26,14): -0.001137300729751587
(26,15): 0.00013809144496917724
(26,21): 0.0021200811862945555
(26,22): -0.0031445109844207763
(26,23): -0.005198588371276855
(26,25): -0.0064649653434753415
(27,0): 0.001908147931098938
(27,1): 0.006319184303283692
(27,2): 0.004673649072647095
(27,28): 6.9161057472229e-05
(27,37): -0.0002617192268371582
(27,44): -0.00040800929069519044
(28,0): 0.003955389857292175
(28,1): 0.005160499811172486
(28,2): 0.004301208257675171
(28,27): 0.0008852016925811767
(28,37): 0.001629212498664856
(29,3): 0.005332714319229126
(29,4): 0.003015783429145813
(30,6): 0.0006811714172363281
(30,10): 0.0003350728750228882
(30,12): 0.000435752272605896
(30,15): 0.0031336194276809694
(30,17): 0.0064550328254699705
(31,7): 0.00026434004306793215
(31,8): 0.0009317487478256225
(31,20): 0.0005478954315185547
(32,7): 0.0005405902862548828
(32,40): 0.0018564093112945557
(32,46): -0.0001961183547973633
(33,8): 0.00041404187679290773
(34,8): 0.002008064389228821
(34,9): 0.0009929162263870239
(34,43): -0.001068010926246643
(35,8): 0.0017772895097732545
(35,44): 0.008861977458000183
(36,13): -0.0006265592575073242
(36,21): 0.0016627264022827147
(37,7): 0.0005787551403045654
(37,8): -0.0007974183559417724
(37,11): 0.003264551758766174
(37,12): 0.0038455986976623537
(37,13): 0.000831981897354126
(37,14): 0.001562809944152832
(37,27): 0.000525708794593811
(37,28): -0.006207268834114075
(37,39): 0.004356724619865418
(38,14): 0.0012558913230895996
(38,16): 0.0036997681856155394
(39,16): 0.003190881609916687
(39,37): 0.0007065105438232422
(40,13): 0.006568428874015808
(40,14): 0.0014155721664428711
(40,17): 0.002198759317398071
(40,21): 0.0036875545978546143
(40,32): 0.00031578481197357176
(40,46): 4.340291023254394e-05
(41,14): -0.0008989721536636353
(41,18): 0.00040544986724853514
(42,8): 0.0004941105842590332
(42,10): 0.0021398526430130003
(42,12): 0.0020253658294677734
(42,18): 6.262421607971192e-05
(42,45): -0.00045758605003356936
(43,7): 0.0014245927333831788
(43,34): 7.82465934753418e-05
(44,10): 0.0022533804178237913
(44,13): -0.00025844275951385497
(44,27): -0.006181122660636902
(44,35): 0.0006207895278930665
(45,22): 0.0043791520595550535
(45,42): 0.0001069110631942749
(46,23): 0.0004956012964248657
(46,32): 0.0018949806690216064
(46,40): 0.0008500373363494873
(47,7): 0.00056523859500885
(47,14): 0.00019927561283111572
(47,17): 0.0031544697284698487
(47,18): 0.00011388301849365235
(47,21): -0.00021825969219207763
(47,48): 0.0005524605512619019
(48,14): -0.0008201390504837036
(48,18): 0.0012684869766235352
(48,47): 0.0008291596174240112
(49,8): 0.0007643693685531616
(49,10): 0.0011157387495040895
(49,15): 0.0014245188236236572
(49,24): 0.017123687267303466
