Test set index: 614

Target Class: 0

Target compound: TARGET

Sum of Shapley Values: 0.9989676044169284

Shapley values:
-0.14214031606760363
0.2586361301310537
-0.005606267978884171
-0.006056695694123549
0.057259379600473226
0.020846624394351417
0.008913887526564484
-0.06895456879895825
0.01621141354194954
0.04361798950185852
0.03204644245138759
0.10635220432245171
0.1279428814102927
0.15391045880069595
0.022917502015695222
0.042479758926547186
-0.012088441531164314
0.030700283335813983
0.007910829747592914
-0.004330167744173993
0.019729359716160605
-0.011676843175214235
0.024078703827141622
-0.009493633464770775
-0.037430949022574815
0.07755423905638031
-0.03311404789059599
-0.01884184799031292
0.0725309978932982
-0.006720303073659436
-0.004793470474230419
0.025012286633324967
0.018700686784202118
-0.018992619069546735
-0.008830695733105593
0.00779117289323455
0.0033920074935421857
0.00997738686255889
-8.786724075611242e-05
-0.000753673339194226
0.021325786120394916
0.005771727048959778
0.005516829961275476
0.01165241226136424
0.01453485587110336
-0.022522077655525427
0.06440677457059665
0.025295147238232882
0.0002933537868500029
0.029335439160946847
0.06626129616820282
-0.029056850946520166
-0.002040491227603648
-0.006481253390137816
0.00672477561907103
-0.03022546459376479
-0.012528051059669466
-0.002498845470650597
-0.011947262378487374
-0.0004697998381178565
0.025769606565130738
0.04755589282452254
-0.007013340817211695
0.0007069260202636684

Minimal top-k Set:
Set indices on edge ranking: [1, 13]
Set edge index: tensor([[ 1,  5],
        [ 0, 20]], device='cuda:0')
FID+: 0.7731075137853622

Pertinent Positive Set:

Pertinent set edge index: tensor([[ 1,  5,  5,  5, 10, 12, 22, 20],
        [ 0, 20,  6,  4, 11, 11, 21,  5]], device='cuda:0')
FID-: 4.410743713378906e-06