Test set index: 615

Target Class: 0

Target compound: TARGET

Sum of Shapley Values: 1.1048097150743785

Shapley values:
-0.07336742948937576
0.037524686568081105
-0.03105989049921404
-0.02509258465201046
0.0903618703162416
-0.015363238057645376
0.03980936414215137
-0.03476321967930365
0.03268558708709255
0.03340055623737642
0.028195357036290246
0.09573379744318694
0.1582353168446459
0.16400585123262762
0.04668342536405185
0.07427185142839068
-3.8582676074883256e-05
-0.03380966293089973
0.0520338496552665
0.08958541320096974
0.012218936413563425
0.013633814670366649
0.006878694031926751
-0.0013240560154335502
-0.06273507533440928
-0.039616471774952165
0.02408154115192478
0.005002118053553028
0.012581673582568858
-0.011645863549035483
-0.011093914625205098
0.09765126436995644
0.03910912119256826
-0.01738178869555059
0.04673886755489157
-0.00025663362201145903
-0.030176633504125232
0.04031170008298833
0.003663468765896985
-0.0004534614441004369
0.043442043730610204
-0.038100835990722136
0.01175780280436264
-0.0032037613037958685
0.017607071801137616
0.025121557124477008
0.06286475896985758
0.046813888733496
-0.009772512274233872
0.0249596047597435
0.03260832221761734
0.011112164264956436
-0.002344367850126408
-0.007058257693084487
-0.00036825192452819705
-0.05156885357878761
0.012399043493010704
-0.015583104339192222
-0.03769874110185126
0.03888388122069293
0.0077962613052120185
0.05768271446418494
0.005716288791980091
0.015523377572131052
