Interaction name: 5x33

Affinity: 8.489999771118164
Predicted class: 1
Predicted probability: 0.8515565991401672
Sum of phi edges: 0.7299098431691525

Interaction statistics:

Number of total edges connecting protein pseudo-atoms: 8
Number of total edges connecting ligand pseudo-atoms: 183
Number of total edges connecting protein and ligand pseudo-atoms: 54

Pertinent positive set edge index: tensor([[43, 11, 13, 42, 51,  7, 43, 43, 59, 44, 35, 35, 28, 24, 50, 12, 12,  7,
         50, 43, 28, 13, 13, 44, 26, 14, 50, 50, 49, 44, 13,  7, 41, 57, 27, 43,
          7, 29, 12, 57, 38, 51, 38, 28, 57, 17, 35, 13, 50, 12,  9, 56, 17, 12,
          7, 54, 57, 57, 25, 27],
        [33, 46, 51, 34, 25, 30, 32, 21, 23, 10, 26, 31, 59, 56, 45, 55, 53, 48,
         15, 27,  9, 48, 47, 27, 52, 53,  8, 28, 17, 17, 32, 49, 34, 28, 44, 14,
         41, 58, 22, 18,  7, 47, 35, 42, 16, 44, 18, 54, 29, 57, 20, 24, 15, 11,
         18, 24, 12, 22, 55, 43]], device='cuda:0')

FID- using pertinent positive set: 0.3072938323020935

Number of pertinent positive edges connecting protein pseudo-atoms: 2 (25.0%)
% w.r.t. total number of pertinent positive edges: 3.6%)
Number of pertinent positive edges connecting ligand pseudo-atoms: 13 (7.1%)
% w.r.t. total number of pertinent positive edges: 23.6%)
Number of pertinent positive edges connecting protein and ligand pseudo-atoms: 40 (74.1%)
% w.r.t. total number of pertinent positive edges: 72.7%)

Minimal top k set edge index: tensor([[43, 11, 13, 42, 51,  7, 43, 43, 59, 44, 35, 35, 28, 24, 50, 12, 12,  7,
         50, 43, 28, 13, 13, 44, 26, 14, 50, 50, 49, 44, 13,  7, 41, 57, 27, 43,
          7, 29, 12, 57, 38, 51, 38, 28, 57, 17, 35, 13, 50, 12,  9, 56, 17, 12,
          7, 54, 57, 57, 25, 27,  7, 34, 55, 11, 56,  7, 28, 16, 35, 25, 16, 23,
         34, 50, 15, 16, 48, 50, 33, 58, 18, 11, 47, 13, 38, 59, 43, 17, 34, 12,
         28, 58, 13, 16, 11, 59,  8,  8, 17, 51, 29, 34, 36, 29, 27, 54, 53, 54,
         42, 42, 28,  7, 27, 16, 18, 14, 25, 29, 36, 32, 14, 24,  2, 55, 16, 36,
          6, 32, 10, 17,  8, 41,  2, 28,  1, 49, 18, 34, 42,  1, 22, 27, 43,  2,
         26, 18, 13, 20, 24, 16,  3, 18, 20, 20,  3,  8, 26, 59, 23, 38, 11, 24,
          1, 15,  0, 23, 24, 14,  0,  2, 53, 33, 23, 31, 30,  2, 20,  2, 16, 21,
          0, 52, 10, 25, 27, 27, 46,  4, 27, 11, 54, 18, 27, 23, 17,  6, 29, 21,
         11,  8, 21, 38, 58,  5, 20, 29, 21, 33,  5,  3, 18, 27, 36, 39,  0, 26,
         20, 28, 49, 18, 33, 19, 18, 35,  0, 33, 21,  6, 19, 33, 29, 33, 16, 38,
         36, 37, 24, 35, 20, 37, 31, 29, 33, 22, 17, 22,  9, 15,  9,  7, 38, 13,
          4, 30,  5, 28,  8, 14, 14, 36, 36, 23, 35,  6, 15, 31, 20, 22,  9, 26,
         23, 19, 27, 31, 37, 38, 34, 28, 34, 32, 21, 18, 11,  9, 15, 19, 34, 22,
         25, 10, 16, 11, 15, 24, 15, 40, 13, 28, 28, 17, 25, 34, 29, 16, 10,  9,
         17, 11, 13, 22, 24, 27, 36,  4,  7,  9, 12, 29, 34, 12, 37,  9,  8, 14,
         29, 24, 27, 35, 15, 17, 25, 18, 15, 17, 35, 12, 15,  0, 21, 31,  7, 11,
         23, 32, 30,  4, 10, 14, 38, 25],
        [33, 46, 51, 34, 25, 30, 32, 21, 23, 10, 26, 31, 59, 56, 45, 55, 53, 48,
         15, 27,  9, 48, 47, 27, 52, 53,  8, 28, 17, 17, 32, 49, 34, 28, 44, 14,
         41, 58, 22, 18,  7, 47, 35, 42, 16, 44, 18, 54, 29, 57, 20, 24, 15, 11,
         18, 24, 12, 22, 55, 43, 42, 41, 25,  8, 33, 27, 57, 58,  8, 51, 49, 59,
         58, 12, 17, 34,  7, 16, 56, 29, 35, 12, 51, 14, 20, 19, 41, 49, 29, 50,
         50, 16, 28, 57, 14, 28, 11, 35,  0, 13, 50, 42,  0, 34,  0, 25, 14, 55,
         28, 17, 13, 43, 16, 17, 20, 11, 54, 30,  2, 13, 43, 54, 13, 54, 50, 14,
         23, 43, 44, 42, 50, 43, 22, 18, 26,  7,  7,  1,  7, 31, 37, 15,  7, 32,
          1,  9, 36, 19,  4, 27, 26, 27, 21, 36, 31, 29,  3, 46, 37,  0, 36, 32,
         10, 27,  9, 32,  5, 36, 18, 23, 42,  2,  2,  3, 34, 21,  9, 12, 30, 20,
         11, 44, 15, 32,  8, 30, 59,  6,  7, 45, 57, 17, 38, 22, 16, 37, 35,  2,
         38, 17, 36, 29, 34,  4, 28,  7, 13,  5, 37, 10, 28, 35, 28,  5,  8, 15,
         14, 21, 16,  8, 32, 20,  0, 34, 28, 25, 14, 25, 12,  6, 27, 23,  7, 11,
         21, 25, 25, 17,  0,  5, 15, 15, 24, 24,  7, 13, 18,  7, 29, 35, 28, 22,
         24, 15,  6,  0, 38, 12, 20, 12, 13, 25, 27, 24, 30, 34, 11, 32, 11, 34,
         24, 11, 17, 30, 33,  8, 30, 20, 35, 33, 12, 11, 18, 17, 34, 13,  7, 57,
         22, 30, 35,  9, 16,  6, 29,  6, 12, 38, 12, 29, 33, 16, 38, 29, 31, 27,
          9, 28, 21, 33, 33, 29, 20,  5, 34, 38, 28, 17, 15, 14, 23, 28, 27, 19,
         16, 22, 18, 30, 50,  8, 23, 29, 35, 35, 16, 19, 26, 38, 19,  1, 17, 20,
         33, 25, 35, 37, 34, 21, 17,  4]], device='cuda:0')

FID+ using minimal top-k set: 0.3897145986557007

Number of minimal top-k edges connecting protein pseudo-atoms: 7 (87.5%)
% w.r.t. total number of minimal top-k edges: 4.5%)
Number of minimal top-k edges connecting ligand pseudo-atoms: 97 (53.0%)
% w.r.t. total number of minimal top-k edges: 62.2%)
Number of minimal top-k edges connecting protein and ligand pseudo-atoms: 52 (96.3%)
% w.r.t. total number of minimal top-k edges: 33.3%)

Trustworthiness of the explanation: 0.4988036344500949

Number of relevant edges connecting protein pseudo-atoms: 4 (50.0%)
% w.r.t. total number of relevant edges: 5.4%)
Number of relevant edges connecting ligand pseudo-atoms: 22 (12.0%)
% w.r.t. total number of relevant edges: 29.7%)
Number of relevant edges connecting protein and ligand pseudo-atoms: 48 (88.9%)
% w.r.t. total number of relevant edges: 64.9%)

Shapley values for edges: 

(0,8): 0.00015367627143859865
(0,9): 0.0004952222853899002
(0,11): 0.00037532024085521696
(0,17): -0.003735315278172493
(0,18): 0.00047948990017175673
(0,19): -0.0030268972367048265
(0,20): -0.00012832563370466233
(0,27): -0.002286918759346008
(0,28): 9.400904178619385e-05
(0,36): -0.005819910280406475
(0,38): -6.732985377311707e-05
(1,10): 0.0004963039606809616
(1,26): 0.00100740984082222
(1,30): -0.014573061913251877
(1,31): 0.0009075281769037246
(1,34): -0.007859366461634636
(2,12): 0.0003905798494815826
(2,13): 0.001269705593585968
(2,19): -0.0024621257185935973
(2,21): 0.0003991127759218216
(2,22): 0.0010293904691934586
(2,23): 0.0004762140661478043
(2,25): -0.01003989540040493
(2,32): 0.0007688448578119278
(2,33): -0.012340152114629745
(2,36): -0.0014883581548929214
(3,10): 0.00016514971852302552
(3,26): 0.0006008777022361756
(3,30): -0.010373754277825355
(3,31): 0.0005506394803524017
(3,34): -0.003087816573679447
(4,5): -3.194119781255722e-05
(4,6): 0.0003251055255532265
(4,24): 4.524901509284973e-05
(4,25): -0.00016089767217636108
(4,33): -0.002044104114174843
(4,37): -8.033514022827148e-05
(5,4): 0.00019466273486614226
(5,6): 4.313312470912933e-05
(5,24): -0.00046349842101335527
(5,25): -0.004439933300018311
(5,33): -0.00015003688633441925
(5,37): 0.00016658317297697068
(5,39): -0.00010951265692710877
(6,4): -0.0002606622129678726
(6,5): -0.00010102309286594391
(6,23): 0.0012308341637253762
(6,24): 2.1540671586990355e-05
(6,25): 9.157195687294006e-05
(6,32): -0.0026453302055597307
(6,33): -0.00025139927864074706
(6,37): 0.0002620136737823486
(6,40): -0.00011036105453968048
(7,15): -0.00015903696417808534
(7,16): -0.0001145489513874054
(7,17): -7.024183869361878e-05
(7,18): 0.006465104818344117
(7,27): 0.005443815514445305
(7,29): -0.0002197764813899994
(7,30): 0.020640582740306855
(7,34): -3.198571503162384e-05
(7,35): 5.140803754329681e-05
(7,38): -0.0012842195481061935
(7,41): 0.007869617752730847
(7,42): 0.006104566119611263
(7,43): 0.001795971468091011
(7,48): 0.011898974403738976
(7,49): 0.008412079997360706
(8,0): -0.00018072187900543214
(8,9): -0.0004776681214570999
(8,11): 0.0025741443037986755
(8,17): 0.000248127281665802
(8,18): -0.0001777534931898117
(8,27): -4.279673099517822e-05
(8,29): 0.0005493733286857605
(8,35): 0.0024243530631065367
(8,38): 4.14615124464035e-05
(8,50): 0.001074638068675995
(9,0): -0.00012946285307407378
(9,8): -0.0004041675478219986
(9,11): 1.706145703792572e-05
(9,17): 1.6164779663085938e-06
(9,18): 5.295403301715851e-05
(9,20): 0.0068638032674789426
(9,27): -2.4647675454616548e-05
(9,28): -4.228681325912476e-05
(9,29): 5.161084234714508e-05
(9,38): -3.2088086009025573e-05
(10,1): -0.0022102776169776917
(10,3): -0.0010212242603302002
(10,15): 0.00034816060215234754
(10,26): -0.00014410372823476792
(10,30): -4.1937455534935e-06
(10,31): -2.3996010422706604e-05
(10,34): -8.181311190128327e-05
(10,44): 0.0011952221766114235
(11,0): -0.0006091653555631637
(11,8): 0.005847393125295639
(11,9): -6.181448698043823e-06
(11,12): 0.003862607851624489
(11,14): 0.002699578404426575
(11,18): 2.3286789655685426e-06
(11,19): -0.00012825019657611847
(11,20): -7.215023040771484e-05
(11,28): -2.537950873374939e-05
(11,36): 0.000512373223900795
(11,38): 0.0002538437396287918
(11,45): 0.0003148263692855835
(11,46): 0.024214636906981467
(12,2): -9.700514376163482e-05
(12,11): 0.006470397785305977
(12,13): -0.0002834285795688629
(12,14): -3.673180937767029e-05
(12,19): -6.66762888431549e-05
(12,20): -0.00013065487146377564
(12,21): -0.0007984406501054764
(12,22): 0.0076215117424726486
(12,28): -3.374122083187103e-05
(12,36): -0.0003814294934272766
(12,50): 0.003204492628574371
(12,53): 0.012284422293305397
(12,55): 0.01351875863969326
(12,57): 0.006881234124302864
(13,2): -0.00023492015898227692
(13,12): -1.534588634967804e-05
(13,14): 0.0036880071461200714
(13,19): -0.00010303981602191925
(13,21): -2.76850163936615e-05
(13,22): 4.752419888973236e-05
(13,23): -0.0008461625128984451
(13,28): 0.0028395015746355058
(13,32): 0.008704392239451408
(13,36): 0.0007066098600625992
(13,47): 0.009687219262123108
(13,48): 0.009718898087739944
(13,51): 0.022794434055685996
(13,54): 0.006883845925331116
(14,11): 0.0016962840408086778
(14,12): 4.014633595943451e-05
(14,13): -0.0004345542937517166
(14,19): -4.5582428574562075e-05
(14,20): 3.601163625717163e-05
(14,21): -8.554898202419281e-05
(14,28): -0.00011416472494602204
(14,36): 0.0004890567064285278
(14,43): 0.001424555331468582
(14,53): 0.008988193571567535
(15,7): 5.195237696170807e-05
(15,10): -0.0008169980347156524
(15,16): -6.92419707775116e-06
(15,17): 0.004529391229152679
(15,26): -6.721191108226777e-05
(15,27): 0.0004962695762515068
(15,29): -1.5086308121681213e-05
(15,30): 2.0930022001266478e-05
(15,31): -0.0007309242337942124
(15,34): 5.279481410980225e-07
(15,35): -6.538033485412598e-05
(15,50): -5.606040358543396e-05
(16,7): 8.521310985088349e-05
(16,15): -0.0001555681973695755
(16,17): 0.0017021840065717696
(16,27): 0.0006114177405834198
(16,29): -2.35169380903244e-05
(16,30): 0.00038800537586212156
(16,34): 0.004497827291488648
(16,35): -6.107538938522339e-06
(16,49): 0.005270748548209667
(16,50): 0.0012564174830913544
(16,57): 0.002714783027768135
(16,58): 0.005421638563275337
(17,0): 0.0023678896576166154
(17,7): 5.4163858294487e-05
(17,8): -5.923010408878326e-05
(17,9): -2.4665221571922304e-05
(17,15): 0.006582807153463364
(17,16): 0.0002652907371520996
(17,18): -0.00017098940908908845
(17,27): -0.0001763443648815155
(17,29): -2.075091004371643e-05
(17,35): -6.607919931411743e-05
(17,38): -0.00020979680120944977
(17,42): 0.0011245888471603394
(17,44): 0.00714260570704937
(17,49): 0.0033745042234659193
(18,0): 0.00010828793048858642
(18,7): 0.000994134321808815
(18,8): 0.0001347043737769127
(18,9): 0.000709533542394638
(18,11): 2.434849739074707e-06
(18,17): 0.0003100179880857468
(18,20): 0.0016964531689882278
(18,27): 0.0005871736258268356
(18,28): 0.00016409866511821747
(18,29): -6.457887589931487e-05
(18,35): 0.003934232890605927
(18,57): -0.0007990909367799759
(19,0): -0.009808150380849838
(19,2): -0.006516949497163296
(19,11): 1.38140469789505e-05
(19,12): 8.9656263589859e-05
(19,13): 2.7567148208618164e-09
(19,14): -0.00029673866927623746
(19,20): 0.00011238723993301392
(19,21): -0.0002821945026516914
(19,28): -0.0009231266379356385
(19,59): -0.001962410807609558
(20,0): 7.240429520606995e-05
(20,9): 0.00039558306336402895
(20,11): 1.9150227308273317e-05
(20,12): -0.0004183939844369888
(20,14): 0.00015090323984622955
(20,18): -0.0002926494926214218
(20,19): 0.0006967504322528839
(20,21): 0.000587063580751419
(20,28): 0.00019311085343360902
(20,36): 0.0005596857517957687
(20,38): -0.00034101180732250215
(21,2): 0.0002589131146669388
(21,12): 3.331005573272705e-06
(21,13): 0.00017253637313842772
(21,14): 9.286761283874511e-05
(21,19): -6.779886782169342e-05
(21,20): 0.00038496464490890504
(21,28): -0.00013016030192375183
(21,36): 0.0002467123419046402
(21,43): -0.005382094234228134
(22,2): -0.0001733151450753212
(22,12): -0.00033841975033283234
(22,13): 5.296424031257629e-05
(22,23): -0.0005072098970413208
(22,24): 5.4713860154151914e-05
(22,25): -0.00012159854173660279
(22,32): 1.7336606979370118e-05
(22,33): -2.8560683131217956e-05
(22,37): 0.00083972729742527
(22,57): -3.886967897415161e-07
(23,2): 0.0004428553581237793
(23,6): -0.003448704183101654
(23,13): -0.00011146634817123413
(23,22): 0.0002836289629340172
(23,24): 1.38777494430542e-05
(23,25): 2.803698182106018e-05
(23,32): 0.0004928886890411377
(23,33): -7.575675845146179e-05
(23,37): 0.0005164249241352082
(23,59): 0.005062678605318069
(24,4): 0.0006273625046014786
(24,5): 0.0004912151396274567
(24,6): -1.1810660362243653e-05
(24,22): -4.763729870319367e-05
(24,23): -0.000853511318564415
(24,25): 7.310479879379272e-05
(24,32): 0.0005067086219787598
(24,33): -2.8678029775619506e-05
(24,54): 0.0013551872223615646
(24,56): 0.014470461457967758
(25,2): -0.0025511437654495237
(25,4): -8.793577551841736e-05
(25,5): -0.004170199930667877
(25,6): -0.00019864581525325776
(25,22): -8.016079664230347e-07
(25,23): -5.982533097267151e-05
(25,24): -0.0002096555382013321
(25,32): 0.00034293577075004576
(25,33): -2.095639705657959e-05
(25,37): -0.0006202837824821472
(25,51): 0.005288408473134041
(25,54): 0.0016186263412237168
(25,55): 0.006120336800813675
(26,1): 0.0007404720038175583
(26,3): 0.0005268242582678795
(26,10): -0.0011299341171979904
(26,15): 0.0001512201875448227
(26,30): -0.00031782418489456176
(26,31): -0.001421612873673439
(26,34): 1.4811456203460694e-05
(26,35): -0.00347781915217638
(26,52): 0.009136870428919792
(27,0): 0.0020453616976737975
(27,7): 0.00031630337238311765
(27,8): 0.0003426995873451233
(27,9): -0.00015195146203041078
(27,15): 0.0007818660512566567
(27,16): 0.0017076733708381653
(27,17): 1.1140555143356323e-05
(27,18): -5.090348422527313e-05
(27,29): -3.0012428760528563e-05
(27,30): 0.0003423087298870087
(27,35): 0.00016283608973026277
(27,38): 0.00030024297535419464
(27,43): 0.00611692488193512
(27,44): 0.008170024864375592
(28,0): 4.17327880859375e-05
(28,9): 0.009851860329508782
(28,11): -0.00014133453369140624
(28,12): -1.7425715923309327e-05
(28,13): 0.0018056095018982887
(28,14): -0.0001255735382437706
(28,18): 0.001029016748070717
(28,19): -0.00011086538434028626
(28,20): 5.873888731002808e-06
(28,21): 0.00014401979744434355
(28,36): -0.0006350426375865936
(28,38): -1.5351325273513794e-05
(28,42): 0.007209077030420303
(28,50): 0.0029914598912000657
(28,57): 0.005423534289002418
(28,59): 0.015922966822981836
(29,7): 0.0001897573471069336
(29,8): -0.0007279738783836365
(29,9): -0.00010920442640781403
(29,15): 5.955383181571961e-05
(29,16): -4.7483816742897034e-05
(29,17): -3.4271180629730226e-05
(29,18): -0.00024355366826057435
(29,27): 8.929710835218429e-05
(29,30): 0.0016134923696517944
(29,34): 0.0020681510120630266
(29,35): 0.000260801762342453
(29,38): -2.3048631846904754e-05
(29,50): 0.002339082583785057
(29,58): 0.007740319371223449
(30,1): -0.007703460417687893
(30,3): -0.005698352605104446
(30,7): -0.00409701257944107
(30,10): -0.00030305631458759307
(30,15): 4.507556557655334e-05
(30,16): -0.0002907133847475052
(30,26): -0.00042009904980659483
(30,27): -0.0004078543186187744
(30,29): -0.0003364931046962738
(30,31): -0.0011288391053676605
(30,34): 0.0004283607006072998
(30,35): -7.916752249002456e-05
(31,1): -6.901130080223084e-05
(31,3): 0.0004414520412683487
(31,10): -0.00010097414255142212
(31,15): 6.464920938014984e-05
(31,26): -0.0005204670131206512
(31,30): 1.0650381445884705e-05
(31,34): 1.981474459171295e-05
(31,35): -0.0002805602177977562
(32,2): -0.00018992900848388672
(32,6): -0.000547075942158699
(32,13): 0.0015017226338386535
(32,22): -0.0002512286603450775
(32,23): -0.0001917032152414322
(32,24): -0.00019887372851371766
(32,25): -7.91238248348236e-05
(32,33): 3.375783562660217e-06
(32,37): -0.000297379270195961
(32,43): 0.001203000880777836
(33,2): 0.0004573054611682892
(33,4): -0.004151457026600838
(33,5): 0.00017155930399894714
(33,6): 8.943408727645874e-05
(33,22): -0.00032681960612535477
(33,23): 8.700944483280181e-05
(33,24): 5.600489675998688e-05
(33,25): 9.286962449550629e-05
(33,32): 0.000113997682929039
(33,37): -0.0007065004855394363
(33,43): -0.005498753637075424
(33,56): 0.004099435284733772
(34,1): 0.0009825989976525306
(34,3): -0.0007286660373210907
(34,7): -8.195638656616211e-10
(34,10): -0.0007938271015882492
(34,15): -3.4894123673439025e-05
(34,16): -2.1672770380973815e-05
(34,26): -0.00028842583298683167
(34,29): 0.00333025898784399
(34,30): 7.220655679702759e-06
(34,31): -0.0012378598749637603
(34,35): 5.511939525604248e-06
(34,41): 0.006087689176201821
(34,42): 0.002180091068148613
(34,58): 0.004941502697765827
(35,7): -0.0001547476649284363
(35,8): 0.005368541926145554
(35,15): -0.0008028174191713333
(35,16): -6.64086639881134e-05
(35,17): 7.261008024215698e-05
(35,18): 0.00704578947275877
(35,26): 0.017253129556775094
(35,27): 2.5307536125183104e-05
(35,29): -0.0002182551473379135
(35,30): -5.238838493824005e-05
(35,31): 0.016326563656330107
(35,34): 0.00010164335370063782
(35,38): -0.0017917869985103606
(36,0): 0.0021342689543962477
(36,2): 0.0015557350963354111
(36,11): -0.00033728651702404024
(36,12): 3.2316893339157104e-05
(36,13): 3.213219344615936e-05
(36,14): 0.0012473201751708985
(36,20): -3.069415688514709e-05
(36,21): 7.92136788368225e-05
(36,28): 0.00016167372465133667
(37,4): -0.0001393631100654602
(37,5): 6.892070174217224e-05
(37,6): -0.000448947474360466
(37,22): -0.00045619241893291474
(37,23): -3.746427595615387e-05
(37,25): 7.740605622529983e-05
(37,32): -0.0007126859202980996
(37,33): 1.0391175746917725e-05
(38,0): 0.0005125837773084641
(38,7): 0.0074429228901863095
(38,8): 8.809939026832581e-06
(38,9): -0.00017026856541633607
(38,11): 8.017987012863159e-05
(38,17): -8.77968966960907e-05
(38,20): 0.003674296587705612
(38,27): -0.0002737293392419815
(38,28): 5.097009241580963e-05
(38,29): 0.00021264459937810897
(38,35): 0.0072961320728063585
(39,5): 0.0001557723432779312
(40,6): -1.530788838863373e-05
(41,7): -0.0008519925177097321
(41,34): 0.008261567056179047
(41,43): 0.0010338128358125687
(42,7): 0.0009797363355755805
(42,17): 0.001819307804107666
(42,28): 0.0018222762644290924
(42,34): 0.02076271954923868
(42,53): -0.0004186350852251053
(43,7): 0.0007796964794397354
(43,14): 0.00793132908642292
(43,21): 0.01954192601144314
(43,27): 0.010208143591880799
(43,32): 0.01975592277944088
(43,33): 0.0553885954990983
(43,41): 0.0035788121819496153
(44,10): 0.01728555530309677
(44,17): 0.008760505765676498
(44,27): 0.009278275966644288
(44,52): -0.0024878112226724624
(45,11): -0.000809573084115982
(45,50): -0.0012890179455280304
(46,11): -0.0024909577891230584
(46,59): 0.0003354564309120178
(47,13): -0.001570393517613411
(47,51): 0.0038074417412281036
(48,7): 0.004358528405427933
(48,13): -0.0007976209372282028
(49,7): 0.0009942805022001267
(49,16): 0.00014079950749874116
(49,17): 0.0088107967376709
(50,8): 0.008956119567155838
(50,12): 0.004912449195981026
(50,15): 0.011412837579846381
(50,16): 0.004113282561302185
(50,28): 0.0088744805008173
(50,29): 0.006882977336645126
(50,45): 0.014421091824769973
(51,13): 0.0023513073474168778
(51,25): 0.020699128806591034
(51,47): 0.0073688776046037675
(52,26): -0.0028176059573888777
(52,44): 0.00036582350730895996
(53,12): -0.002505716606974602
(53,14): 0.00190559521317482
(53,42): 0.00045816987752914426
(54,13): -0.0008128224313259124
(54,24): 0.006167184747755528
(54,25): 0.0020090191811323165
(54,55): 0.001837647333741188
(54,57): 0.00031151711940765383
(55,12): -0.001452239714562893
(55,25): 0.005932798981666565
(55,54): 0.001264360547065735
(56,24): 0.006842316165566444
(56,33): 0.005585700869560241
(57,12): 0.006122938469052315
(57,16): 0.007173315286636352
(57,18): 0.007466910816729069
(57,22): 0.006122398823499679
(57,28): 0.008243600428104401
(57,54): -0.00011249400675296784
(58,16): 0.0029399774968624113
(58,29): 0.003990416824817658
(58,34): 0.00019679099321365357
(59,19): 0.003612675815820694
(59,23): 0.017709850817918777
(59,28): 0.0026767987757921217
(59,46): 0.0005169573426246643
