Interaction name: 6f3e

Affinity: 7.150000095367432
Predicted class: 1
Predicted probability: 0.9900643229484558
Sum of phi edges: 0.27635797679424284

Interaction statistics:

Number of total edges connecting protein pseudo-atoms: 17
Number of total edges connecting ligand pseudo-atoms: 68
Number of total edges connecting protein and ligand pseudo-atoms: 44

Pertinent positive set edge index: tensor([[33],
        [14]], device='cuda:0')

FID- using pertinent positive set: 0.4850082993507385

Number of pertinent positive edges connecting protein pseudo-atoms: 0 (0.0%)
% w.r.t. total number of pertinent positive edges: 0.0%)
Number of pertinent positive edges connecting ligand pseudo-atoms: 0 (0.0%)
% w.r.t. total number of pertinent positive edges: 0.0%)
Number of pertinent positive edges connecting protein and ligand pseudo-atoms: 1 (2.3%)
% w.r.t. total number of pertinent positive edges: 100.0%)

Minimal top k set edge index: tensor([[33,  7, 39,  0,  4, 28, 22, 31,  0,  2, 15, 23, 15, 30,  7,  7, 19, 18,
         21,  5, 17, 12,  3, 20,  5, 10, 14,  5, 13, 29, 17, 11, 27,  9, 22,  4,
         26, 16, 17,  4, 19, 11,  3, 10, 11, 19,  3, 11, 35, 26, 15, 20, 15, 40,
         10, 16, 11,  1, 28, 19,  8, 21,  9, 13, 39, 28, 11, 19, 13,  5, 34, 27,
         11, 20,  2, 13, 17, 17, 10, 10,  3, 17, 39, 31, 40,  8, 20, 16, 16, 14,
          8,  6,  9,  7, 39, 18, 20, 35, 36,  9, 16, 28, 10, 16, 40, 14,  9,  9,
         14, 28, 28, 28,  6, 13, 17,  8, 16, 10, 37, 13, 26, 38, 35, 13,  1,  8,
         22, 32, 39, 27,  0, 16,  2, 15, 10, 12, 11,  3,  2,  9, 38, 17, 13, 16,
         36, 27, 12,  3, 18, 40,  6, 28, 10, 26, 36, 32, 34, 20,  6,  9, 37, 14,
         23, 33, 37, 32, 10, 20,  8, 10,  9, 27, 31, 19, 22, 34, 10, 40, 10,  2,
         26, 21, 14, 27, 32,  8, 21, 27, 30, 30, 15, 40, 12, 30, 36, 17, 17, 32,
         18, 16, 37,  8,  9, 12,  5, 12,  8, 15, 34, 19, 31, 11, 40,  3, 12, 11,
          2,  2, 14,  8, 14, 28, 24,  6,  7, 18,  7,  1, 40,  8, 19, 23,  5, 20,
          3, 12,  6,  8,  8,  3,  7, 21, 17,  3,  0,  0,  6, 14,  8,  3,  6,  4,
          1,  1, 22, 25,  8, 38],
        [14,  4, 18, 20,  6, 38,  0, 12,  5,  3,  4, 28, 18, 13, 14, 15, 14,  4,
         17, 23, 38, 14,  2,  9, 24, 37, 33, 20, 19, 20, 28, 13, 15, 20,  3, 18,
          8, 10,  9, 15, 11, 14, 13,  9, 12,  8,  9, 39, 16, 15,  6,  8, 26, 11,
         28, 40, 19, 21, 33, 13, 10,  1, 32, 14, 10, 17, 32, 31,  6, 10, 40, 17,
          3, 29,  8,  7, 27, 37, 39, 40, 12, 36, 15, 32, 28, 26, 30, 34,  9, 12,
         39, 11,  5, 11, 11, 15, 16, 30, 28, 16, 27,  8,  8, 20, 36, 13, 10,  0,
          7, 40, 36, 16, 18,  3, 40, 16,  8,  5, 10, 12, 32, 17, 37, 30, 22, 19,
          1, 26,  8,  9, 22, 28,  1, 39, 16,  6, 40, 11, 21, 17, 28,  1, 11, 35,
         40, 10, 19, 22,  6, 23, 13, 23, 20, 31, 17, 11, 36, 10, 15, 27, 17, 19,
          5, 28, 30,  9, 27,  5, 28,  0,  3, 16, 26,  3,  2,  8, 32, 17,  3, 22,
         27,  8,  3, 26, 10, 34,  3,  8, 20, 37, 27, 34,  3, 35, 34, 16,  8, 31,
         39, 17, 35, 17,  8, 11,  9, 31, 27,  7, 16, 12, 19,  6, 16, 14,  7,  7,
         19, 14, 11, 20,  6, 10,  5,  4, 13,  7, 18,  2, 10,  9,  2, 40,  0,  0,
         21, 13, 12,  3,  2,  8, 12,  2, 21, 10, 10,  9, 14,  2,  1, 19, 25,  7,
         17,  8, 38,  6, 21, 22]], device='cuda:0')

FID+ using minimal top-k set: 0

Number of minimal top-k edges connecting protein pseudo-atoms: 14 (82.4%)
% w.r.t. total number of minimal top-k edges: 14.6%)
Number of minimal top-k edges connecting ligand pseudo-atoms: 43 (63.2%)
% w.r.t. total number of minimal top-k edges: 44.8%)
Number of minimal top-k edges connecting protein and ligand pseudo-atoms: 39 (88.6%)
% w.r.t. total number of minimal top-k edges: 40.6%)

Trustworthiness of the explanation: 0.0

Number of relevant edges connecting protein pseudo-atoms: 7 (41.2%)
% w.r.t. total number of relevant edges: 10.1%)
Number of relevant edges connecting ligand pseudo-atoms: 34 (50.0%)
% w.r.t. total number of relevant edges: 49.3%)
Number of relevant edges connecting protein and ligand pseudo-atoms: 28 (63.6%)
% w.r.t. total number of relevant edges: 40.6%)

Shapley values for edges: 

(0,5): 0.009094764590263366
(0,9): -0.005189971923828125
(0,10): -0.00484817624092102
(0,20): 0.014142028093338012
(0,22): 0.0009619468450546265
(1,2): -0.002736336588859558
(1,8): -0.008994539380073547
(1,17): -0.008355918526649474
(1,21): 0.002842646837234497
(1,22): 0.0011281049251556396
(2,1): 0.0009189951419830322
(2,3): 0.008543070554733277
(2,8): 0.002301744818687439
(2,14): -0.001685868501663208
(2,19): -0.0015618598461151123
(2,21): 0.0008289253711700439
(2,22): 3.957748413085938e-06
(3,2): 0.005422532558441162
(3,8): -0.0037432557344436648
(3,9): 0.0033256882429122925
(3,10): -0.004580856561660767
(3,11): 0.0008542466163635253
(3,12): 0.002033132314682007
(3,13): 0.0036022603511810304
(3,14): -0.0012427270412445068
(3,19): -0.007141017317771912
(3,21): -0.0034514647722244263
(3,22): 0.0006849348545074462
(4,6): 0.01376800000667572
(4,7): -0.008137977719306945
(4,15): 0.003746415376663208
(4,18): 0.004032978415489196
(5,0): -0.0031549566984176635
(5,9): -0.0008259177207946778
(5,10): 0.0025293123722076416
(5,20): 0.004554448127746582
(5,23): 0.006031876802444458
(5,24): 0.005067048668861389
(6,4): -0.0025230014324188234
(6,11): 0.0017809045314788818
(6,12): -0.0035510027408599855
(6,13): 0.0005680263042449951
(6,14): -0.00541650116443634
(6,15): 0.0004413282871246338
(6,18): 0.001390237808227539
(6,25): -0.007265530228614807
(7,4): 0.015169720649719238
(7,11): 0.0017041647434234619
(7,12): -0.003962255716323852
(7,13): -0.0026110053062438966
(7,14): 0.007124651074409485
(7,15): 0.006617638468742371
(7,18): -0.002689908742904663
(8,1): -0.006386287212371826
(8,2): -0.003734291195869446
(8,3): -0.0036663830280303953
(8,9): -0.003016524910926819
(8,10): 0.0026800066232681276
(8,16): 0.0013557446002960204
(8,17): -0.0006553292274475098
(8,19): 0.001072397232055664
(8,20): -0.0019113296270370484
(8,21): -0.013814717531204224
(8,26): 0.001926918625831604
(8,27): -0.0009862089157104492
(8,28): 0.00024254977703094482
(8,34): -0.00011020123958587646
(8,39): 0.0018039005994796753
(9,0): 0.0014569377899169922
(9,3): 0.0001484227180480957
(9,5): 0.0017357629537582398
(9,8): -0.0006557106971740723
(9,10): 0.0015050715208053589
(9,16): 0.001611594557762146
(9,17): 0.0008269357681274414
(9,20): 0.004086731672286987
(9,27): 0.0004381430149078369
(9,32): 0.002633657455444336
(10,0): 0.00022647619247436523
(10,3): 1.1894702911376953e-05
(10,5): 0.0013307303190231324
(10,8): 0.0015823519229888915
(10,9): 0.0034492409229278567
(10,16): 0.0008682936429977417
(10,20): 0.0005597388744354248
(10,27): 0.0002686530351638794
(10,28): 0.00308505117893219
(10,32): 6.42240047454834e-05
(10,37): 0.004829432964324951
(10,39): 0.002204561233520508
(10,40): 0.002093530297279358
(11,3): 0.0024021762609481813
(11,6): -0.0012135004997253418
(11,7): -0.001503589153289795
(11,12): 0.003448784351348877
(11,13): 0.004193035960197449
(11,14): 0.0036051428318023683
(11,19): 0.0029348349571228028
(11,32): 0.002546967267990112
(11,39): 0.0033217889070510866
(11,40): 0.0008566212654113769
(12,3): -0.00036645829677581785
(12,6): 0.0008584487438201904
(12,7): -0.001288798451423645
(12,11): -0.0007460397481918335
(12,13): -0.003494185209274292
(12,14): 0.005703936219215393
(12,19): 0.000691753625869751
(12,31): -0.0009534859657287598
(13,3): 0.0013829922676086425
(13,6): 0.002530423402786255
(13,7): 0.00225805401802063
(13,11): 0.0007821774482727051
(13,12): 0.001213994026184082
(13,14): 0.002610979676246643
(13,19): 0.004287276864051819
(13,30): 0.0011371356248855592
(14,2): -0.005976016521453857
(14,3): -8.12530517578125e-05
(14,6): -0.00214902400970459
(14,7): 0.0014182180166244507
(14,11): -0.001720510721206665
(14,12): 0.0018610799312591554
(14,13): 0.0015245908498764038
(14,19): 0.0003789252042770386
(14,33): 0.00466558039188385
(15,4): 0.007884133458137512
(15,6): 0.003216828107833862
(15,7): -0.0010256922245025634
(15,18): 0.007372067570686341
(15,26): 0.0031825751066207886
(15,27): -0.00027835726737976077
(15,39): 0.0008922380208969116
(16,8): 0.001332700252532959
(16,9): 0.0018793332576751709
(16,10): 0.0038217729330062866
(16,17): -0.0005946642160415649
(16,20): 0.0015742170810699463
(16,27): 0.0015938222408294679
(16,28): 0.0009328770637512207
(16,34): 0.0018927782773971557
(16,35): 0.0007733309268951416
(16,40): 0.0030576711893081665
(17,1): 0.0008132064342498779
(17,8): -0.0005414521694183349
(17,9): 0.0037934160232543945
(17,16): -0.0005327117443084717
(17,21): -0.004441050291061402
(17,27): 0.0022272145748138427
(17,28): 0.0042460447549819945
(17,36): 0.002031152844429016
(17,37): 0.0022258782386779786
(17,38): 0.005887468457221985
(17,40): 0.0013652724027633668
(18,4): 0.006376500129699707
(18,6): 0.000625104308128357
(18,7): -0.0026738286018371583
(18,15): 0.0016934454441070556
(18,39): -0.0005918872356414795
(19,2): -0.003058188557624817
(19,3): 9.411096572875977e-05
(19,8): 0.0033969342708587646
(19,11): 0.0037244969606399538
(19,12): -0.0010959404706954957
(19,13): 0.0027682071924209593
(19,14): 0.006481537818908692
(19,31): 0.002532873749732971
(20,0): -0.003206635117530823
(20,5): 0.0002611255645751953
(20,8): 0.0032146137952804564
(20,9): 0.005218616127967835
(20,10): 0.0004964572191238403
(20,16): 0.0016637426614761353
(20,29): 0.0023832952976226805
(20,30): 0.0019156450033187865
(21,1): 0.002642319202423096
(21,2): -0.0043226838111877445
(21,3): -0.00011530935764312744
(21,8): -7.59357213973999e-05
(21,17): 0.006336556673049927
(22,0): 0.01212207019329071
(22,1): 0.0010230213403701783
(22,2): 8.765876293182373e-05
(22,3): 0.004057446122169494
(22,38): -0.009657317399978637
(23,5): 0.00037605404853820803
(23,28): 0.007571452260017395
(23,40): -0.0030642622709274293
(24,5): -0.0025134164094924925
(25,6): -0.010088633298873901
(26,8): 0.003879300951957703
(26,15): 0.0032953232526779174
(26,27): -2.64739990234375e-05
(26,31): 0.0005569261312484741
(26,32): 0.0012119364738464354
(27,8): -0.00016912639141082762
(27,9): 0.0009648573398590088
(27,10): 0.0007122039794921875
(27,15): 0.004187469482421875
(27,16): 0.00014694273471832275
(27,17): 0.0024152177572250365
(27,26): -8.354127407073974e-05
(28,8): 0.001587187647819519
(28,10): -0.0024441808462142946
(28,16): 0.0013913345336914063
(28,17): 0.002569008469581604
(28,23): 0.0005661475658416748
(28,33): 0.002814987897872925
(28,36): 0.0013962125778198243
(28,38): 0.013766592741012574
(28,40): 0.0014182090759277343
(29,20): 0.004249107837677002
(30,13): 0.007309418320655823
(30,20): -0.00018550693988800049
(30,35): -0.0004079204797744751
(30,37): -0.00026819348335266113
(31,12): 0.011163237690925597
(31,19): -0.0010973817110061645
(31,26): 0.0001257389783859253
(31,32): 0.001986734867095947
(32,9): 0.0003139245510101318
(32,10): -9.305298328399659e-05
(32,11): 0.0005034053325653076
(32,26): 0.000999782681465149
(32,31): -0.0005888372659683227
(33,14): 0.020048393607139586
(33,28): 0.00035613059997558594
(34,8): 6.977498531341553e-05
(34,16): -0.0010834121704101562
(34,36): 0.0005019074678421021
(34,40): 0.0024353510141372683
(35,16): 0.003312874436378479
(35,30): 0.0016462427377700805
(35,37): 0.0011557388305664064
(36,17): 0.0005396085977554321
(36,28): 0.0016322296857833863
(36,34): -0.00046960055828094483
(36,40): 0.0007148653268814087
(37,10): 0.0012643349170684815
(37,17): 0.000415160059928894
(37,30): 0.0003344982862472534
(37,35): -0.0006416481733322143
(38,17): 0.0011975288391113282
(38,22): -0.021709402799606325
(38,28): 0.0008250194787979126
(39,8): 0.0009675079584121704
(39,10): 0.0025980347394943238
(39,11): 0.0016961038112640382
(39,15): 0.0019998753070831297
(39,18): 0.014495018720626831
(40,10): -0.002839219570159912
(40,11): 0.0031330525875091554
(40,16): -0.0012137359380722046
(40,17): 3.8232207298278806e-05
(40,23): 0.0005722886323928833
(40,28): 0.001976526379585266
(40,34): -0.00035702943801879883
(40,36): 0.0015677058696746827
