Interaction name: 5byz

Predicted class: 1
Predicted probability: 0.996346652507782
Sum of phi edges: 0.6714795277267693

Pertinent positive set edge index: tensor([[15, 23,  3, 35, 22, 18,  6, 25, 25,  8,  5, 26,  2, 17, 12, 19, 20,  7,
         23, 22, 14, 20, 31,  3, 10, 12,  0, 19, 13, 12,  2, 42, 15, 18, 32,  5,
         38,  0,  8, 24, 21, 20, 39, 43, 43,  4, 41, 23, 15,  3,  8,  1,  9],
        [ 6,  2, 18, 16,  6,  9, 22,  0,  2, 33,  7,  4, 18, 43, 13, 17, 13,  5,
         18, 15, 37, 14, 21, 19, 43, 17, 16, 13, 12, 34, 10, 12, 21,  3, 21,  6,
          8,  4,  9,  0, 22, 19, 20, 15, 17,  0, 39, 10, 43,  4, 39, 14, 23]],
       device='cuda:0')

FID- using pertinent positive set: 0.43631476163864136

Number of pertinent positive edges connecting protein pseudo-atoms: 1
Number of pertinent positive edges connecting ligand pseudo-atoms: 27
Number of pertinent positive edges connecting protein and ligand pseudo-atoms: 17

Minimal top k set edge index: tensor([[15, 23,  3, 35, 22, 18,  6, 25, 25,  8,  5, 26,  2, 17, 12, 19, 20,  7,
         23, 22, 14, 20, 31,  3, 10, 12,  0, 19, 13, 12,  2, 42, 15, 18, 32,  5,
         38,  0,  8, 24, 21, 20, 39],
        [ 6,  2, 18, 16,  6,  9, 22,  0,  2, 33,  7,  4, 18, 43, 13, 17, 13,  5,
         18, 15, 37, 14, 21, 19, 43, 17, 16, 13, 12, 34, 10, 12, 21,  3, 21,  6,
          8,  4,  9,  0, 22, 19, 20]], device='cuda:0')

FID+ using minimal top-k set: 0.5148204267024994

Number of minimal top-k edges connecting protein pseudo-atoms: 0
Number of minimal top-k edges connecting ligand pseudo-atoms: 24
Number of minimal top-k edges connecting protein and ligand pseudo-atoms: 15

Number of relevant edges connecting protein pseudo-atoms: 3
Number of relevant edges connecting ligand pseudo-atoms: 37
Number of relevant edges connecting protein and ligand pseudo-atoms: 27

Shapley values for edges: 

(0,3): -0.008394304290413856
(0,4): 0.01010510616004467
(0,11): -0.00027098581194877623
(0,12): 0.004993171542882919
(0,16): 0.01093950904905796
(0,24): -0.0023140908777713777
(0,25): -0.004650949835777283
(1,5): -0.007603863924741745
(1,6): 0.005287790894508362
(1,7): -0.0065470093488693235
(1,14): 0.008107770085334778
(1,17): -0.0017229040712118148
(1,20): -0.0070348335802555085
(2,10): 0.010621432214975357
(2,18): 0.013169393241405487
(2,23): 0.00727901078760624
(2,24): -0.01633600890636444
(2,25): 0.0034424101561307905
(3,0): -0.001578039973974228
(3,4): 0.00819947212934494
(3,9): 0.002765655517578125
(3,11): 0.00332117035984993
(3,12): 0.005603971779346466
(3,16): 0.006153842508792877
(3,18): 0.020463387072086333
(3,19): 0.011413438618183136
(3,24): -0.010803780853748321
(4,0): 0.008729554414749145
(4,3): -0.01195681169629097
(4,12): -0.0048486943542957305
(4,13): -0.004521069526672364
(4,17): -0.009802287518978119
(4,19): -0.002585553228855133
(4,20): -0.004720177054405212
(4,26): 0.007286333590745926
(5,1): 0.0033155086636543272
(5,6): 0.01021445170044899
(5,7): 0.013763758316636086
(5,14): -0.015977322608232498
(5,17): 0.0019217343628406525
(5,20): -0.0005570538341999054
(5,26): -0.006689875572919846
(6,1): 0.0016160422563552856
(6,5): 0.0033039131760597227
(6,15): -0.0024527381360530853
(6,21): 0.0025369112193584444
(6,22): 0.016529919430613518
(6,26): -0.002939280867576599
(6,27): 0.003907665014266968
(7,1): 0.007805574834346771
(7,5): 0.012265822887420653
(7,15): 0.0007920351624488831
(7,21): -0.015449052229523658
(7,22): -0.00020889155566692353
(8,9): 0.009842425286769867
(8,10): -0.004521984159946441
(8,18): 0.007639287263154984
(8,23): 0.002909642085433006
(8,31): 0.003649650812149048
(8,33): 0.01449327677488327
(8,38): 0.006847801953554154
(8,39): 0.008191745579242706
(9,3): 0.004112309813499451
(9,8): 0.00030121669173240664
(9,10): 0.0029401274025440214
(9,18): -0.0030516266822814943
(9,19): 0.002412327378988266
(9,20): -9.075552225112915e-05
(9,23): 0.00805295169353485
(9,29): -0.0013600318133831025
(10,2): -0.009650794565677643
(10,8): 0.0014551518112421037
(10,9): 0.0014605391025543212
(10,18): 0.0023283351212739943
(10,23): 0.0006670315563678742
(10,30): 0.0014802949130535126
(10,31): 0.004047507643699646
(10,38): 0.004846091568470001
(10,43): 0.011391015648841858
(11,0): 0.0033846411108970644
(11,3): 0.003932506889104843
(11,16): -0.001952640414237976
(11,32): 0.005263098478317261
(11,33): 0.002441711127758026
(11,34): 0.006959391236305237
(11,35): 0.005644873976707459
(11,41): 0.006059299409389496
(12,0): 0.0005538550019264221
(12,3): 0.003537391126155853
(12,4): -0.0023931582272052766
(12,13): 0.013008086383342743
(12,14): -0.0058445481210947035
(12,17): 0.01113961175084114
(12,19): -0.0010365642607212066
(12,20): -0.003915285766124725
(12,32): -0.0004374919831752777
(12,34): 0.010747140645980835
(12,39): 0.00027742430567741396
(12,42): 0.001247948706150055
(13,4): 0.004714881405234337
(13,12): 0.01092963382601738
(13,14): 0.005410309135913849
(13,17): 0.004117144867777824
(13,19): -0.0012237749993801116
(13,20): 0.0055226744711399075
(13,39): 0.0018956053256988525
(14,1): -0.0036946427822113037
(14,5): -0.010963973551988603
(14,12): 0.0003106983751058579
(14,13): 0.002251340746879578
(14,17): 0.0005257277190685272
(14,19): 3.5427063703536984e-05
(14,20): -0.0010533569008111955
(14,37): 0.011808308959007262
(15,6): 0.027145051062107087
(15,7): 0.005116260722279549
(15,21): 0.010480722486972809
(15,22): -0.0016596724092960357
(15,37): -0.0028664404153823852
(15,43): 0.008382500261068343
(16,0): -0.00022481903433799744
(16,3): 0.00020120471715927125
(16,11): 0.004534748643636704
(16,31): -0.0019368568062782287
(16,35): 0.004761112630367279
(16,38): 0.0010859858989715576
(16,40): -0.003780372440814972
(17,1): 0.002120967656373978
(17,4): 0.005144886150956154
(17,5): -0.0064382654428482055
(17,12): -0.0023296399414539336
(17,13): 0.002234203517436981
(17,14): -0.0014344661682844163
(17,19): 0.0026887546479701994
(17,20): 0.006978641450405121
(17,33): 0.001609201729297638
(17,43): 0.01313808061182499
(18,2): -0.003463980257511139
(18,3): 0.010402102917432786
(18,8): 0.003580506071448326
(18,9): 0.016736461222171782
(18,10): -0.0020601001381874086
(18,19): 0.001794118881225586
(18,23): 0.001051819995045662
(19,3): 0.004856810569763183
(19,4): 0.003066024035215378
(19,9): -0.0004904507100582122
(19,12): 0.001429925784468651
(19,13): 0.010931892171502113
(19,14): 0.0005355376005172729
(19,17): 0.012985985353589058
(19,18): -0.006976079195737839
(19,20): 0.0052635112404823305
(19,31): 0.007317547649145126
(19,35): -0.002196269482374191
(19,36): 0.0033806270360946656
(20,1): 0.004969078302383423
(20,4): 0.0038757269084453583
(20,5): -0.0022548310458660125
(20,9): 0.004551873058080674
(20,12): -0.004768373072147369
(20,13): 0.012307930514216423
(20,14): 0.011497258991003036
(20,17): 0.00023738980293273924
(20,19): 0.009330577105283738
(20,39): 0.003599533885717392
(21,6): 0.004213438481092453
(21,7): 0.0077190792560577395
(21,15): -0.0034565143287181854
(21,22): 0.009440864473581313
(21,31): -0.0008461578190326691
(21,32): 0.0024369116127490997
(22,6): 0.01721289962530136
(22,7): 0.0012081857025623322
(22,15): 0.011838878691196441
(22,21): -0.002802884727716446
(23,2): 0.024446648880839347
(23,8): 0.004190448820590973
(23,9): -0.00300581693649292
(23,10): 0.008535886034369469
(23,18): 0.01217335432767868
(24,0): 0.009703366905450822
(24,2): -0.020049059540033342
(24,3): 0.005064639747142791
(24,26): -0.007126127481460571
(25,0): 0.01583869606256485
(25,2): 0.01456919401884079
(26,4): 0.013303384184837341
(26,5): -0.004118719100952148
(26,6): -0.008528845459222794
(26,24): -0.008574805408716201
(26,42): -0.0003549763560295105
(27,6): 0.005763320177793503
(29,9): 0.0024360577017068863
(29,30): -0.00015960261225700378
(30,10): 0.0015962032973766327
(30,29): -0.0067070057243108746
(31,8): 0.0039059522747993468
(31,10): 0.0032660447061061857
(31,16): 0.00680506557226181
(31,19): 0.00580144464969635
(31,21): 0.011418365836143494
(32,11): 0.0028767673671245574
(32,12): -0.0011738533526659011
(32,21): 0.010380496680736541
(32,33): 0.004905167818069458
(32,35): 0.0023811644315719603
(32,36): 0.0002946622669696808
(33,8): 0.000689883828163147
(33,11): -0.0005430633574724197
(33,17): 0.000837903544306755
(33,32): 0.0023718757927417757
(34,11): 3.1256824731826784e-05
(34,12): 0.005558800920844078
(34,38): -0.004309962689876557
(34,41): -0.00017791017889976502
(35,11): 0.0025994538515806197
(35,16): 0.01774557113647461
(35,19): 0.00439752459526062
(35,32): 0.00779997244477272
(35,42): -0.007260081619024277
(36,19): -0.00367506667971611
(36,32): 0.00147712841629982
(37,14): -0.005387514233589173
(37,15): -0.005422323197126389
(38,8): 0.010116695314645768
(38,10): 0.0014276500046253205
(38,16): 0.005474671199917794
(38,34): -0.0007734713703393937
(39,8): 0.0027364329993724824
(39,12): 0.001384541466832161
(39,13): -0.002235553190112114
(39,20): 0.009155035763978959
(39,41): 0.004786594063043595
(40,16): 0.005373894423246384
(41,11): 0.004053644984960556
(41,34): -0.004735005050897598
(41,39): 0.008586425483226776
(42,12): 0.010572264641523362
(42,26): -0.004705759137868882
(42,35): 0.0016476765275001525
(43,10): -0.004588228464126587
(43,15): 0.008913955837488174
(43,17): 0.008801437467336654
