Interaction name: 5uhi

Predicted class: 1
Predicted probability: 0.9978923201560974
Sum of phi edges: 0.6259406197816144

Pertinent positive set edge index: tensor([[ 2,  1, 39,  2,  5,  1, 34, 14, 31,  1, 12,  4, 21, 52, 37,  4,  4,  0,
          4, 34, 26, 29, 15, 22, 42, 12,  5, 13, 31, 32, 47,  3, 18, 23, 33,  2,
         17, 44, 23, 25, 33, 13,  3, 18,  2, 32, 24, 14, 25, 12, 31, 32, 31, 50,
         15, 12, 14, 33,  4, 35, 15,  4, 21, 19, 10, 18, 21, 40, 21, 14, 19, 13,
         33, 21, 32, 38, 23, 51, 53, 48,  2, 25, 31, 13, 15],
        [24, 27, 12, 22, 21, 11,  3, 32, 29,  9, 15, 10,  5, 30,  8,  2, 14, 15,
         19,  0, 31, 31, 24,  8, 12, 31, 23, 43, 18, 17, 43, 12, 23,  3, 26,  8,
         24, 20, 18, 29, 22, 37, 29, 30, 33,  7, 10,  2, 28, 23, 12, 19,  0, 11,
         25,  0, 27, 15, 22, 51, 18, 13, 10, 27,  6,  2, 39, 21, 17,  9, 53,  2,
         32,  8, 10, 10, 26, 47, 12, 12, 18, 15, 15, 44,  5]], device='cuda:0')

FID- using pertinent positive set: 0.4520881175994873

Number of pertinent positive edges connecting protein pseudo-atoms: 2
Number of pertinent positive edges connecting ligand pseudo-atoms: 57
Number of pertinent positive edges connecting protein and ligand pseudo-atoms: 16

Minimal top k set edge index: tensor([[ 2,  1, 39,  2,  5,  1, 34, 14, 31,  1, 12],
        [24, 27, 12, 22, 21, 11,  3, 32, 29,  9, 15]], device='cuda:0')

FID+ using minimal top-k set: 0.5540502965450287

Number of minimal top-k edges connecting protein pseudo-atoms: 0
Number of minimal top-k edges connecting ligand pseudo-atoms: 9
Number of minimal top-k edges connecting protein and ligand pseudo-atoms: 1

Number of relevant edges connecting protein pseudo-atoms: 1
Number of relevant edges connecting ligand pseudo-atoms: 83
Number of relevant edges connecting protein and ligand pseudo-atoms: 28

Shapley values for edges: 

(0,12): 0.003255492001771927
(0,15): 0.007786937952041626
(0,31): -0.00622777059674263
(0,34): 0.0001771777868270874
(1,9): 0.00889231577515602
(1,11): 0.011599229574203491
(1,27): 0.019110162258148194
(2,4): -0.007618821859359741
(2,8): 0.006655335426330566
(2,10): 0.0020645081996917723
(2,13): 0.003785138577222824
(2,14): -0.0008708645403385163
(2,18): 0.004127729833126068
(2,21): -0.004333031326532364
(2,22): 0.013557710647583009
(2,24): 0.030803681015968323
(2,32): -0.005935347974300385
(2,33): 0.0059954868257045746
(3,12): 0.006975617855787277
(3,15): 0.0005599552392959595
(3,18): 0.0022085726261138914
(3,21): -0.004564453065395355
(3,23): 0.003034602403640747
(3,26): -0.007844648510217666
(3,29): 0.006152690649032593
(3,30): -0.0009256201982498169
(3,31): 0.003893043100833893
(3,34): -0.011111406683921814
(3,35): 0.0010543099045753478
(4,2): 0.008171456605196
(4,7): 0.0037167295813560486
(4,10): 0.00852155327796936
(4,13): 0.004893409311771393
(4,14): 0.007951234579086303
(4,19): 0.007678877115249633
(4,22): 0.005000045150518417
(4,32): -0.0065105676651000975
(5,12): 0.0016703251004219054
(5,15): -0.00196709930896759
(5,18): -0.0064597904682159426
(5,21): 0.012426698207855224
(5,23): 0.00707454651594162
(5,26): 0.0032355424761772154
(5,29): -0.002139960527420044
(5,30): -0.0060487836599349976
(5,31): 0.0016508379578590393
(6,7): 0.0013756614923477173
(6,9): -0.0027251330018043516
(6,10): 0.0032907968759536745
(6,11): 0.00329528272151947
(6,14): -0.0022047695517539976
(6,17): 0.0025297650694847107
(6,19): -0.003949031829833984
(6,27): 0.0034791263937950134
(6,36): 0.0008261154592037201
(6,52): 0.0011279112100601196
(7,4): -0.0006133520603179932
(7,6): 0.0018041330575942994
(7,9): 0.002732193320989609
(7,10): -0.0022544056177139283
(7,11): -0.0009524822235107422
(7,13): 0.0037146568298339843
(7,14): 0.001210927963256836
(7,19): 0.0007455193996429443
(7,22): -7.78229534626007e-05
(7,27): 0.0011024433374404907
(7,32): -0.0003899422287940979
(7,37): -4.2765885591506955e-05
(7,44): 0.0005461537837982178
(8,2): 0.0008839982748031617
(8,15): -0.001055029332637787
(8,18): -0.0005529811978340149
(8,21): -0.0016138818860054016
(8,22): 0.00076529860496521
(8,24): 0.00015478312969207763
(8,26): 6.837055087089539e-05
(8,32): 3.209620714187622e-05
(8,37): 0.003737201690673828
(8,38): 0.0005984386801719666
(9,1): -0.0004339548945426941
(9,6): -0.0003194466233253479
(9,7): 0.003117702007293701
(9,11): -0.0029314219951629638
(9,14): -0.00027546852827072145
(9,19): -0.000315813422203064
(9,27): 0.001527506411075592
(10,2): -0.006579305827617645
(10,4): 0.0005769753456115723
(10,6): 0.004796985238790512
(10,7): -0.003020208477973938
(10,13): 0.0028878995776176453
(10,14): -0.0018001016974449158
(10,17): 0.0005615966022014618
(10,19): 0.00052096888422966
(10,21): 0.00046900689601898194
(10,22): 0.002211301326751709
(10,24): -6.200671195983887e-06
(10,32): -0.00012715548276901245
(10,37): 0.0007566972076892852
(10,38): -0.002021668255329132
(10,46): -0.0037325048446655274
(11,1): -0.004269035458564758
(11,6): 0.0015626037120819091
(11,7): 0.001388275921344757
(11,9): -0.001690816879272461
(11,19): -0.001600203514099121
(11,27): 0.0033795574307441713
(11,41): 0.0032643941044807434
(11,50): 0.0009879857301712037
(12,0): 0.005165332555770874
(12,3): -0.0017179502546787262
(12,5): -0.007380306869745255
(12,15): 0.008544465005397796
(12,23): 0.005625396221876145
(12,29): -0.001154552400112152
(12,30): 0.002812746316194534
(12,31): 0.0071740980446338655
(12,39): 0.0037348829209804535
(12,42): 0.0037671561539173127
(12,48): 0.0005505651235580445
(12,53): 0.001342390775680542
(13,2): 0.004502722322940827
(13,4): -0.005954799354076386
(13,7): 0.00043108925223350525
(13,10): 0.002647639513015747
(13,32): -5.694359540939331e-05
(13,36): 0.000708281397819519
(13,37): 0.00620541661977768
(13,39): 0.0017697149515151977
(13,43): 0.007067756056785584
(13,44): 0.003964546173810959
(13,45): -0.0016380879282951355
(14,2): 0.005731801390647888
(14,4): 0.0022733604907989504
(14,6): -0.002059890329837799
(14,7): 0.003523979038000107
(14,9): 0.004642871916294098
(14,10): 0.0008860886096954346
(14,17): -0.0022146281599998473
(14,19): 0.0003333571553230286
(14,22): 0.0024978485703468323
(14,24): 0.0002945169806480408
(14,27): 0.005165208876132965
(14,32): 0.010027004480361939
(14,44): -0.0018442955613136292
(14,45): -0.0011953875422477723
(14,46): 0.002562169209122658
(14,47): 0.0006231874227523804
(14,50): -3.145754337310791e-05
(15,0): -0.006784748136997223
(15,3): 0.0011821109056472778
(15,5): 0.00393083393573761
(15,8): -0.00028879910707473754
(15,12): 0.00047911524772644044
(15,18): 0.004940521121025086
(15,21): 0.0016572396457195282
(15,23): 0.0031731808185577392
(15,24): 0.007379020750522614
(15,25): 0.005223223865032196
(15,26): 0.0026820281147956846
(15,28): 0.0011196741461753845
(15,29): 0.001501598060131073
(15,30): -0.003913008868694306
(15,31): -0.0005335542559623718
(15,33): 0.001015041470527649
(15,39): 0.0017688390612602234
(15,43): 0.0033350113034248353
(16,20): -0.0008853572607040405
(16,23): 0.002989743649959564
(16,25): 9.981572628021241e-05
(16,28): 0.0006407561898231506
(16,30): 0.0010326811671257019
(16,48): 0.0018995362520217896
(16,49): -0.0002018946409225464
(17,6): 0.0015558589994907378
(17,10): 0.003084062933921814
(17,14): -0.0006317430734634399
(17,19): 0.002049699127674103
(17,21): 2.086639404296875e-05
(17,22): -0.0034578485786914827
(17,24): 0.006602806448936463
(17,32): 0.0022131046652793885
(17,36): -0.0005102735757827758
(17,37): -0.0009515805542469024
(17,39): -1.851797103881836e-05
(17,41): -0.003387232571840286
(17,44): -0.0009447464346885681
(17,47): 0.001572199761867523
(17,50): -0.000950452983379364
(17,51): -0.0009455935657024383
(18,2): 0.0047931443154811855
(18,3): -0.0011698174476623534
(18,5): -0.00028124764561653136
(18,8): 0.0017447111010551453
(18,15): 0.00035165250301361084
(18,21): 0.0033521607518196108
(18,23): 0.0068492889404296875
(18,24): 0.0033540594577789306
(18,26): -0.001060311496257782
(18,29): 0.0007611982524394989
(18,30): 0.006138660311698914
(18,31): -0.0006429240107536316
(18,33): -0.005229221135377884
(18,40): 0.0007129934430122376
(18,52): -0.0027243086695671083
(19,4): -0.0020958980917930603
(19,6): 0.002249056547880173
(19,7): -4.71574068069458e-05
(19,9): 0.0034239986538887024
(19,10): -0.006269539892673493
(19,11): 0.00044965386390686033
(19,14): -0.0006957951188087463
(19,17): -0.0047560715675354
(19,22): 0.0015766090154647827
(19,27): 0.004842230379581452
(19,32): -0.001019420027732849
(19,53): 0.004540026634931565
(20,16): 0.0008944216370582581
(20,23): 0.0021874016523361207
(20,25): 0.0016091513633728028
(20,28): 0.002479366660118103
(20,29): 0.0013275140523910523
(20,30): 0.0024733346700668334
(20,38): 0.0005174443125724792
(20,44): 0.0022990086674690245
(20,48): -0.0005160585045814514
(20,49): 0.0005399584770202637
(20,52): -0.0008712586760520935
(21,2): 0.0011398921906948089
(21,3): -0.0011423838138580323
(21,5): 0.00846793308854103
(21,8): 0.004394312500953674
(21,10): 0.004878319054841995
(21,15): -0.0002476295828819275
(21,17): 0.004653778374195099
(21,18): 5.5265128612518314e-05
(21,22): -0.00032227575778961184
(21,24): 0.0007603943347930908
(21,26): -0.0033004671335220338
(21,29): -0.0025578252971172333
(21,30): 0.0005780640244483948
(21,31): 0.0021219369769096374
(21,33): 0.00116982564330101
(21,36): -0.0009666711091995239
(21,39): 0.004774464666843415
(21,40): -0.0041518622636795045
(21,50): 0.0030499061942100524
(22,2): 0.0005050140619277954
(22,4): -0.003715910613536835
(22,7): 0.0038686043024063112
(22,8): 0.0072692248225212095
(22,10): 0.00014807239174842833
(22,14): 0.001455901712179184
(22,17): 0.0017788869142532349
(22,19): 0.001454305499792099
(22,21): 0.0014079569280147552
(22,24): -0.00012767523527145385
(22,26): -0.005016752183437347
(22,32): 0.0016368457674980164
(22,33): 0.0012175050377845765
(22,53): -0.0026824823021888732
(23,3): 0.0067871293425559994
(23,5): 0.0019371834397315978
(23,12): 6.882727146148682e-05
(23,15): -0.000629608929157257
(23,16): 0.002408880591392517
(23,18): 0.006513585895299911
(23,20): 0.0021672660112380983
(23,25): 0.002601398825645447
(23,26): 0.004259611368179321
(23,28): 0.0009522476792335511
(23,29): -0.0013125738501548767
(23,30): -0.003913144171237945
(23,31): 0.0007455021142959595
(23,42): -0.0011158019304275512
(23,48): 0.0029853683710098266
(24,2): -0.00681300088763237
(24,8): -0.00435181051492691
(24,10): 0.005733990669250488
(24,14): 0.0009350261092185974
(24,15): 0.0005749577283859253
(24,17): -0.0005657418072223663
(24,18): -0.00234976664185524
(24,21): 0.0037368518114089967
(24,22): -0.0009902718663215638
(24,26): 0.0026005056500434877
(24,32): -0.0007686370611190796
(24,33): -0.0009279638528823852
(24,36): 0.002948737367987633
(24,38): -0.002519966959953308
(25,15): 0.004074913561344147
(25,16): -0.0005951598286628723
(25,20): 0.000978287011384964
(25,23): 0.0007239308953285217
(25,28): 0.005641410648822784
(25,29): 0.006452822685241699
(25,30): -0.0019670881330966948
(26,3): -0.004838140457868576
(26,5): -0.0012706656754016875
(26,8): 0.0016067275404930115
(26,15): 0.0014492684602737426
(26,18): 0.0035011151432991026
(26,21): 0.003026895821094513
(26,22): 0.0009285688400268554
(26,23): 0.00341119259595871
(26,24): -0.001080302745103836
(26,29): -0.0009534242749214173
(26,30): -0.0017089469730854035
(26,31): 0.0074907952547073366
(26,33): -0.003409359306097031
(27,1): -0.0006749448180198669
(27,6): 0.003150363266468048
(27,7): -0.00024738788604736326
(27,9): 0.001510513424873352
(27,11): 0.002773423194885254
(27,14): 0.001631874442100525
(27,19): 0.002897209823131561
(28,15): -0.001302734911441803
(28,16): 0.0011805838346481323
(28,20): 0.0010855549573898316
(28,23): 0.002418505847454071
(28,25): 0.0013222336769104005
(28,29): 8.997738361358642e-05
(28,30): -0.00042153909802436826
(28,53): 0.0002821424603462219
(29,3): -0.0006082186102867127
(29,5): 0.003475657403469086
(29,12): 0.0001718941330909729
(29,15): -0.007466282397508621
(29,18): 0.0018231898546218872
(29,20): 0.0033132541179656983
(29,21): 0.0024362486600875855
(29,23): -0.001344551146030426
(29,25): 0.0027469828724861144
(29,26): -0.0007224082946777344
(29,28): 0.0005590423941612243
(29,30): 0.0003508007526397705
(29,31): 0.007484201788902283
(29,39): -0.0009723234176635742
(30,3): -0.00025648161768913267
(30,5): -0.00144413560628891
(30,12): 0.0006850260496139526
(30,15): 0.0009123137593269348
(30,16): 0.002591671645641327
(30,18): -6.832480430603027e-05
(30,20): 0.00025407105684280393
(30,21): 0.003650696873664856
(30,23): 0.0005026964843273163
(30,25): 0.0015809018909931183
(30,26): 0.0012689197063446044
(30,28): 0.00018821924924850464
(30,29): -0.001188340187072754
(30,52): 0.0024893411993980406
(30,53): 0.0012111324071884155
(31,0): 0.005440694689750672
(31,3): -0.004513838291168213
(31,5): -0.0037819305062294006
(31,12): 0.0055422353744506835
(31,15): 0.004038089215755463
(31,18): 0.007055952250957489
(31,21): 0.003018004894256592
(31,23): 0.0006149549782276154
(31,26): -0.001782931387424469
(31,29): 0.009857124984264373
(32,2): -0.0017943058907985688
(32,4): 0.002120366394519806
(32,7): 0.005952270925045014
(32,8): 0.0011405563354492188
(32,10): 0.004310952723026276
(32,13): 0.0012009237706661225
(32,14): 0.00108977347612381
(32,17): 0.007052681297063827
(32,19): 0.005507961809635162
(32,22): -0.0017691688239574433
(32,24): 0.0021835952997207642
(32,33): -0.0014274677634239198
(33,2): -0.0014800982177257539
(33,15): 0.005155600160360336
(33,18): -0.002644820511341095
(33,21): -0.0005663135647773743
(33,22): 0.006245038211345672
(33,24): 3.69223952293396e-05
(33,26): 0.006675861328840255
(33,32): 0.004443230926990509
(34,0): 0.007627147138118744
(34,3): 0.01006039634346962
(35,3): -0.011281469464302063
(35,39): -0.0034811723232269286
(35,51): 0.0049515306949615475
(36,6): 0.0016157454252243041
(36,13): 0.0008172860741615295
(36,17): 9.258359670639039e-05
(36,21): -0.0017376388609409332
(36,24): 0.0028299209475517273
(36,46): 0.0003022918105125427
(37,7): 0.00041027620434761045
(37,8): 0.008188955932855606
(37,10): -0.0021876569092273714
(37,13): 0.0009492982923984528
(37,17): 0.0028095689415931703
(37,40): -0.0028152227401733398
(37,52): -0.0018223382532596589
(38,8): 0.002313065826892853
(38,10): 0.004276774078607559
(38,20): 0.002499723136425018
(38,24): 0.0007324554026126862
(39,12): 0.013657313883304595
(39,13): 0.0005324497818946838
(39,15): 0.0038258251547813415
(39,17): 0.001598290354013443
(39,21): 0.003059331178665161
(39,29): 0.0008793139457702637
(39,35): -0.006083912700414657
(40,18): 3.6075711250305177e-07
(40,21): 0.0047058588266372684
(40,37): 0.0018204975128173829
(40,52): 0.00224978506565094
(41,11): 0.002188906967639923
(41,17): 5.284443497657776e-05
(42,12): 0.007246774435043335
(42,23): 0.000414193719625473
(43,13): -0.0016210335493087769
(43,15): 0.003904450833797455
(43,47): 0.0033229202032089233
(44,7): -0.0006351567804813385
(44,13): 0.003612399995326996
(44,14): 0.0012447834014892578
(44,17): 0.0016724181175231934
(44,20): 0.006516264528036117
(45,13): 0.00288736492395401
(45,14): 0.0032615983486175538
(46,10): 0.0003109721839427948
(46,14): 0.002158212959766388
(46,36): -0.0020057147741317748
(47,14): 0.003021874725818634
(47,17): 0.00030890017747879026
(47,43): 0.007003936171531677
(47,51): -0.006479690372943878
(48,12): 0.004187528789043426
(48,16): 0.0005299438536167145
(48,20): 0.0017400431632995607
(48,23): 0.0005107378959655762
(49,16): 0.0009134641289710999
(49,20): 0.002234100550413132
(50,11): 0.005248576998710632
(50,14): -0.0010080745816230775
(50,17): 5.470737814903259e-05
(50,21): 0.0010679197311401368
(51,17): 0.002766435146331787
(51,35): -0.004401426315307617
(51,47): 0.004258317351341248
(52,6): 0.0029837611317634584
(52,18): -0.0019161370396614075
(52,20): 0.003592916131019592
(52,30): 0.008218834102153778
(52,37): 8.217185735702515e-05
(52,40): -0.0015676629543304444
(53,12): 0.004208846390247345
(53,19): 0.00218115359544754
(53,22): 0.0005397686362266541
(53,28): 0.0019095951318740844
(53,30): 0.0021055161207914354
