Interaction name: 6arj

Predicted class: 1
Predicted probability: 0.7700161933898926
Sum of phi edges: 0.546482899524271

Interaction statistics:

Number of total edges connecting protein pseudo-atoms: 31
Number of total edges connecting ligand pseudo-atoms: 108
Number of total edges connecting protein and ligand pseudo-atoms: 55

Pertinent positive set edge index: tensor([[46, 44, 47, 19, 19, 58,  9, 11, 11, 19, 13, 44, 19, 54, 12, 33, 32, 42,
         33, 21, 22, 19, 58, 23, 48, 21, 19, 40, 26, 35, 46, 57, 21, 55, 21, 53,
         23, 44, 21, 21, 17, 16, 54, 46, 58, 46, 46, 11,  1, 15, 55, 55,  7, 17,
         31, 47, 32, 22, 30, 50, 48, 19, 12, 38, 47, 44, 17],
        [27, 12, 27, 50, 49, 21, 35, 57, 55, 51, 42, 25, 54, 12, 14,  6, 29, 13,
          7, 52, 53, 48, 24, 55, 50, 53, 58, 38, 24,  9, 57, 22, 23, 23, 54, 22,
         25, 18, 45, 58, 43, 45, 21, 17, 19, 19, 15, 16,  0, 43, 11, 22, 33,  5,
         26, 19, 17, 57, 17, 48, 51, 46, 54, 56, 15, 15, 47]], device='cuda:0')

FID- using pertinent positive set: 0.1351795792579651

Number of pertinent positive edges connecting protein pseudo-atoms: 4 (12.9%)
% w.r.t. total number of pertinent positive edges: 7.5%)
Number of pertinent positive edges connecting ligand pseudo-atoms: 11 (10.2%)
% w.r.t. total number of pertinent positive edges: 20.8%)
Number of pertinent positive edges connecting protein and ligand pseudo-atoms: 38 (69.1%)
% w.r.t. total number of pertinent positive edges: 71.7%)

Minimal top k set edge index: tensor([[46, 44, 47, 19, 19, 58,  9, 11, 11, 19, 13, 44, 19, 54, 12, 33, 32, 42,
         33, 21, 22, 19, 58, 23, 48, 21, 19, 40, 26, 35, 46, 57, 21, 55, 21, 53,
         23, 44, 21, 21, 17, 16, 54, 46, 58, 46, 46, 11,  1, 15, 55, 55,  7, 17,
         31, 47, 32, 22, 30, 50, 48, 19, 12, 38, 47, 44, 17, 53, 16, 30, 47, 47,
         57, 51, 15, 46, 17, 43, 37, 54,  5, 25, 24, 58, 17,  0,  6,  7, 18, 17,
         18, 15, 22, 26, 23, 44, 11, 30, 47, 51, 16, 18, 29,  4, 19, 15, 36, 12,
         22, 36, 35, 46,  4, 41,  3, 45, 19,  9, 17,  3,  6, 18, 46, 11, 13,  6,
         27, 14, 19, 32, 57, 51,  6, 36, 46, 37, 43, 36,  6,  2, 26, 37, 16, 35,
         39, 28,  2, 52, 20,  5, 57,  9, 51,  5, 29, 48, 28,  4,  6, 15, 13, 45,
          3,  7, 14, 25, 51,  6, 28, 32, 49,  2, 27, 50,  4, 42, 28, 10,  0,  8,
         19, 22, 17, 14, 24, 29, 29, 25,  7, 40, 31, 17, 24, 31,  2,  7, 18, 24,
         31,  7, 37, 15, 35, 11, 11, 20, 32, 52,  5, 23, 34, 15, 24, 38, 32, 20,
         37, 52, 28, 29, 28, 51, 11, 23,  8, 22, 31, 16, 24, 29,  2, 34, 18,  5,
         26, 26,  6, 13, 20, 30, 23, 13, 20, 29,  9,  8, 30, 28, 23, 21, 27,  3,
         31, 22, 39, 30, 20,  6,  9, 24, 25, 42, 15, 24,  2, 25, 23, 43, 26, 21,
         20, 27, 43, 16, 22, 11, 25, 21, 36, 45, 32, 28,  2, 20],
        [27, 12, 27, 50, 49, 21, 35, 57, 55, 51, 42, 25, 54, 12, 14,  6, 29, 13,
          7, 52, 53, 48, 24, 55, 50, 53, 58, 38, 24,  9, 57, 22, 23, 23, 54, 22,
         25, 18, 45, 58, 43, 45, 21, 17, 19, 19, 15, 16,  0, 43, 11, 22, 33,  5,
         26, 19, 17, 57, 17, 48, 51, 46, 54, 56, 15, 15, 47, 21, 43, 18, 18, 17,
         11, 48, 44, 18, 44, 16, 38, 19, 11, 23, 26, 26, 46, 12, 23, 26, 44,  2,
         46, 47,  6, 58, 21, 17, 15, 11, 16, 40, 47, 47, 31, 19, 47,  2, 50, 44,
         55, 40, 56, 26,  3, 35, 18, 44,  4,  7, 32,  4, 24, 11, 33, 18, 16, 31,
         14, 27,  3, 19, 52, 39,  8, 51, 52, 51, 15, 48, 26, 28, 10, 39, 27,  7,
         37, 32, 11, 21, 24, 30, 46,  8, 36, 28, 23, 19, 31, 30, 25, 11, 27, 42,
         30, 34, 15,  8, 37,  7, 29, 30, 43, 29, 16, 19, 33, 44,  2, 25,  1, 25,
         32, 29, 15, 16, 29, 22, 21,  7,  6, 36, 28, 18, 20, 29,  5, 25, 17, 22,
         20, 35,  9, 16, 41, 17, 32, 29, 20, 46,  2, 22,  6, 17, 25,  9,  2, 32,
         36, 57, 21, 20, 22, 19,  2, 31,  6, 21, 25,  2, 28, 28, 32,  7,  4, 20,
          6,  9, 20, 15, 25,  3, 20, 14,  5,  2, 38, 26,  5,  5, 29, 22, 13, 33,
          6, 20, 48, 32, 28, 34, 25,  6, 24, 45, 46, 23, 16,  6, 24, 49,  7, 29,
         23, 15, 17, 11, 28,  5,  9,  2, 37, 21, 28, 24, 21, 22]],
       device='cuda:0')

FID+ using minimal top-k set: 0.3011611998081207

Number of minimal top-k edges connecting protein pseudo-atoms: 15 (48.4%)
% w.r.t. total number of minimal top-k edges: 13.0%)
Number of minimal top-k edges connecting ligand pseudo-atoms: 53 (49.1%)
% w.r.t. total number of minimal top-k edges: 46.1%)
Number of minimal top-k edges connecting protein and ligand pseudo-atoms: 47 (85.5%)
% w.r.t. total number of minimal top-k edges: 40.9%)

Trustworthiness of the explanation: 0.4467486467005275

Number of relevant edges connecting protein pseudo-atoms: 3 (9.7%)
% w.r.t. total number of relevant edges: 5.0%)
Number of relevant edges connecting ligand pseudo-atoms: 13 (12.0%)
% w.r.t. total number of relevant edges: 21.7%)
Number of relevant edges connecting protein and ligand pseudo-atoms: 44 (80.0%)
% w.r.t. total number of relevant edges: 73.3%)

Shapley values for edges: 

(0,1): 0.0002062632143497467
(0,12): 0.0025412377715110777
(1,0): 0.006326031908392906
(1,12): -0.003685811311006546
(2,5): 9.792268276214599e-05
(2,11): 0.0005335347354412079
(2,15): -0.004141905978322029
(2,16): -0.0002192710340023041
(2,17): -0.0017113891243934632
(2,20): -0.0016065328568220139
(2,21): -0.0003585602343082428
(2,28): 0.0005885078012943267
(2,29): 0.00027541212737560274
(2,32): -6.637439131736756e-05
(3,4): 0.0011065147817134857
(3,18): 0.0012843050062656403
(3,19): -0.002458866238594055
(3,30): 0.0003728388249874115
(3,33): -0.00015472784638404847
(4,3): 0.0013324657827615738
(4,18): -0.004739225059747696
(4,19): 0.0017574231326580047
(4,30): 0.00046483680605888364
(4,33): 0.0002514103055000305
(5,2): 6.394684314727783e-06
(5,11): 0.003111403584480286
(5,17): -0.0020894718170166014
(5,19): -0.000761023610830307
(5,20): -7.167115807533265e-05
(5,28): 0.0004953765869140626
(5,29): -0.011850592792034148
(5,30): 0.0005176787078380585
(6,7): 0.0003188130259513855
(6,8): 0.000792253240942955
(6,20): -9.017333388328553e-05
(6,22): -0.0022090399265289307
(6,23): 0.0025096555054187775
(6,24): 0.0010979843139648437
(6,25): 0.00046194173395633695
(6,26): 0.000609516054391861
(6,28): -0.0007338770478963852
(6,31): 0.0009592346847057343
(6,33): -0.0036511135101318357
(6,34): -0.00019261851906776428
(7,6): 0.00013495489954948425
(7,9): -0.018463761359453202
(7,10): -0.005410862788558006
(7,25): 9.71291959285736e-05
(7,26): 0.002500971257686615
(7,33): 0.005854133367538452
(7,34): 0.000371360182762146
(7,35): 5.453407764434814e-05
(7,41): -0.0038941732048988343
(8,6): -4.649929702281952e-05
(8,9): -0.0023407089710235597
(8,10): -0.013662405833601952
(8,25): 0.0002044856548309326
(8,26): -0.00013050183653831482
(9,7): 0.0012159232795238494
(9,8): 0.0005108173191547394
(9,25): -0.00019995115697383882
(9,26): -0.0012713654339313507
(9,35): 0.01652945227921009
(9,36): -0.0012888891994953155
(9,37): -0.0005685710906982422
(9,38): -0.00012232616543769837
(9,41): -0.005051160603761673
(10,7): -0.005128327161073685
(10,8): -0.0022385749220848084
(10,25): 0.00020629584789276124
(10,26): -0.0009569840133190155
(11,2): -4.3312609195709226e-05
(11,5): -0.0003228466212749481
(11,15): 0.0021186934411525724
(11,16): 0.006363754272460938
(11,17): 4.2596757411956785e-05
(11,18): 0.0009849709272384643
(11,30): -0.0004874482750892639
(11,32): 2.2200793027877806e-05
(11,55): 0.015765064954757692
(11,57): 0.01610352486371994
(12,0): -0.0037135518342256545
(12,1): -0.0033658772706985475
(12,14): 0.0143609718978405
(12,44): 0.001563488245010376
(12,54): 0.004807796701788903
(13,14): -0.00011583618819713593
(13,15): -9.704425930976867e-05
(13,16): 0.0009593057632446289
(13,27): 0.0004077211022377014
(13,42): 0.015568916574120522
(14,12): -0.001577216386795044
(14,13): -0.000782838761806488
(14,15): 0.0003631548583507538
(14,16): 0.00017007306218147278
(14,27): 0.0008922466635704041
(15,2): 0.0017175473272800445
(15,11): 0.0004258657991886139
(15,13): -0.0005643433332443238
(15,14): -0.0010286666452884673
(15,16): 5.0384998321533206e-05
(15,17): -4.9644708633422855e-06
(15,27): -0.0035051975399255754
(15,43): 0.0063069663941860196
(15,44): 0.003667025715112686
(15,46): -0.00021207302808761596
(15,47): 0.0024169357120990753
(16,2): -5.195692181587219e-05
(16,11): -0.0003034491837024689
(16,13): -0.0008634179085493088
(16,14): -0.0006248369812965393
(16,15): -0.0006461964547634125
(16,27): 0.0005694961547851562
(16,43): 0.004165215939283371
(16,45): 0.006790701523423195
(16,47): 0.0018886581063270568
(17,2): 0.0024781061708927157
(17,5): 0.005846483260393142
(17,11): -0.001224530190229416
(17,15): 0.00017296388745307922
(17,18): 0.00011088222265243531
(17,30): -0.000540122389793396
(17,32): 0.0011293929815292358
(17,43): 0.00683530330657959
(17,44): 0.003486512824892998
(17,46): 0.002684081271290779
(17,47): 0.0044316696375608445
(18,3): -0.0007710084319114685
(18,4): -6.857112050056457e-05
(18,11): 0.0010459524393081664
(18,17): 7.880203425884246e-05
(18,30): -0.0006869577616453171
(18,44): 0.002481791824102402
(18,46): 0.0024636080116033554
(18,47): 0.0018459206819534302
(19,3): 0.0008696131408214569
(19,4): 0.001225423514842987
(19,5): -0.0005698604881763459
(19,30): -0.0009005372226238251
(19,32): 0.00017848558723926544
(19,46): 0.004878136180341244
(19,47): 0.0017403140664100647
(19,48): 0.010490017235279083
(19,49): 0.016845589205622673
(19,50): 0.01788593262434006
(19,51): 0.0157364072650671
(19,54): 0.014645782858133316
(19,58): 0.009844626784324646
(20,2): -0.006227123141288757
(20,5): -0.00011589676141738891
(20,6): -0.0010673878341913223
(20,22): -0.00036395147442817686
(20,23): -0.00026229262351989746
(20,24): 0.0005241589248180389
(20,25): -0.00010281145572662354
(20,28): -0.00019235014915466308
(20,29): 1.7594993114471435e-05
(20,31): -0.00040088981389999387
(20,32): -2.675861120223999e-05
(21,2): -0.000326366126537323
(21,22): -0.0001356697827577591
(21,23): 0.008366673961281776
(21,28): -0.0005362846702337265
(21,29): -0.00026100873947143555
(21,45): 0.006964817047119141
(21,52): 0.011465393006801605
(21,53): 0.009848886430263519
(21,54): 0.008292048722505569
(21,58): 0.006949196308851242
(22,6): 0.002284847944974899
(22,20): -0.00016814425587654113
(22,21): -4.8434287309646605e-05
(22,23): -0.0004237884283065796
(22,24): -0.0010815580189228059
(22,28): -0.00030812010169029236
(22,29): 0.0001739177107810974
(22,31): -0.0005831997096538544
(22,53): 0.0106462612003088
(22,55): 0.0015523673593997955
(22,57): 0.005529412925243378
(23,6): -0.00039708614349365234
(23,20): -0.00011364847421646118
(23,21): 0.0022667548060417175
(23,22): 5.410313606262207e-06
(23,24): -0.00024189360439777374
(23,25): 0.007808286994695664
(23,28): -0.0005159061402082443
(23,29): -0.0001348455250263214
(23,31): -4.566401243209839e-05
(23,55): 0.009965699687600136
(24,6): -0.00020093053579330443
(24,20): 0.00010849297046661377
(24,22): 7.317304611206055e-05
(24,23): -0.0002186840772628784
(24,25): -5.433186888694763e-06
(24,26): 0.0029961147904396055
(24,28): -5.984649062156677e-05
(24,29): 0.0001685887575149536
(24,58): -0.0018199819326400757
(25,6): -0.0002310149371623993
(25,7): 0.00014396630227565767
(25,8): 0.0003619296848773956
(25,9): -0.0003243151307106018
(25,10): -0.0019801270961761473
(25,20): -0.00042335197329521177
(25,23): 0.0030940039455890655
(25,24): -0.00020834609866142274
(25,26): -0.000463479608297348
(25,31): -0.00037407621741294863
(25,44): -0.0036560677736997603
(26,6): -8.370444178581238e-05
(26,7): -0.00025443166494369505
(26,8): -0.0011485903710126877
(26,9): -8.754909038543701e-05
(26,10): 0.0005859750509262085
(26,24): 0.009513121992349625
(26,25): -0.0010461758822202683
(26,31): -0.0011769063770771027
(26,46): -0.0007599414885044098
(26,58): 0.0022739367187023162
(27,13): -0.00013675913214683533
(27,14): 0.0009104977548122406
(27,15): -0.0002633036673069
(27,16): 0.00027400292456150057
(27,46): -0.005495424643158913
(27,47): -0.003568143844604492
(28,2): 0.00020714178681373595
(28,5): -0.0001333509385585785
(28,6): -0.010651806890964509
(28,20): -0.00038946058601140976
(28,21): -3.4004151821136475e-05
(28,22): -3.943800926208496e-05
(28,23): -0.0003860752284526825
(28,24): -0.0003552258014678955
(28,29): 0.0003183847665786743
(28,31): 0.0004675436019897461
(28,32): 0.0005485104024410248
(29,2): -0.00012077763676643372
(29,5): -0.007725934684276581
(29,20): -3.7437230348587035e-05
(29,21): 0.00014777272939682008
(29,22): 0.00015170469880104064
(29,23): 0.0004899932444095611
(29,24): -0.0006306928396224976
(29,28): -6.213858723640442e-05
(29,31): 0.0017646881937980652
(29,32): -0.006707198917865753
(30,3): -0.0001068837195634842
(30,4): -0.0019335003197193145
(30,5): -0.00013084396719932557
(30,11): 0.0021039263904094694
(30,17): 0.00511972576379776
(30,18): 0.003986113369464874
(30,19): -0.0010349589586257934
(30,32): -0.0001792924851179123
(31,6): -0.00016650795936584472
(31,20): 6.908461451530456e-05
(31,22): -0.0007375937700271607
(31,23): -0.0006601664423942565
(31,25): -5.027145147323608e-05
(31,26): 0.005710143148899078
(31,28): 0.00011377975344657898
(31,29): 9.862884879112243e-05
(32,2): -2.370774745941162e-05
(32,11): -0.0006562339514493942
(32,17): 0.005602535530924797
(32,19): 0.0008470906317234039
(32,20): 8.562207221984864e-06
(32,28): -0.00034821078181266783
(32,29): 0.013216045945882797
(32,30): 0.00031387433409690857
(33,3): -0.0038209231197834015
(33,4): -0.004198350757360458
(33,6): 0.013522551208734513
(33,7): 0.012146856635808945
(33,46): -0.00036457687616348267
(33,51): -0.0036461029946804045
(33,52): -0.0046277201920747755
(34,6): 4.764050245285034e-06
(34,7): -6.701320409774781e-05
(35,7): 0.0005671517550945283
(35,9): 0.009408174082636833
(35,41): 4.341974854469299e-05
(35,56): 0.0014553602784872055
(36,9): -0.0009156234562397003
(36,37): -0.00034017592668533325
(36,40): 0.001505441442131996
(36,48): 0.0006229534745216369
(36,50): 0.0015877874195575714
(36,51): 0.0007818302512168884
(37,9): 5.326569080352783e-05
(37,36): -2.818293869495392e-05
(37,38): 0.0031922649592161178
(37,39): 0.0005721023678779602
(37,51): 0.000729522705078125
(38,9): -1.3786554336547852e-05
(38,37): -0.003996002674102783
(38,40): -0.0074082019180059435
(38,41): -0.004556745737791062
(38,56): 0.004559150114655495
(39,37): 0.0005593393743038177
(39,40): -0.002820408195257187
(39,48): -0.00017013482749462128
(39,50): -0.0015738681703805924
(39,51): -0.00132558673620224
(40,36): 0.00011547371745109559
(40,38): 0.009547946006059647
(40,39): -0.0012654417753219605
(40,51): -0.0005265961587429046
(41,7): -0.003851090669631958
(41,9): -0.0037495918571949006
(41,35): 0.0013121078908443452
(41,38): -0.0010904110968112946
(41,56): -0.0005347117781639099
(42,13): 0.013004450350999832
(42,44): 0.0002251366525888443
(42,45): -0.0002108832448720932
(43,15): 0.0006304826587438583
(43,16): 0.003398953601717949
(43,17): -0.00027328655123710633
(43,49): -0.000245983824133873
(44,12): 0.02159701891243458
(44,15): 0.0044913491606712345
(44,17): 0.002121283635497093
(44,18): 0.007397062629461288
(44,25): 0.015363280028104782
(44,42): -0.0007623694837093353
(44,45): -0.001611829176545143
(45,16): -0.0006169666349887848
(45,21): -0.0003427723795175552
(45,42): 0.00037922710180282593
(45,44): 0.0012562622129917145
(46,15): 0.006508719176054001
(46,17): 0.0066820142418146135
(46,18): 0.0035943835973739624
(46,19): 0.006515981554985046
(46,26): 0.001380014419555664
(46,27): 0.04135216064751148
(46,33): 0.001015661358833313
(46,52): 0.000779649093747139
(46,57): 0.009098811000585556
(47,15): 0.004539352357387543
(47,16): 0.002079097032546997
(47,17): 0.003864489160478115
(47,18): 0.003981019705533982
(47,19): 0.005658291131258011
(47,27): 0.019667476788163184
(48,19): 0.00048462718725204466
(48,36): -0.0009992168843746185
(48,39): -0.005371930971741676
(48,50): 0.009930941089987756
(48,51): 0.004978147745132447
(49,19): -0.0019870677590370176
(49,43): 0.00028321772813796994
(50,19): 0.00025832414627075196
(50,36): -0.0019127441197633744
(50,39): -0.006254508718848228
(50,48): 0.0050651075690984725
(51,19): -3.98331880569458e-05
(51,33): -0.0030346426367759706
(51,36): 0.0005046603083610535
(51,37): 0.00034842412918806076
(51,39): 0.0008260524272918702
(51,40): 0.00195041224360466
(51,48): 0.003745642751455307
(52,21): 0.0005248425900936126
(52,33): -0.003725477159023285
(52,46): 6.917864084243774e-06
(52,57): -2.8449445962905884e-05
(53,21): 0.0042569305747747425
(53,22): 0.00799539938569069
(54,12): 0.01447756290435791
(54,19): 0.0031372711062431337
(54,21): 0.006724443882703781
(55,11): 0.006182522475719452
(55,22): 0.006102860234677792
(55,23): 0.008330655172467233
(56,35): -0.004185555428266525
(56,38): -0.0053138574957847596
(56,41): -0.0030962928384542466
(57,11): 0.003825487270951271
(57,22): 0.008396580815315247
(57,46): 0.0005157756805419922
(57,52): 0.0008314079046249389
(58,19): 0.006546204090118408
(58,21): 0.016816098988056184
(58,24): 0.010469943434000015
(58,26): 0.002936737537384033
