Explaining class 0 for compound: CC(C)Oc1ccccc1N1CCN(C2CCC(NS(=O)(=O)c3ccccc3[N+](=O)[O-])CC2)CC1
Shapley values for edges:
(0,1): 0.017127883629213924
(1,0): -0.020130495471312848
(1,2): -0.006250992794427202
(1,3): 0.014234450302058175
(2,1): 0.026613538027103728
(3,1): -0.04236770215817879
(3,4): -0.03553597153293826
(4,3): 0.017320857397288142
(4,5): 0.0035543500229904736
(4,9): 0.00047617337479297696
(5,4): 0.013374597071029668
(5,6): 0.005608956199621068
(6,5): -0.005239209308572695
(6,7): -0.004736224635170526
(7,6): 0.0026689170154750425
(7,8): -0.007623297869086751
(8,7): 0.008927700280159444
(8,9): -0.014418524391277943
(9,4): 0.003772493838971021
(9,8): -0.003996627300329007
(9,10): -0.02414273688709323
(10,9): 0.023490273858539835
(10,11): 0.0813714732235359
(10,34): 0.06316616519040434
(11,10): 0.0048562004960111685
(11,12): 0.03416332159636753
(12,11): 0.03936164030526937
(12,13): 0.0321472346754951
(13,12): 0.1462379729422376
(13,14): 0.05086672091865294
(13,33): 0.12564967265133278
(14,13): -0.02487440908794902
(14,15): 0.010040014170002675
(14,32): 0.01778876545707025
(15,14): 0.0012151056763658416
(15,16): 0.0032048895030029733
(16,15): 0.019967085723751908
(16,17): 0.007737777844299246
(17,16): 0.03550595697745327
(17,18): 0.024191269867101982
(17,31): 0.037873177598769014
(18,17): 0.004411963035654063
(18,19): -0.01454600508187698
(19,18): 0.020575519036378335
(19,20): 0.006075148794377119
(19,21): 0.0263874326929648
(19,22): -0.008060318745031743
(20,19): 0.015006501180939512
(21,19): 0.015505544097342538
(22,19): 0.011352264137242704
(22,23): -0.005413817904876725
(22,27): 0.005727238531318797
(23,22): 0.012325704232821779
(23,24): -0.004602960459505486
(24,23): 0.002542527886197663
(24,25): -0.0002547810358041699
(25,24): 0.001064061768271483
(25,26): 0.0028912321047532396
(26,25): -0.0014460475681868058
(26,27): 0.038909521958818194
(27,22): 0.011018015225081296
(27,26): -0.005508517419740886
(27,28): 0.01968026783801919
(28,27): -0.01363539099327749
(28,29): 0.0198590574599616
(28,30): -0.013312386852244992
(29,28): -0.010836777583207407
(30,28): 0.032260090049398865
(31,17): 0.010331508410958217
(31,32): -0.0013486905293519872
(32,14): 0.01814845272818092
(32,31): 0.01926295229804305
(33,13): 0.022067350160346985
(33,34): 0.020487935397337256
(34,10): -0.011588097592637165
(34,33): 0.04739911183169115

Sum of Shapley values: 0.9759340534883884

Minimal top k set edge index:
[[13, 13, 10], [12, 33, 11]]

FID+: 0.9992399012553506

Pertinent positive set edge index:
[[13, 13, 10, 10, 13, 34, 12, 26, 17, 17, 11, 30, 12, 2, 19, 17, 10, 33], [12, 33, 11, 34, 14, 33, 11, 27, 31, 16, 12, 28, 13, 1, 21, 18, 9, 13]]

FID-: 0.082955002784729

