Explaining class 0 for compound: O=C(NC1CCC(CCN2CCN(c3cccc4c3OCO4)CC2)CC1)C1COc2ccccc2C1
Shapley values for edges:
(0,1): -0.00954823719098046
(1,0): 0.015410043097152755
(1,2): 0.009492404713104457
(1,26): -0.003272374447060773
(2,1): 0.0072851303350721175
(2,3): -0.010068087603978301
(3,2): 0.013362069207375428
(3,4): 0.044485938145586296
(3,25): 0.020855954717801106
(4,3): 0.00029842392404228813
(4,5): 0.01587633490136323
(5,4): -0.003376978616033982
(5,6): -0.02067813041207708
(6,5): 0.04727542708123669
(6,7): -0.026611803263143316
(6,24): 0.046461094076578176
(7,6): 0.0013195489128495633
(7,8): 0.010874595704682948
(8,7): 0.03586917803072062
(8,9): 0.06408058236946136
(9,8): 0.09222227821298049
(9,10): 0.1306585026815118
(9,23): 0.05712563342910243
(10,9): 0.06718690513832344
(10,11): 0.014563955579402986
(11,10): 0.049528584037205274
(11,12): 0.006684878962429357
(12,11): 0.042729675911204204
(12,13): 0.021389806557708387
(12,22): 0.07273055749179075
(13,12): -0.035260922802792784
(13,14): -0.0013293905544147372
(13,18): 0.004680489792974767
(14,13): 0.03601615202186707
(14,15): -0.00987155019724772
(15,14): -0.002554796243863228
(15,16): 0.0012707344142036364
(16,15): 0.0005580324330455436
(16,17): 0.02086493861540071
(17,16): -0.002103144239057378
(17,18): 0.017447834863613586
(17,21): 0.016752176935632995
(18,13): -0.0037555825648183283
(18,17): -0.01800000036450218
(18,19): 0.01115755323415476
(19,18): 0.007456430469298997
(19,20): 0.007645408890331191
(20,19): 0.0003237515178942901
(20,21): -0.027545059437881988
(21,17): 0.005355750031300025
(21,20): 0.03164658922500248
(22,12): -0.00026212472375382627
(22,23): 0.019396443966464328
(23,9): 0.04301193220023346
(23,22): 0.006713574294983121
(24,6): -0.0037342732562419155
(24,25): 0.003407156304983595
(25,3): -0.0005257033771686359
(25,24): -0.0012798259372832196
(26,1): 0.03214694463955691
(26,27): 0.039836294115827064
(26,35): 0.011006775022969473
(27,26): -0.008367074051092653
(27,28): -0.0035840077573894226
(28,27): 0.030253270865506693
(28,29): -0.01878989080122304
(29,28): 0.006406153534164529
(29,30): -0.0045050753353663665
(29,34): -0.004228363903297871
(30,29): 0.011000522008353088
(30,31): -0.00028166091892076943
(31,30): -0.0005832370758018541
(31,32): 0.005065783886188564
(32,31): -0.0016563544729992588
(32,33): 0.0012920119237933598
(33,32): -0.004867614192464075
(33,34): -0.0018928564669521886
(34,29): -0.001426040757341426
(34,33): -0.00016833953168339036
(34,35): 0.012384198090107547
(35,26): 0.0034449261411516174
(35,34): -0.004427891249150954

Sum of Shapley values: 1.0397529409117066

Minimal top k set edge index:
[[9, 9, 12, 10, 8, 9, 11], [10, 8, 22, 9, 9, 23, 10]]

FID+: 0.9259926378726959

Pertinent positive set edge index:
[[9, 9, 12, 10, 8, 9, 11, 6, 6, 3, 23], [10, 8, 22, 9, 9, 23, 10, 5, 24, 4, 9]]

FID-: 0.1519768238067627

