Test set index: 53

Target Class: 0

Target compound: TARGET

Sum of Shapley Values: 1.063363945605941

Shapley values:
0.09432652353165866
-0.023202510545090954
-0.003279901916205766
0.05308304838396607
0.11091826695321828
-0.019131555278363722
-0.1094176373173057
0.043662711311424705
-0.005724171745998397
-0.005975597620197925
0.02120566497483825
-0.0004332445000484972
-0.00016825082120717905
0.0007283879129561046
-0.0007437887379979223
0.00750827048731754
-0.005579686721662277
0.019937781150514245
-0.007961220500365407
-0.015449578425071974
-0.0010514478766941574
0.052763575203191825
-0.005484670586099312
0.021773507561903063
-0.01874868682922702
0.016913126562905362
0.005081827081605308
0.05063856340119239
0.09145823235400861
0.13039978082449957
0.17516283411796243
0.1329775629529397
0.006689607906518013
0.019855878417453884
-0.003084480326954283
0.05021022388316492
0.0647302999585888
0.03838645601929359
0.039490016482766586
-0.03136426584774183
0.001117819227681072
-0.004580730371895473
0.0003532801413400928
-0.0009255300472499881
0.0076828449205904705
-0.0028704180009729834
0.008153031581280763
0.0031497701290839563
0.0027208137322389013
0.015256747820291043
0.004900181933117733
-0.004009539143154674
9.210996414059628e-05
0.0021618492411630895
-0.00687981522527216
0.004131680055147917
0.0011831732350111135
0.013167723637216317
-0.0007064325947543229
-0.019562588842956263
-0.008706305961529279
0.0005581700662670834
-0.0012414443426940554
0.023806995920628578
0.011702510014243682
0.02160659667932245

Minimal top-k Set:
Set indices on edge ranking: [30, 31, 29, 4, 0]
Set edge index: tensor([[14, 14, 14,  2,  0],
        [15, 28, 13,  3,  1]], device='cuda:0')
FID+: 0.9999861146552576

Pertinent Positive Set:

Pertinent set edge index: tensor([[14, 14, 14,  2,  0, 13],
        [15, 28, 13,  3,  1, 14]], device='cuda:0')
FID-: 2.384185791015625e-07
Minimal top-k Set GNNExplainer:
Set indices on edge ranking: [26, 34, 30, 22, 48, 38, 36, 11, 61, 40, 15, 37, 31, 27]
Set edge index: tensor([[12, 16, 14, 10, 22, 17, 17,  5, 27, 18,  7, 17, 14, 13],
        [13, 15, 15, 11, 21, 27, 16,  6, 28, 19,  8, 18, 28, 12]],
       device='cuda:0')
FID+: 0.9996934817754664

Pertinent Positive Set GNNExplainer:

Pertinent set edge index: tensor([[12, 16, 14, 10, 22, 17, 17,  5, 27, 18,  7, 17, 14, 13],
        [13, 15, 15, 11, 21, 27, 16,  6, 28, 19,  8, 18, 28, 12]],
       device='cuda:0')
FID-: 0.47467291355133057