Test set index: 53

Target Class: 0

Target compound: TARGET

Sum of Shapley Values: 1.0432050626392164

Shapley values:
-0.01611197362868009
0.06983291072520259
-0.019366949900830502
0.008688786813075307
0.07147780613181108
-0.00799157987312118
-0.03209690325675458
0.04326347914774378
-0.02128081426378638
0.0016709408757588306
0.008375309397006198
-0.004542143456230221
-0.0002695302053744468
0.017099361702836293
-0.02331185719402635
0.009310068310176126
-0.0016895460597943642
0.1673820975896743
-0.002070257469580523
-0.033998729209089106
-0.06864657850522345
0.008008268404718556
-0.012689658175404439
0.027172980405293038
-0.029926838717038214
0.03200784290847464
-0.00370101779975613
0.04548131415509971
0.01178400973085926
0.11321775797870626
0.20322726770554803
0.0940849542549388
0.011821517118140541
0.03121749891245936
0.038252286315582966
0.06126037350592389
0.08135576064491545
-0.010220718774698996
0.0532072305743009
-0.009331478841828547
-0.005122805473924828
-0.009954017763461838
0.01688380484032578
-0.0014146929075157931
0.0005983850894804516
-0.0020216561944630482
0.0016959941132439838
0.0025789684419589643
0.0012781182129686316
0.0020638175960745763
0.009786296510674919
0.005701681949192201
-0.0015730948247508964
0.009263052111433199
0.002926368230686802
-0.000557213332773612
0.010746785448990543
0.006055018549588964
-0.002756704233509173
-0.00528231976272777
0.06022630182350707
-0.00014219547014381105
0.00807673104523869
0.017127244176230114
-0.007133735929460698
0.01220168241532451

Minimal top-k Set:
Set indices on edge ranking: [30, 17, 29, 31, 36]
Set edge index: tensor([[14,  8, 14, 14, 17],
        [15,  9, 13, 28, 16]], device='cuda:0')
FID+: 0.8277157098054886

Pertinent Positive Set:

Pertinent set edge index: tensor([[14,  8, 14, 14, 17,  2,  1, 16],
        [15,  9, 13, 28, 16,  3,  0, 17]], device='cuda:0')
FID-: 0.042880892753601074
Minimal top-k Set GNNExplainer:
Set indices on edge ranking: [23, 64, 47, 34, 50, 29, 49, 26, 32, 7, 18, 13, 35, 46, 40, 55, 52, 28, 22, 27, 9, 65, 24, 15, 62, 33, 48, 61, 16, 8, 54, 44, 51, 53, 21]
Set edge index: tensor([[11, 29, 21, 16, 22, 14, 22, 12, 15,  4,  8,  6, 16, 21, 18, 25, 23, 13,
         10, 13,  4, 29, 11,  7, 28, 15, 22, 27,  8,  4, 24, 20, 23, 24, 10],
        [10,  4, 22, 15, 26, 13, 23, 13, 14,  2, 29,  7, 17, 20, 19, 24, 24, 14,
         11, 12, 29,  8, 12,  8, 14, 16, 21, 28,  7,  5, 25, 19, 22, 23,  9]],
       device='cuda:0')
FID+: 0.546959787607193

Pertinent Positive Set GNNExplainer:

Pertinent set edge index: tensor([[11, 29, 21, 16, 22, 14, 22, 12, 15,  4,  8,  6, 16, 21, 18, 25, 23, 13,
         10, 13,  4, 29, 11,  7, 28, 15, 22, 27,  8,  4, 24, 20, 23, 24, 10,  8,
         14],
        [10,  4, 22, 15, 26, 13, 23, 13, 14,  2, 29,  7, 17, 20, 19, 24, 24, 14,
         11, 12, 29,  8, 12,  8, 14, 16, 21, 28,  7,  5, 25, 19, 22, 23,  9,  9,
         15]], device='cuda:0')
FID-: 0.01066887378692627