[0.012110083744468562,
 -0.009579256824935017,
 0.00924069170032678,
 -0.006272003490027883,
 0.05029222306621943,
 -0.0064486503976246565,
 -0.0030202092425677687,
 0.035725916636328396,
 -0.017611324440125378,
 0.009552591506066452,
 0.04576665674418846,
 0.0048142257920136345,
 0.0015136245455354821,
 0.0013186724474373254,
 0.002151095533394539,
 0.0014521614953750244,
 0.003037909509463623,
 0.049349087303754126,
 0.02701740197029929,
 -0.027033132320729153,
 0.0369998238736382,
 -0.0014323413394381607,
 0.06270622058171288,
 0.036293988578718246,
 0.09197012724064269,
 0.03447599794748399,
 0.27090186395521376,
 -0.013415145628689555,
 -0.04079533864858551,
 0.26852847843816774,
 -0.049812704644210476,
 0.054794835681994815,
 0.05531470293752313,
 0.0114658801602206,
 -0.03975429534561502,
 0.01579099906545137,
 -0.003788871334493625,
 -0.0031382410152664664,
 -0.0060415546036774355,
 0.004499915959666679,
 0.02161837355875362,
 0.01508925247668442,
 0.028464165557980335,
 -0.040548647610464526,
 0.013277521952741799,
 0.002259279484128149,
 0.008008856685612045,
 0.0024117402798856267,
 0.002537598229694041,
 -0.005003279580986232,
 0.0005701683756764488,
 -0.002346923186410091,
 -0.00011656131855111593,
 0.00016425803735516155,
 -0.003676230323911241,
 0.0023188918690289916,
 0.0017529700568069775,
 -0.0023325118841717824,
 -0.006507337011481163,
 0.002111535174188515,
 0.026654780540222633,
 -0.002439551373893458,
 0.003138593772235298,
 0.004107312263711549,
 -0.009701231844813758,
 0.005375487554103703,
 -0.012332787081053792,
 -0.0028533274183735573,
 0.006160322891668306,
 -0.0011066401185251676,
 0.036620476890388554,
 0.02279141066003755]