Test set index: 691

Target Class: 1

Target compound: RANDOM

Sum of Shapley Values: 7.905960083007816e-05

Shapley values:
1.0609626770019531e-07
-1.1920928955078126e-08
8.344650268554688e-09
-5.269050598144531e-07
0.0
-4.76837158203125e-09
-7.927417755126954e-07
5.841255187988281e-08
-7.152557373046875e-09
-1.5497207641601563e-08
1.0967254638671875e-07
-5.424618721008301e-06
-3.3855438232421873e-07
9.926199913024902e-05
-7.510185241699219e-08
2.0265579223632814e-08
4.76837158203125e-09
0.0
9.775161743164062e-08
1.1920928955078126e-08
-3.5762786865234374e-09
2.384185791015625e-09
-3.5762786865234374e-09
-2.503395080566406e-08
-2.9814243316650392e-06
0.0
-1.0848045349121094e-07
-3.5762786865234374e-08
-2.384185791015625e-08
0.0
-7.152557373046875e-09
0.0
0.0
4.76837158203125e-09
-3.695487976074219e-08
2.1457672119140624e-08
-5.960464477539063e-09
2.1100044250488281e-07
-3.5762786865234374e-09
0.0
2.211928367614746e-06
1.2260675430297852e-06
-9.5367431640625e-09
-3.0159950256347654e-07
-7.869005203247071e-06
5.483627319335938e-08
5.960464477539063e-08
-5.415081977844238e-06
-5.960464477539063e-09
2.86102294921875e-08
5.733966827392578e-07
-7.152557373046875e-09
1.0967254638671875e-07
-2.1457672119140624e-08
-5.245208740234375e-07
-1.9073486328125e-08
-2.2768974304199218e-07
1.0728836059570312e-08
-9.143352508544922e-07
6.139278411865235e-07
