Test set index: 168

Target Class: 0

Target compound: TARGET

Sum of Shapley Values: 0.8261592588871128

Shapley values:
-0.023493476077255764
0.026415292141314523
0.04892024522533575
-0.05507220069721825
-0.05966940317898661
-0.019191866652562693
0.018990229892358455
-0.013436061243662962
0.010565165287212607
0.0022125366137981926
0.0003680961349800782
-0.02952429742995264
0.01809305551457669
-0.021936932208056988
-0.001754768964374307
0.005025885490556448
0.0001306391232265014
0.02620531481022226
0.011267991523000091
0.018007496674322283
-0.012117583444183424
0.019213745167395616
-0.011439940478516047
-0.006453547292985604
0.01970219530274335
0.02618986877051654
-0.0156463516210124
-0.006329210960477667
-0.011967715189873046
-0.007576851114145882
0.09719377085885299
0.17004187650316338
0.021536021683782564
-7.611254229288988e-05
0.014522921210370044
-0.005208072744235324
0.02929402639362024
-0.018627399836919096
0.04680144531273982
0.02586926524512819
0.013645455109708564
0.025509706624566208
0.06307065160746789
0.08722696132543434
0.2010614792393585
0.09401677824941118
-0.061251632497371415
0.04791149485402829
0.02552181312589255
-0.04658786777887961
0.085897015239687
-0.0028654160473797676
-0.001341797390591637
-0.06327927413363113
-0.029825853946482114
-0.03548078910321351
0.0064808861440195644
-0.01943794771434483
0.021168955733072606
-0.006404633484635269
0.012325915395322226
0.024989367955504348
-0.019722742158910476
0.042818871576354806
-0.00019018340259858491
-0.03948418385236737
0.028528276312914613
0.011985113731458767
0.026906360982416163
-0.009590611487992647
0.03647672437763731
-0.002531616668201053
-0.029510171312295802
-0.01179514187935638
-0.0003757128744473448
0.013247713833051905

Minimal top-k Set:
Set indices on edge ranking: [44, 31, 30, 45, 43, 50, 42]
Set edge index: tensor([[19, 13, 13, 19, 19, 22, 18],
        [20, 33, 14, 31, 18, 21, 19]], device='cuda:0')
FID+: 0.9917495166882873

Pertinent Positive Set:

Pertinent set edge index: tensor([[19, 13, 13],
        [20, 33, 14]], device='cuda:0')
FID-: 0.355316698551178
Minimal top-k Set GNNExplainer:
Set indices on edge ranking: [33, 23, 44, 65, 16, 62, 39, 46, 63, 59, 70, 67, 61, 14, 60, 66, 48, 68, 41, 49, 43, 69, 42, 15]
Set edge index: tensor([[14, 10, 19, 28,  7, 27, 17, 20, 27, 25, 31, 29, 26,  6, 26, 29, 21, 30,
         18, 21, 19, 30, 18,  7],
        [15, 11, 20, 27,  8, 26, 16, 19, 28, 26, 19, 27, 27,  7, 25, 23, 20, 22,
         17, 22, 18, 31, 19,  6]], device='cuda:0')
FID+: 0.8336127996444702

Pertinent Positive Set GNNExplainer:

Pertinent set edge index: tensor([[14, 10, 19, 28,  7, 27, 17, 20, 27],
        [15, 11, 20, 27,  8, 26, 16, 19, 28]], device='cuda:0')
FID-: 0.43305814266204834