Test set index: 168

Target Class: 0

Target compound: TARGET

Sum of Shapley Values: 1.0914644001090321

Shapley values:
-0.0644032316542897
0.051899275213082505
0.06137661424151652
-0.0103395002507597
-0.01945810080800454
-0.03026019782681582
0.009835974076898946
-0.008210299538964209
0.006566657212893312
0.050844620698262316
0.012639465679994832
-0.04763728679436733
-0.03477455277599592
0.04943933015427524
0.022821147569847676
-0.01382898962878151
0.016333972844935297
0.01875625438400944
0.004020724941264072
0.0042991533879131955
-0.010393523897977923
0.0004160843327737607
-0.004450971543127296
0.0017402966261885616
0.0006943303979600771
0.0026915798541401674
0.00321264539980491
-0.0033782185982318014
0.021338231369552978
0.022840293584910288
0.047432135432712276
0.053496270806374424
0.0729945960670751
0.0034467249954281813
-0.005217798951397204
0.011913766108302177
0.018873461366468506
-0.07157259793161103
0.00921797571125219
0.045255966201624025
-0.0013564307329132625
0.007002613266075395
0.04696201949698949
0.004706416317402928
0.14245198860795644
0.12554564530194093
-0.018304508948594568
0.07572558941688574
0.01843026602777966
0.014289591832931074
0.21348965388103086
-0.005084087129152542
0.060650522563936375
-0.011966783496473274
-0.007213906233982571
-0.007635626138339893
0.010265800451325045
-0.0039730363166909834
0.0020990354345839933
0.00014686879774183933
0.001287076926827349
0.0011194105951524535
-0.002326214863761801
-0.008399520081805986
-0.0009802119427800864
0.006775649052123702
0.006667472976978672
-0.0013622112497695487
0.02228354020375594
-0.0014128914276842863
0.013316069593551624
0.01638591075495852
0.020629680835966703
0.016725360334640317
0.031101126431886877
0.002950241109422535

Minimal top-k Set:
Set indices on edge ranking: [50, 44, 45, 47]
Set edge index: tensor([[22, 19, 19, 20],
        [21, 20, 31, 21]], device='cuda:0')
FID+: 0.9776973836123943

Pertinent Positive Set:

Pertinent set edge index: tensor([[22, 19, 19, 20, 14,  1, 22],
        [21, 20, 31, 21, 13,  2, 30]], device='cuda:0')
FID-: 0.2396242618560791