Test set index: 168

Target Class: 0

Target compound: TARGET

Sum of Shapley Values: 1.0249633636412327

Shapley values:
0.03818473100405011
0.03763348906272721
0.04402953102297527
-0.011847642248133445
-0.05060886734597722
0.03931305431892744
0.04997859670879224
-0.0013839739435689805
-0.014580104306263117
0.0052701797381324
-0.019233963900020568
-0.002909178686768798
0.0002247625114027819
-0.00398984784347319
0.0017288142107673493
0.011862961148383424
0.008058121464950005
0.015560893510116313
0.013648814029634937
0.002729893270118458
-0.0122993575231952
0.009753379968238128
-0.006214843176708733
0.0009097236138998494
0.0033359356358597307
0.009963460107781638
0.0015566805004269583
-0.010686938544889592
0.013355676746477496
0.012885931981616628
0.0486333475570523
0.07835652491832507
0.02655212498304886
0.007061363599886511
0.016015042796857025
-0.006461102980759598
0.02665012816420726
-0.015106144454555612
0.07669787693568864
0.008061724980165483
0.007980583370017608
0.02629793119358716
0.014313133713756249
0.0831186328597581
0.0924088873857631
0.12918039244821317
-0.010541140601033266
0.0843982679857991
-0.00963228901356838
-0.008339853906958234
0.09199017606476674
0.00046241923255984653
0.06449488163495129
-0.017713442736652568
-0.0027159551189726862
-0.006623205325638867
0.007696098216206885
-0.007008835627395616
0.005701970027479043
-0.01150425906310012
0.004640552422325738
-0.0013754999885642672
-0.00039353957777800013
-0.010465010458714247
0.010243365686839328
0.007875630101105207
0.0056394058323653625
-0.008308275084831514
0.006675820124225895
-0.021121215310856072
-0.014338811346179103
0.013083838560590871
-0.011924273312818763
-0.0003524982598137907
0.012399482600071116
0.04602919937753091

Pertinent Negative Set:
Pertinent set indices on edge ranking: [45, 44, 50, 47]
Pertinent set edge index: tensor([[19, 19, 22, 20],
        [31, 20, 21, 21]], device='cuda:0')
FID+: 0.9903970435261726

Pertinent Positive Set:

Pertinent set edge index: tensor([[19, 19, 22, 20, 19, 13, 16, 22,  3, 13, 33,  1,  2],
        [31, 20, 21, 21, 18, 33, 32, 30,  1, 14, 32,  2,  1]], device='cuda:0')
FID-: 0.4127050042152405
Pertinent Negative Set GNNExplainer:
Pertinent set indices on edge ranking: [48, 15, 74, 55, 68, 67, 35, 72, 69, 75, 20, 39, 41, 9, 40, 49, 37, 34, 30, 42, 13, 58, 70, 36, 73, 61, 32, 23, 47, 25, 10, 33, 56, 63, 64, 18, 46, 43]
Pertinent set edge index: tensor([[21,  7, 33, 23, 30, 29, 15, 32, 30, 33,  9, 17, 18,  4, 17, 21, 16, 15,
         13, 18,  6, 25, 31, 16, 32, 26, 14, 10, 20, 11,  4, 14, 24, 27, 27,  8,
         20, 19],
        [20,  6, 13, 29, 22, 27, 16, 16, 31, 32,  8, 16, 17,  3, 18, 22, 17, 14,
         14, 19,  5, 24, 19, 15, 33, 27, 13, 11, 21, 12,  5, 15, 23, 28, 29,  7,
         19, 18]], device='cuda:0')
FID+: 0.8699690699577332

Pertinent Positive Set GNNExplainer:

Pertinent set edge index: tensor([[21,  7, 33, 23, 30, 29, 15, 32, 30, 33,  9, 17, 18,  4, 17, 21, 16, 15,
         13, 18,  6, 25, 31, 16, 32, 26, 14, 10, 20, 11,  4, 14, 24, 27, 27,  8,
         20, 19, 27,  5, 19, 26, 13],
        [20,  6, 13, 29, 22, 27, 16, 16, 31, 32,  8, 16, 17,  3, 18, 22, 17, 14,
         14, 19,  5, 24, 19, 15, 33, 27, 13, 11, 21, 12,  5, 15, 23, 28, 29,  7,
         19, 18, 26,  4, 20, 25, 33]], device='cuda:0')
FID-: 0.00035452842712402344