Sum of Shapley Values: 0.0013796281787673485

0.0004159353382419795
-0.0017649578569549703
-0.00045185685865581035
-0.0019469309521588343
-3.8028716764529236e-05
-0.0005540790416765958
-0.0020021670829672073
0.0023552785618781856
0.0016013258951054013
-0.0019182960257050582
0.001006661930426253
0.000326645079816808
0.0007269571473416363
-0.0039004298736874943
-0.00041258259408641606
0.0029521758670272447
0.0024655783969971708
0.0004947618953416281
0.0009412409973599551
0.0008516424105444458
0.004323804670432844
-0.00037451901105705476
0.00011277381109248381
-9.7921186638996e-05
-0.0009135134095326066
6.866416661068797e-06
4.444390634453157e-05
0.00012929849526844918
-6.885826742254721e-05
-5.273946179449922e-05
-2.2732869809260593e-05
-0.0007606927836495743
-0.00037828689199668585
-5.192182964301537e-05
-0.0021936126830441934
0.001354142379041332
0.0009035541039425879
-0.0010885051599463622
-0.004415804870064096
0.0037749783031591506
