Test set index: 137

Target Class: 0

Target compound: TARGET

Sum of Shapley Values: 0.8056760243737774

Shapley values:
-0.14569096033452664
0.14063440118747317
0.20253629396794623
0.030359205552208602
-0.06017211570862582
-0.1427595187243683
0.009599240123380981
-0.009841866070189179
0.010486671147018713
0.010499566335232715
-0.0040194510136512705
0.007408145673523342
-0.05111644483096857
0.0013524594339293086
0.023176318316459922
-0.03678508536429785
-0.03289873273684129
0.0020770516999301975
0.03079908379272272
0.012884348582343982
-0.003334065591014809
0.009675505391578403
-0.007891975955369309
0.009811263174368595
-0.004514052889024896
0.013939359670526506
-0.0038656323218105863
0.00044299604820111413
-0.00679984092315827
-0.019433666425504044
0.014963866265553183
-0.0036822378446906066
0.02946243887762469
0.029184572746102946
-0.019384324211149207
0.012216788497031911
-0.006378175839752401
-0.036077285393075746
0.043403046806847305
-0.005587902378390638
0.024171164612494023
0.016478122038262745
-0.10754437195582014
0.09375478934429005
-0.004685524473949657
0.01742689678117463
0.07775404956625297
-0.03615555895506178
0.09585064570050637
0.11448634194427687
0.03089473844269811
0.02962813711925837
-0.011345726157679767
0.08518015449708327
0.07614933915778135
0.006008673240519569
0.053243176415158036
-0.028085018044963696
0.024136509156366545
-0.020130292271228978
-0.04568159554985199
-0.020555196240941792
0.07587633187664401
-0.014094410058234481
0.012484895845406184
-0.002433835473283869
-0.0002806330740357141
0.02021589898066332
-0.011244563081173085
0.0187749233226879
-0.012021979174009228
0.019384381849985255
0.012166223728463455
-0.0005417100981899277
0.03206165368594225
0.02710315544632919
0.009008326005876869
-0.04918417698614978
0.08751832402458094
-0.01006786863191395
0.0640263270187133
0.011266016065254396

Minimal top-k Set:
Set indices on edge ranking: [2, 1, 49, 48]
Set edge index: tensor([[ 1,  1, 21, 21],
        [ 2,  0, 35, 22]], device='cuda:0')
FID+: 0.751769408583641

Pertinent Positive Set:

Pertinent set edge index: tensor([[1],
        [2]], device='cuda:0')
FID-: 0.002049267292022705