Test set index: 137

Target Class: 0

Target compound: TARGET

Sum of Shapley Values: 0.7208964255162474

Shapley values:
-0.06641240489064508
0.0703421709067856
0.08911658986878274
-0.004508281052052098
-0.026145477313497173
-0.04642507230555266
-0.0038907607555552287
-0.012270123518550533
-0.007331569763634555
0.01883359405426317
-0.003757465465646075
0.0012261784328644373
-0.004821724694905761
-0.0191446739372396
0.007403224247698309
-0.005610940328196156
-0.0034208700774820866
0.00024238658450284178
0.00521623632397893
-0.005100382855803236
0.0018081947265743224
-0.0031138207367738236
0.0013580413276929762
0.0014257344022622195
-0.0030636587709197837
0.005279384096679657
0.008968435412182852
-0.006341126385898439
-0.0026675084139074533
-0.013332561442550437
0.027607354655514574
0.04840568185994916
0.012709383010477382
0.022402828423929835
-0.03325212543174804
-0.017113251131053914
0.0015890520614906842
-0.014829912699207663
0.0172139930462498
0.0007537174512008645
0.005754343366984522
0.03913930768743587
0.0013283864767412086
0.032119332602252686
0.021460929897998623
0.014431861208015241
0.025467207772762283
0.07594222726268468
0.15869359459584373
0.09446399602811902
0.009726858915495622
0.0019513584853797473
0.006018695718194832
0.010819865731919882
0.06567479041580429
0.03678724971127854
0.04589306042622817
-0.04410158482297524
0.01646667816573089
-0.010173554111631273
-0.010334937830888603
0.0016113599258628295
0.010780197102818573
-0.006019662175740777
0.012950756115695761
-3.5182003482712047e-05
0.00013941353026681807
0.03352545125344089
0.0026093905406204664
-0.003465699964560678
7.782549715690124e-05
-0.001568234833221446
0.0008332059487107574
0.0038243403674404386
0.011736654248770488
0.01360969020075833
-0.0010386774530147121
-0.005040604442888487
-0.007517317942788199
-0.005854742367641588
0.013376086694443439
0.009484038647965164

Minimal top-k Set:
Set indices on edge ranking: [48, 49, 2, 47]
Set edge index: tensor([[21, 21,  1, 21],
        [22, 35,  2, 20]], device='cuda:0')
FID+: 0.9977263945620507

Pertinent Positive Set:

Pertinent set edge index: tensor([[21, 21,  1, 21,  1, 24],
        [22, 35,  2, 20,  0, 23]], device='cuda:0')
FID-: 0.281619131565094
Minimal top-k Set GNNExplainer:
Set indices on edge ranking: [79, 10, 81, 18, 11, 43, 41, 73, 39, 25, 47, 50, 49, 69]
Set edge index: tensor([[34,  4, 35,  8,  5, 19, 18, 32, 17, 11, 21, 22, 21, 30],
        [35,  5, 34,  7,  4, 18, 17, 31, 18, 12, 20, 21, 35, 29]],
       device='cuda:0')
FID+: 0.5384732484817505

Pertinent Positive Set GNNExplainer:

Pertinent set edge index: tensor([[34,  4, 35,  8,  5, 19, 18, 32, 17, 11, 21, 22, 21, 30, 23, 29, 20, 13,
         30, 18, 35, 23, 16, 19, 16, 34, 14, 20,  1],
        [35,  5, 34,  7,  4, 18, 17, 31, 18, 12, 20, 21, 35, 29, 24, 30, 19, 18,
         31, 13, 21, 22, 17, 20, 15, 24, 15, 21,  2]], device='cuda:0')
FID-: 0.05715012550354004