Test set index: 137

Target Class: 0

Target compound: TARGET

Sum of Shapley Values: 0.9541735782060977

Shapley values:
0.005599295787214353
0.04171755571687691
0.01794878795873396
-0.0014417123918101444
-0.03630757835927831
0.060727700993358245
0.03304391880864169
-0.011092781355285276
0.0070413200447525
0.020003824570896618
0.0036322787184831944
-0.0007052975628425959
-0.0063477742058581635
-0.010562747589865484
0.003003115750851043
-0.0223007043368544
-0.011376604091255366
0.0017653141213207547
0.0022206926509945792
0.0008672768441500882
0.0028275465086478966
0.0015351090007963406
-0.005528176034597837
0.007750787181191407
-0.0024890225118177666
0.02191929460839665
-0.006171218198491535
-0.005070050753062554
-0.0042677063208708685
-0.0016989994469215786
0.06301857717850527
-0.00468494427819002
-0.013118861918105065
0.031015561254692497
-0.017553973751433288
0.015450778028333986
-0.0152017453791306
-0.02128915442503824
0.03950012257809114
-0.020860998660107447
0.004764844614506168
0.13984104327158042
-0.022049754624105734
0.010115514293112415
0.01265642780354129
0.06346414569904091
0.03192885230502422
0.1269622605415259
0.11997019527432325
0.10902758055909344
-0.005115260778668761
0.01160224988108723
0.024060444014130367
0.008723186532303506
0.1067507898114788
0.024658687575297655
0.01485732951247215
-0.017488594570784527
0.033912197613001266
-0.0019098338787089653
-0.051222673719217064
-0.02629441046901506
0.03419948842950404
0.005889336175821734
0.007576138380856214
0.001103021012245044
0.0077869669858978766
0.01736476463026816
0.004622989800746425
-0.00868283818929934
8.29107051457584e-05
-0.0001624463916808374
-0.0004079680461340287
0.011142832206102989
0.006333570011875745
-0.016267227275308695
-0.0014473082293961533
0.003208453523154088
-0.016677594604967583
0.012008576884716389
0.01340622461241476
-0.008640340410996478

Pertinent Negative Set:
Pertinent set indices on edge ranking: [41, 47, 48, 49]
Pertinent set edge index: tensor([[18, 21, 21, 21],
        [17, 20, 22, 35]], device='cuda:0')
FID+: 0.9999737091675343

Pertinent Positive Set:

Pertinent set edge index: tensor([[18, 21, 21, 21, 24, 20, 13,  2,  1, 17, 27, 25,  3, 20, 14],
        [17, 20, 22, 35, 23, 19, 14,  1,  0, 16, 26, 26,  1, 21, 15]],
       device='cuda:0')
FID-: 0.2508493661880493
Pertinent Negative Set GNNExplainer:
Pertinent set indices on edge ranking: [55, 74, 56, 6, 48, 54, 9]
Pertinent set edge index: tensor([[24, 32, 24,  3, 21, 24,  4],
        [25, 33, 34,  1, 22, 23,  3]], device='cuda:0')
FID+: 0.9971033914480358

Pertinent Positive Set GNNExplainer:

Pertinent set edge index: tensor([[24, 32, 24,  3, 21, 24,  4, 18, 14, 13, 22,  4, 13, 19, 29, 21, 34],
        [25, 33, 34,  1, 22, 23,  3, 17, 13, 14, 21,  5, 18, 20, 28, 35, 24]],
       device='cuda:0')
FID-: 0.03127938508987427