Test set index: 3

Target Class: 0

Target compound: TARGET

Sum of Shapley Values: 0.8859757050613044

Shapley values:
-0.006745429330337715
0.04034985435230512
-0.007798038717958822
0.024275013021958402
0.04222392355423672
0.013532623482337242
0.006994163675732476
0.026346583356163533
-0.0051700210069523
-0.024717992530218794
0.02523793653545646
0.04185579653516557
0.007646301885097366
-0.004780106358309822
0.03686520249905455
-0.022434686491680327
-0.0003832353465371183
0.04629905276223847
0.05721347669714514
0.00998747550347414
0.015552204761649034
-0.006389503458460144
0.02898025213333728
-0.008141457549661437
0.00447409960583175
0.013721707746626394
0.043922543897042685
0.031298176751139474
0.07952302609601414
0.08184702468850778
0.12651440974950978
0.05355729034410753
0.01727027031054659
-0.01157216203378352
0.04315229998372654
0.023250760671257906
-0.0016099050417175103
0.04261933341747403
-0.018075086876396772
-0.013548695996290874
-0.012436463873427417
0.015706184540898803
-0.012530985707230378
0.0015020897400977768
0.004291799912900493
-0.00570058423943131
0.002993113228251094
-0.007024522102924849
0.001311272871867829
0.016523984551732568
-0.0056770509259068905
-0.014833109612915148
-0.0014979498695194627
0.04430745062286124
0.03631878180401768
-0.027221550257200303
0.0061656280211491036
-0.009215179998374767
-0.0437437853251536
-0.019191157207058156
-0.01860603721702406
0.024434337527646628
0.018652263006199037
0.03830269229101724
