Interaction name: 5b25

Affinity: 10.239999771118164
Predicted class: 1
Predicted probability: 0.7841199636459351
Sum of phi edges: 0.6350805620849131

Interaction statistics:

Number of total edges connecting protein pseudo-atoms: 14
Number of total edges connecting ligand pseudo-atoms: 104
Number of total edges connecting protein and ligand pseudo-atoms: 55

Pertinent positive set edge index: tensor([[33,  9,  9, 38, 15, 25, 17, 15, 30, 14, 15, 49, 32, 38, 34, 44, 34, 10,
         49, 40, 13, 24, 43, 24, 44, 49, 50, 21, 14, 18, 47, 43, 26, 46, 10, 34,
          1, 49, 18, 15, 49, 16, 15, 29, 48, 49, 46, 34, 16, 15, 16, 10, 15, 13,
         44, 16, 48, 48, 25, 15, 34, 16, 45, 46, 21, 35, 44, 25, 44, 38],
        [ 7, 36, 35, 23, 45, 37, 47, 42,  1, 33, 38,  8, 13, 13, 11, 13,  9, 39,
         41, 11, 38, 47, 14, 48, 24, 21, 29, 32, 41, 46, 17,  8, 39, 17, 34, 19,
         30, 24, 48, 32, 10,  6, 19, 17,  6, 18, 25, 16, 40, 49, 48, 26, 18,  1,
         21, 43, 24, 18, 45, 26, 21, 44, 25, 18,  4,  9, 16, 46, 20, 15]],
       device='cuda:0')

FID- using pertinent positive set: -0.041947782039642334

Number of pertinent positive edges connecting protein pseudo-atoms: 1 (7.1%)
% w.r.t. total number of pertinent positive edges: 1.7%)
Number of pertinent positive edges connecting ligand pseudo-atoms: 8 (7.7%)
% w.r.t. total number of pertinent positive edges: 13.6%)
Number of pertinent positive edges connecting protein and ligand pseudo-atoms: 50 (90.9%)
% w.r.t. total number of pertinent positive edges: 84.7%)

Minimal top k set edge index: tensor([[33,  9,  9, 38, 15, 25, 17, 15, 30, 14, 15, 49, 32, 38, 34, 44, 34, 10,
         49, 40, 13, 24, 43, 24, 44, 49, 50, 21, 14, 18, 47, 43, 26, 46, 10, 34,
          1, 49, 18, 15, 49, 16, 15, 29, 48, 49, 46, 34, 16, 15, 16, 10, 15, 13,
         44, 16, 48, 48, 25, 15, 34, 16, 45, 46, 21, 35, 44, 25, 44, 38, 41, 14,
          7, 49, 40, 28, 17, 32, 32, 20, 15, 43, 24, 21, 32,  6, 21, 29, 39, 15,
         28, 18,  0,  0, 34, 40,  8, 44, 33, 23, 47, 29, 22, 11, 10, 39, 17, 41,
         43, 13,  0, 13, 23, 10, 18, 18, 20,  4, 28, 48, 16, 27,  9, 17,  0,  4,
         36,  8, 19,  4, 44,  0, 29, 20, 19,  4,  0,  7, 26, 21, 23, 21, 14,  1,
          4, 37,  5,  3, 14, 23, 14, 30,  3, 27, 27, 20,  4, 26, 29, 28,  1,  8,
         14,  8, 18,  7, 26, 11, 19, 20,  9,  6, 12, 36, 25,  8, 41, 13, 18, 13,
          9, 41,  2, 31,  4,  9, 23, 19, 26, 24, 18, 27, 22, 17,  7, 20, 20, 15,
          9, 26,  7, 28,  3, 12,  6, 24,  3, 19, 31, 24, 30, 50, 21, 29, 26, 23,
         19, 21,  6,  7, 21, 15, 28, 27, 29, 19],
        [ 7, 36, 35, 23, 45, 37, 47, 42,  1, 33, 38,  8, 13, 13, 11, 13,  9, 39,
         41, 11, 38, 47, 14, 48, 24, 21, 29, 32, 41, 46, 17,  8, 39, 17, 34, 19,
         30, 24, 48, 32, 10,  6, 19, 17,  6, 18, 25, 16, 40, 49, 48, 26, 18,  1,
         21, 43, 24, 18, 45, 26, 21, 44, 25, 18,  4,  9, 16, 46, 20, 15, 14, 43,
         33, 15, 16, 10, 46, 21, 15, 32, 20, 16, 49, 34, 20, 16, 49, 20, 40, 44,
         15, 15, 11, 16, 10, 43, 43, 10, 14, 27, 24, 19, 27, 40, 49, 26,  4, 36,
         40, 44,  6, 32, 24, 44, 17, 49, 27, 27,  0, 16, 34, 22,  3, 28, 10, 17,
          9,  3, 34, 24, 15, 26, 50, 44, 27, 19, 28, 29,  0,  7, 19,  1,  3, 15,
         20, 25, 14,  9,  5, 25,  8, 31, 12, 23, 25, 29, 29, 15,  7,  7, 29, 13,
          9,  5, 21,  1, 10,  6, 15, 15, 12, 48,  8, 50, 19,  9, 49,  5,  7, 12,
          5, 50, 30, 49, 15,  8, 20, 29, 18, 25, 28,  4, 24, 15, 21, 24,  4, 17,
         14,  7, 26, 21,  5, 13, 10, 44, 14, 23,  4,  4,  2, 49, 15, 15, 21, 22,
         20, 26,  0, 18, 18,  4, 17, 19,  4,  4]], device='cuda:0')

FID+ using minimal top-k set: 0.3187529444694519

Number of minimal top-k edges connecting protein pseudo-atoms: 5 (35.7%)
% w.r.t. total number of minimal top-k edges: 4.5%)
Number of minimal top-k edges connecting ligand pseudo-atoms: 53 (51.0%)
% w.r.t. total number of minimal top-k edges: 47.3%)
Number of minimal top-k edges connecting protein and ligand pseudo-atoms: 54 (98.2%)
% w.r.t. total number of minimal top-k edges: 48.2%)

Trustworthiness of the explanation: 0.48816601187628006

Number of relevant edges connecting protein pseudo-atoms: 1 (7.1%)
% w.r.t. total number of relevant edges: 1.7%)
Number of relevant edges connecting ligand pseudo-atoms: 6 (5.8%)
% w.r.t. total number of relevant edges: 10.3%)
Number of relevant edges connecting protein and ligand pseudo-atoms: 51 (92.7%)
% w.r.t. total number of relevant edges: 87.9%)

Shapley values for edges: 

(0,6): 0.0010556300729513168
(0,10): 0.0007454316318035126
(0,11): 0.0019791293889284134
(0,16): 0.0019733564555644988
(0,18): -0.0014473605155944824
(0,26): 0.0006254752725362777
(0,28): 0.0005023831874132156
(1,4): -0.0033982903510332107
(1,5): -0.0038681400567293165
(1,7): -0.001473681777715683
(1,13): -0.0029198101162910464
(1,14): -0.0006610296666622161
(1,15): 0.0003710994869470596
(1,21): -0.00034444965422153473
(1,29): 0.0002053828537464142
(1,30): 0.0064737296849489215
(2,4): -0.0002976246923208237
(2,5): -0.005666164308786392
(2,30): 8.277013897895813e-05
(3,5): 2.2178590297698976e-05
(3,8): -9.722121059894561e-05
(3,9): 0.00031877607107162477
(3,12): 0.00028336822986602784
(3,13): -0.0001802077889442444
(3,14): 1.5854835510253906e-05
(4,1): -0.002253999337553978
(4,2): -0.000694313794374466
(4,15): 7.767170667648315e-05
(4,17): 0.0007391189783811569
(4,19): 0.0005308473855257035
(4,20): 0.0003709232807159424
(4,21): -0.0019426599889993668
(4,22): -0.0018240559846162796
(4,24): 0.0006544756889343262
(4,25): -0.0005698899924755096
(4,27): 0.0009148726612329483
(4,29): 0.00024171166121959687
(4,31): -5.072951316833496e-05
(5,1): -0.0027860552817583085
(5,2): -0.008668410778045654
(5,3): -0.000169578418135643
(5,8): -0.0013772246986627579
(5,9): -7.816150784492493e-05
(5,12): -0.00026135370135307314
(5,13): -0.0011982612311840057
(5,14): 0.00034319974482059477
(6,0): -1.0584443807601928e-05
(6,10): 2.054654061794281e-05
(6,11): -0.0012858424708247186
(6,16): 0.0024133891612291335
(6,48): 0.00015194684267044067
(7,1): 0.0001789792627096176
(7,15): -4.507914185523987e-05
(7,17): -4.7847777605056766e-05
(7,18): -1.481957733631134e-05
(7,21): 3.718733787536621e-05
(7,26): 2.9986649751663206e-05
(7,28): -0.0007323352247476577
(7,29): 0.0004977759718894959
(7,33): 0.0036054419726133345
(8,3): 0.0006709186732769012
(8,5): 0.00018625989556312562
(8,9): 0.00013468824326992034
(8,12): -7.89094716310501e-05
(8,13): 0.0002021493762731552
(8,14): -7.452428340911865e-05
(8,43): 0.0019048542529344558
(8,49): -0.002272889241576195
(9,3): 0.0007622743397951126
(9,5): 9.014911949634552e-05
(9,8): 7.035404443740845e-05
(9,12): 0.00015646837651729585
(9,13): -0.00016367465257644654
(9,14): 3.113202750682831e-05
(9,34): -7.59192556142807e-05
(9,35): 0.020516681112349035
(9,36): 0.02203271895647049
(10,0): -0.00034658282995223997
(10,6): -0.0005244319140911102
(10,11): -0.0008920624852180481
(10,18): -5.69462776184082e-05
(10,26): 0.005587146356701851
(10,28): -0.00026780471205711364
(10,34): 0.007124428078532219
(10,39): 0.012003037184476852
(10,44): 0.000974261686205864
(10,49): 0.0013866347819566727
(11,0): -5.457572638988495e-05
(11,6): 0.000171472504734993
(11,10): -0.00024240940809249877
(11,16): -0.0014545737206935882
(11,34): -0.001350972130894661
(11,40): 0.0014462590217590332
(12,3): -0.0014166782051324843
(12,5): -0.016933526545763015
(12,8): 0.0001491236686706543
(12,9): -0.0006308946013450623
(12,13): 2.214960753917694e-05
(12,14): -0.0002782008796930313
(13,1): 0.005489327274262905
(13,3): -0.0006835031509399414
(13,5): 0.00011297859251499176
(13,8): -0.0002622559666633606
(13,9): -0.00018140263855457306
(13,12): 9.69146192073822e-05
(13,14): -0.000295766219496727
(13,32): 0.001035313755273819
(13,38): 0.010376343876123429
(13,44): 0.0011340446770191192
(14,1): -0.00034444570541381837
(14,3): 0.0003735382109880447
(14,5): 0.00031728558242321013
(14,8): 0.0002930332720279694
(14,9): 0.00019467160105705262
(14,12): -0.0006546052545309067
(14,13): -0.00029565081000328065
(14,33): 0.016035795509815216
(14,41): 0.008442499041557312
(14,43): 0.0036570829898118972
(15,1): -0.00046783588826656344
(15,4): -1.7900392413139345e-05
(15,7): -7.334694266319274e-05
(15,17): 3.5967901349067686e-05
(15,18): 0.0055258946120738985
(15,19): 0.006348346173763275
(15,20): 0.0030550723522901535
(15,21): -0.0005821174383163452
(15,26): 0.004917536973953247
(15,28): -0.0007276462763547897
(15,29): -0.00011615067720413208
(15,32): 0.006391031220555305
(15,38): 0.014311606660485268
(15,42): 0.016126358658075334
(15,44): 0.002079202011227608
(15,45): 0.018846925422549246
(15,49): 0.005685684494674206
(16,0): -0.000532534122467041
(16,6): 0.006356900110840797
(16,11): -0.002735915258526802
(16,34): 0.0008083449304103851
(16,40): 0.0057875805348157885
(16,43): 0.005396575629711151
(16,44): 0.004742203429341316
(16,48): 0.005619130358099938
(17,4): 0.001217449903488159
(17,7): -0.00031004145741462706
(17,15): 3.7812143564224246e-05
(17,18): -7.300406694412232e-05
(17,21): -0.00014780431985855102
(17,26): -0.00040771223604679107
(17,28): 0.0007564979046583175
(17,29): -0.00017598390579223633
(17,46): 0.003497813269495964
(17,47): 0.016792693585157396
(18,0): -0.0018496346473693848
(18,7): 0.00010948985815048217
(18,10): -0.0002943328768014908
(18,15): 0.002052036747336388
(18,17): 0.0009652246534824371
(18,21): 0.00018387310206890105
(18,26): -0.00032732367515563964
(18,28): 5.104139447212219e-05
(18,46): 0.008366024121642113
(18,48): 0.0063992107659578325
(18,49): 0.0009308143705129623
(19,4): -3.615759313106537e-05
(19,15): 0.00016657039523124695
(19,20): -5.868077278137207e-06
(19,22): -9.131014347076416e-05
(19,23): 1.2540072202682494e-05
(19,24): -0.00016797959804534912
(19,25): -9.436428546905518e-05
(19,27): 0.0005667796730995179
(19,29): 6.769932806491852e-05
(19,34): 0.0006597806513309478
(20,4): 3.6022961139678956e-05
(20,15): 0.00016021735966205596
(20,19): -7.205910980701447e-05
(20,22): -0.0003468868136405945
(20,23): -0.00019711382687091826
(20,24): 3.643698990345001e-05
(20,25): -0.00023067452013492585
(20,27): 0.0009180560708045959
(20,29): 0.00024477750062942507
(20,32): 0.003158421143889427
(20,44): 0.0005820395797491074
(21,1): 0.0003841324895620346
(21,4): 0.004286312535405159
(21,7): 0.0004681073874235153
(21,15): 2.086162567138672e-09
(21,17): -0.00029482223093509676
(21,18): -1.555100083351135e-05
(21,26): -7.299110293388366e-06
(21,28): -0.0002572302520275116
(21,29): -0.00025748848915100095
(21,32): 0.008465449586510658
(21,34): 0.002439529746770859
(21,44): -0.00025715865194797516
(21,49): 0.002209840789437294
(22,4): -0.010337922796607018
(22,19): -0.00012172363698482513
(22,20): -4.536308348178863e-05
(22,23): -6.189621984958648e-05
(22,24): 3.874562680721283e-05
(22,25): -0.00027589008212089536
(22,27): 0.0014585769921541215
(23,19): 0.0003946617245674133
(23,20): 6.885521113872528e-05
(23,22): -5.638226866722107e-06
(23,24): 0.0010341949760913848
(23,25): 0.00030372388660907743
(23,27): 0.00172604501247406
(23,38): -0.0012844251096248626
(24,4): 3.6791712045669556e-06
(24,19): -0.00022918589413166047
(24,20): -0.00018319137394428252
(24,22): -0.0004444069415330887
(24,23): -8.450105786323548e-05
(24,25): 5.5173709988594055e-05
(24,44): 1.8762275576591492e-05
(24,47): 0.010287157744169235
(24,48): 0.0094684848934412
(24,49): 0.0025385911017656326
(25,4): -0.0009034616500139237
(25,19): 0.00014104768633842467
(25,20): -0.0001671694219112396
(25,22): -7.54953920841217e-05
(25,23): -0.0004983332008123397
(25,24): -7.808320224285125e-05
(25,27): -0.0011916119605302812
(25,37): 0.01806487634778023
(25,45): 0.005016888752579689
(25,46): 0.0038656473904848097
(26,0): 0.00047273196280002596
(26,7): 3.0226558446884156e-05
(26,10): 0.00017245084047317504
(26,15): 0.00023187831044197083
(26,17): -0.0004565773904323578
(26,18): 5.861297249794006e-05
(26,21): -4.718154668807983e-06
(26,39): 0.007833333015441894
(27,4): 4.418186843395233e-05
(27,19): -2.573542296886444e-05
(27,20): -0.0003457321971654892
(27,22): 0.0008025377988815308
(27,23): 0.0002702534943819046
(27,25): 0.0002674151211977005
(28,0): 0.0008258873224258423
(28,7): 0.00021628454327583314
(28,10): 0.0035310141742229463
(28,15): 0.0020618271082639694
(28,17): -2.249389886856079e-05
(28,18): -4.7411471605300904e-05
(28,21): 2.320796251296997e-05
(29,1): -0.000324263796210289
(29,4): -3.268554806709289e-05
(29,7): 0.0002218126505613327
(29,15): 6.705522537231445e-10
(29,17): 0.006170322820544243
(29,19): 0.0014849984645843506
(29,20): 0.002202647104859352
(29,21): -0.00032700791954994203
(29,50): 0.0006075790524482727
(30,1): 0.016094527393579482
(30,2): 2.916678786277771e-06
(30,31): 0.0002882734686136246
(30,37): -0.0007536664605140686
(30,47): -0.004962536692619324
(31,4): 7.5514614582061765e-06
(31,30): -0.00012807786464691162
(31,47): -0.0004738163948059082
(31,49): 8.252076804637909e-05
(31,50): -0.00020103812217712403
(32,13): 0.013239835277199746
(32,15): 0.0031928452849388123
(32,20): 0.002429421916604042
(32,21): 0.0034344333410263063
(33,7): 0.023412847742438316
(33,14): 0.0017483831197023392
(33,34): -0.0007831399142742157
(34,9): 0.012409164682030677
(34,10): 0.0019668278098106382
(34,11): 0.012745168060064316
(34,16): 0.005873567685484886
(34,19): 0.0068842838704586025
(34,21): 0.004853989854454994
(34,33): -0.003433634340763092
(35,9): 0.004181882590055466
(36,9): 0.0006835514307022095
(36,41): -0.00013161271810531615
(36,50): 0.0001439645141363144
(37,25): 0.00036740392446517946
(37,30): -0.003522569201886654
(38,13): 0.013109798729419708
(38,15): 0.0037991257756948473
(38,23): 0.020475917607545854
(39,10): -0.003491814881563187
(39,26): 0.0013290924578905105
(39,40): 0.002148258313536644
(40,11): 0.011401322558522225
(40,16): 0.0035586001724004744
(40,39): -0.00017490766942501067
(40,43): 0.0019054996967315674
(41,14): 0.0037470439076423643
(41,36): 0.0011765105277299882
(41,49): 0.0001133430004119873
(41,50): 8.75362753868103e-05
(42,15): -0.002098924517631531
(43,8): 0.008268853798508644
(43,14): 0.00978044979274273
(43,16): 0.0027737755328416823
(43,40): 0.0011764509230852128
(44,10): 0.0017701057344675065
(44,13): 0.012670407742261887
(44,15): 0.0006332281231880188
(44,16): 0.004118024483323097
(44,20): 0.003821311593055725
(44,21): 0.005451894290745258
(44,24): 0.00941179484128952
(45,15): -0.00042420484125614165
(45,25): 0.004532628655433655
(46,17): 0.007385244220495224
(46,18): 0.004463748186826706
(46,25): 0.0060327107459306716
(47,17): 0.008334898427128791
(47,24): 0.00161003477871418
(47,30): -0.0014845922589302063
(47,31): -0.0002815353125333786
(48,6): 0.006090559884905815
(48,16): 0.0008092474937438965
(48,18): 0.005145205035805702
(48,24): 0.005161787495017052
(49,8): 0.01420131228864193
(49,10): 0.006363084316253662
(49,15): 0.003559195548295975
(49,18): 0.006074808984994889
(49,21): 0.009284285828471184
(49,24): 0.006429809480905533
(49,31): -0.0002801945060491562
(49,41): 0.011720457151532172
(49,50): -0.00019122160971164705
(50,29): 0.008784130737185479
(50,31): -0.0001880086213350296
(50,36): -0.0004734349250793457
(50,41): -0.00016694165766239165
(50,49): 1.3358891010284424e-07
