Test set index: 309

Target Class: 0

Target compound: TARGET

Sum of Shapley Values: 0.23808902309216826

Shapley values:
0.014483546686824412
-0.06089253225189168
-0.08426001119514695
0.07196959973196498
-0.024102751894388347
-0.011673259171657265
0.03488619176088832
-0.003410920687019825
0.00894259945533122
9.163082111626864e-05
0.0007987800001865253
0.00631517808418721
-0.004358951775357127
0.03463586947415024
0.0014059241209179163
-0.014689694121479989
0.010698502286159055
-0.03943463688861812
0.0051459525054087865
0.08294445331237511
0.06751064738025889
0.0009004924027249217
0.014659461391784135
0.02276343806181103
0.061449254686012866
0.05634004732070025
0.15426533198347897
0.031169753553404008
-0.014259869282977889
0.01319747451983858
-0.028342116238782182
0.028738552462309597
-0.007028052460809704
0.018993189856410027
0.008919861807953566
-0.04222637318729539
0.01698505346663296
-0.049842746445938245
-0.054849851842882345
-0.00481204799058105
0.0044139904802432284
-0.0050598648423328995
-0.11449697536038002
0.0024263889121357352
-0.002312542721047066
0.00028002246806863696
-0.000541721994522959
-0.0028126877546310425
0.0026453431096160785
0.0029282290069386364
0.0011403621296631173
0.031552545081940477
-0.016360016035614534
-0.010645879954099656
-0.0012866887683048844
0.031383585210739966
0.05288874466903508
-0.002815455726813525
0.025908421046333386
0.014394549324642868
-0.08009406153927558
0.011232739341212437
-0.032210588736925276
0.0015036140475422144

Minimal top-k Set:
Set indices on edge ranking: [26, 19, 3, 20, 24, 25]
Set edge index: tensor([[11,  8,  2,  9, 11, 11],
        [27, 28,  1,  8, 10, 12]], device='cuda:0')
FID+: 0.8581162244081497

Pertinent Positive Set:

Pertinent set edge index: tensor([], device='cuda:0', size=(2, 0), dtype=torch.int64)
FID-: 0.22533851861953735
Minimal top-k Set GNNExplainer:
Set indices on edge ranking: [34, 60, 21, 32, 6, 19, 3, 37, 30, 10, 24, 7, 44, 23, 22, 9, 20, 29, 11, 33, 14, 43, 45, 62, 28, 54, 18, 61, 63, 8, 49, 46, 25, 27]
Set edge index: tensor([[15, 27,  9, 14,  3,  8,  2, 16, 13,  5, 11,  3, 19, 10, 10,  4,  9, 13,
          5, 15,  7, 19, 19, 28, 12, 24,  8, 27, 28,  4, 21, 20, 11, 12],
        [16, 11, 10, 15,  2, 28,  1, 26, 14,  4, 10,  4, 20, 11,  9,  5,  8, 12,
          6, 14,  2, 18, 24,  8, 13, 19,  9, 28, 27,  3, 22, 19, 12, 11]],
       device='cuda:0')
FID+: 0.639833003282547

Pertinent Positive Set GNNExplainer:

Pertinent set edge index: tensor([], device='cuda:0', size=(2, 0), dtype=torch.int64)
FID-: 0.22533851861953735