Test set index: 309

Target Class: 0

Target compound: TARGET

Sum of Shapley Values: 0.03561504280495683

Shapley values:
0.01597813357911946
-0.013167078197002411
-0.007447078344994224
0.006237776875495911
-0.0031059454567730427
-0.006152410060167313
0.009292835087585445
-0.005756758367642761
0.006153750659632351
-0.002046802030913568
0.00302795003834035
0.004150031507015229
-0.0049410808086395265
0.00875451296567917
0.00219574011862278
-0.0009383454309136141
0.00029514170717447996
-0.005488619524985552
0.0019094370305538177
0.004867414657019254
0.008574339747428893
-0.003963083475828171
0.004217518009245396
0.025869510732591153
0.005431210100650788
-0.04736413665115833
0.012236590795218945
0.02955940619111061
0.006270484222040977
0.0003561485200771131
0.007409804429353244
-0.012638072068220936
0.002397758364677429
-0.002250179499387741
0.001983886957168579
-0.004154815152287483
0.003971373507010867
-0.002274403227493167
-0.018939712184946986
0.012301438908907584
-0.006931933555752039
-0.00041796088218688966
-0.03159817687988834
0.0038601091504096986
-0.00492031078839318
-0.0008278822194552049
0.0004066349170170724
0.0005144161963835359
0.0005808859225362539
0.006572767868638038
-0.0014828513457905501
-0.0006136962887831033
-0.009924695789813996
-0.003627789292804664
0.00083138108253479
0.0011973170251440024
0.009069318815018051
0.0019102075695991516
0.0036514541506767273
-0.0009132275730371475
0.0161627920914907
0.011749589443206787
-0.00033939629793167114
-0.0021075847442261876

Minimal top-k Set:
Set indices on edge ranking: [27, 23, 60, 0, 39, 26, 61, 6, 56, 13, 20, 30, 49, 28, 3, 8]
Set edge index: tensor([[12, 10, 27,  0, 17, 11, 27,  3, 25,  6,  9, 13, 21, 12,  2,  4],
        [11, 11, 11,  1, 18, 27, 28,  2, 18,  7,  8, 14, 22, 13,  1,  3]],
       device='cuda:0')
FID+: 0.970358457416296

Pertinent Positive Set:

Pertinent set edge index: tensor([], device='cuda:0', size=(2, 0), dtype=torch.int64)
FID-: 0.0002079606056213379
Minimal top-k Set GNNExplainer:
Set indices on edge ranking: [60, 6, 34, 24, 3, 15, 11, 32, 19, 21, 30, 33, 22, 23, 10, 39, 17, 29, 20, 28, 42, 18, 9, 62, 54, 8, 61, 25, 14, 7, 63, 13, 31, 27, 43, 12, 26, 53, 37, 40, 52, 57, 16, 4, 55, 36, 35, 41, 38, 49, 50, 1, 48, 5, 56, 59, 44, 0, 45, 58, 46, 51, 2, 47]
Set edge index: tensor([[27,  3, 15, 11,  2,  7,  5, 14,  8,  9, 13, 15, 10, 10,  5, 17,  8, 13,
          9, 12, 18,  8,  4, 28, 24,  4, 27, 11,  7,  3, 28,  6, 14, 12, 19,  6,
         11, 23, 16, 18, 23, 25,  7,  2, 24, 16, 16, 18, 17, 21, 22,  1, 21,  2,
         25, 26, 19,  0, 19, 26, 20, 22,  1, 20],
        [11,  2, 16, 10,  1,  6,  6, 15, 28, 10, 14, 14,  9, 11,  4, 18,  7, 12,
          8, 13, 25,  9,  5,  8, 19,  3, 28, 12,  2,  4, 27,  7, 13, 11, 18,  5,
         27, 24, 26, 17, 22, 26,  8,  3, 23, 17, 15, 19, 16, 22, 21,  0, 20,  7,
         18, 25, 20,  1, 24, 16, 19, 23,  2, 21]], device='cuda:0')
FID+: 0.970358457416296

Pertinent Positive Set GNNExplainer:

Pertinent set edge index: tensor([], device='cuda:0', size=(2, 0), dtype=torch.int64)
FID-: 0.0002079606056213379