Interaction name: 5i2e

Affinity: 6.639999866485596
Predicted class: 1
Predicted probability: 0.7831573486328125
Sum of phi edges: 0.06485728323459616

Interaction statistics:

Number of total edges connecting protein pseudo-atoms: 10
Number of total edges connecting ligand pseudo-atoms: 101
Number of total edges connecting protein and ligand pseudo-atoms: 41

Pertinent positive set edge index: tensor([[15],
        [38]], device='cuda:0')

FID- using pertinent positive set: 0.2781013250350952

Number of pertinent positive edges connecting protein pseudo-atoms: 0 (0.0%)
% w.r.t. total number of pertinent positive edges: 0.0%)
Number of pertinent positive edges connecting ligand pseudo-atoms: 0 (0.0%)
% w.r.t. total number of pertinent positive edges: 0.0%)
Number of pertinent positive edges connecting protein and ligand pseudo-atoms: 1 (2.4%)
% w.r.t. total number of pertinent positive edges: 100.0%)

Minimal top k set edge index: tensor([[15, 27, 27, 35, 37, 27, 17, 38, 10, 36, 27, 37, 11, 12,  9,  2, 39, 22,
         17, 15, 36, 18, 15,  3, 23, 18, 24, 10, 19, 12, 22, 26, 28, 12, 24, 35,
         28, 23, 13, 33, 33, 27,  2, 25, 11, 19, 22, 28, 26, 40, 12, 14, 18, 25,
         27,  0, 13, 14, 21, 15, 15, 18, 28, 13, 27, 22, 31, 31, 15, 28, 33, 18,
         20, 17,  9,  3,  9, 26, 22, 33, 13, 14, 18, 32, 17, 23,  0,  4, 31, 15,
         34, 33,  9, 15, 29, 16, 22, 24,  1,  9, 25, 38,  9, 29,  0,  9, 25,  6,
         31,  2,  8, 29,  0, 20, 27, 31, 32,  5,  7, 39, 13,  3, 17, 23, 29,  4,
         24,  9, 20, 30,  2, 33, 10,  7, 31, 20, 28, 34, 26, 30, 16,  5, 23,  2,
          6, 30,  9, 15,  6, 13, 32, 24, 30, 22, 22,  6, 21,  6,  0, 17, 24, 40,
         23,  5, 33,  6, 15,  6,  8,  2,  5,  6,  2,  5, 34, 30, 32, 34, 31,  5,
         21, 31, 22,  4,  2,  9,  1, 14,  7,  5, 23, 18,  4,  5,  7,  1,  7, 19,
          7, 22,  7,  9,  1, 14, 33,  4,  1,  5,  4, 31, 32,  6, 31, 11, 16, 21,
         18, 33,  4, 23,  1, 32, 19,  7,  5, 22, 19,  6, 10, 14,  3,  6, 34,  5,
          7,  7,  5, 16,  0,  3, 17, 19, 18, 30, 24, 38, 28,  3,  2,  1,  3,  3,
          9, 18, 10,  2, 22,  3, 20,  5, 10,  2,  3, 21,  2,  5,  2,  5, 11, 18,
          4,  5, 19,  4, 15, 11, 17, 12, 19, 15, 34, 12,  5,  4, 12,  9, 19, 19,
          4, 11,  3,  2, 15, 11,  5, 17,  0, 10, 18, 12, 19, 17, 11, 12],
        [38, 11,  3,  3, 22, 17, 15, 15,  9, 22, 18, 36,  4,  2, 13, 11, 13, 19,
         18, 19, 37, 15,  7, 12, 14, 19, 14, 13, 18, 11, 15, 20,  6, 18, 13, 28,
          7, 13, 23,  3,  4,  0, 12,  0, 18, 22, 37,  5, 21, 23, 17, 24, 22,  1,
          2, 31, 24, 23, 23, 17, 22, 17,  1, 39, 25, 36,  5,  2, 18,  0,  2, 12,
         24, 22, 28, 31, 33, 24,  2, 32,  9,  5,  0, 34, 19, 24, 25, 11,  0,  6,
          9, 34, 29,  5, 30, 20,  3, 20, 18, 31, 27, 34, 30,  6,  1, 34,  8,  5,
          1, 33, 25,  9, 28, 23,  1,  6,  7,  6,  9, 40, 10, 33,  2, 16,  5,  2,
         21, 14, 16,  5,  0,  5,  6,  6,  7, 21,  9, 33, 23,  7, 21,  4, 20, 31,
         33, 29,  5,  4, 29, 14, 33, 23,  6, 11, 12, 34, 16,  7,  2,  3, 16, 39,
         40, 28,  9, 31,  2, 30,  1,  3, 31, 32, 18, 33,  6,  9,  6, 32, 30, 29,
         20,  3,  4, 33,  4, 15, 28, 10, 30,  2, 21,  2,  5,  7, 15,  8, 32,  2,
         33, 18,  5,  7, 31,  9,  6,  3, 27, 30, 17,  4, 38, 28,  9, 17, 23, 24,
          4,  7, 31, 26,  0,  5,  5, 31, 32, 17, 17, 10, 14, 13, 35, 15,  5, 34,
         28, 10,  9, 24, 27,  2,  4, 15,  3, 31, 26, 32, 35, 19, 15, 25,  4, 18,
         10, 11,  5, 27,  5, 27, 26, 19,  7, 19, 22, 26, 17, 12,  5, 15, 22, 27,
         19, 10,  9, 18,  9,  2, 11, 15, 11, 12, 38,  3, 14, 15, 22, 19,  4,  3,
         22, 19, 17, 22, 10, 12, 22, 12, 18, 15,  1,  5, 12, 27, 27, 19]],
       device='cuda:0')

FID+ using minimal top-k set: 0

Number of minimal top-k edges connecting protein pseudo-atoms: 7 (70.0%)
% w.r.t. total number of minimal top-k edges: 9.5%)
Number of minimal top-k edges connecting ligand pseudo-atoms: 42 (41.6%)
% w.r.t. total number of minimal top-k edges: 56.8%)
Number of minimal top-k edges connecting protein and ligand pseudo-atoms: 25 (61.0%)
% w.r.t. total number of minimal top-k edges: 33.8%)

Trustworthiness of the explanation: 0.0

Number of relevant edges connecting protein pseudo-atoms: 7 (70.0%)
% w.r.t. total number of relevant edges: 10.1%)
Number of relevant edges connecting ligand pseudo-atoms: 37 (36.6%)
% w.r.t. total number of relevant edges: 53.6%)
Number of relevant edges connecting protein and ligand pseudo-atoms: 25 (61.0%)
% w.r.t. total number of relevant edges: 36.2%)

Shapley values for edges: 

(0,1): 0.0012231171131134033
(0,2): -9.10264253616333e-05
(0,18): -0.01230340301990509
(0,25): 0.0018417400121688843
(0,27): -0.002668408155441284
(0,28): 0.0010541653633117675
(0,31): 0.00392586350440979
(1,0): -0.0016623616218566894
(1,8): -0.0010224157571792603
(1,18): 0.001596909761428833
(1,25): -0.003691254258155823
(1,27): -0.0013238418102264405
(1,28): -0.0008135628700256347
(1,31): -0.001235179305076599
(2,0): 0.0004714977741241455
(2,3): -0.0004002833366394043
(2,4): -0.0007337558269500732
(2,5): -0.005715007781982422
(2,11): 0.011254284977912903
(2,12): 0.004837879538536071
(2,15): -0.0036137449741363526
(2,17): -0.005668047070503235
(2,18): -0.0004286545515060425
(2,19): -0.005030615925788879
(2,22): -0.010905619859695435
(2,27): -0.004091120958328247
(2,31): 0.0003373980522155762
(2,33): 0.001149771809577942
(3,2): -0.002788737416267395
(3,4): -0.003698741793632507
(3,12): 0.009592905640602112
(3,17): -0.010586816072463989
(3,18): -0.0037288123369216917
(3,19): -0.00344959557056427
(3,22): -0.005416237115859986
(3,27): -0.004311402440071106
(3,31): 0.0024036049842834474
(3,33): 0.000797569751739502
(3,35): -0.002245243787765503
(4,2): 0.0005721718072891236
(4,3): -0.0012769657373428345
(4,5): -0.0010093420743942261
(4,11): 0.0018168669939041138
(4,15): -0.008695905208587646
(4,17): -0.0013604384660720825
(4,18): -0.00696865439414978
(4,19): -0.006581692099571228
(4,22): -0.009597837328910827
(4,31): -0.0016003108024597167
(4,33): -0.0007283449172973633
(5,2): -0.0009045523405075074
(5,4): 0.0003488528728485107
(5,6): 0.0008372431993484497
(5,7): -0.0010120457410812379
(5,9): -0.002449827194213867
(5,10): -0.00680510938167572
(5,12): -0.005712651014328003
(5,14): -0.008636173605918885
(5,15): -0.005724825859069824
(5,19): -0.00476068913936615
(5,22): -0.011640716195106506
(5,28): -0.0002696728706359863
(5,29): -0.0006933552026748657
(5,30): -0.0013244670629501342
(5,31): -0.00041384518146514893
(5,32): -0.0019229865074157715
(5,33): -0.0004707294702529907
(5,34): -0.0023986613750457764
(6,5): 0.001182267665863037
(6,7): -7.871448993682861e-05
(6,10): -0.0020230776071548462
(6,15): -0.0022486889362335204
(6,28): -0.0014925187826156617
(6,29): 0.00018733978271484375
(6,30): -0.00032819390296936037
(6,31): -0.0003195101022720337
(6,32): -0.00041670262813568113
(6,33): 0.0003180736303329468
(6,34): 6.000876426696777e-05
(7,5): -0.0010747212171554566
(7,6): 0.0004590398073196411
(7,9): 0.000833432674407959
(7,10): -0.0024422436952590944
(7,15): -0.0010194617509841919
(7,28): -0.0024036175012588502
(7,30): -0.0008875787258148194
(7,31): -0.0018812549114227296
(7,32): -0.0010324519872665404
(7,33): -0.0010571944713592529
(8,1): -0.0003529500961303711
(8,25): 0.0011360818147659302
(9,5): 0.00027794837951660155
(9,7): -0.0012301760911941528
(9,10): -0.003771721124649048
(9,13): 0.011912409663200379
(9,14): 0.0005563217401504517
(9,15): -0.0007600241899490357
(9,19): -0.009175959825515747
(9,28): 0.0024433481693267823
(9,29): 0.0017035114765167237
(9,30): 0.0012844175100326539
(9,31): 0.0014772814512252807
(9,33): 0.0023982608318328857
(9,34): 0.0012032896280288695
(10,5): -0.004014074802398682
(10,6): 0.00046905040740966795
(10,7): -0.004822315573692322
(10,9): 0.014266592264175416
(10,13): 0.008420314192771911
(10,14): -0.0020771205425262453
(10,15): -0.012512777447700501
(11,2): -0.007351670265197754
(11,4): 0.01266071617603302
(11,12): -0.01161195158958435
(11,17): -0.001524568796157837
(11,18): 0.004761610627174378
(11,19): -0.010313303470611572
(11,22): -0.005846142172813416
(11,27): -0.030772330164909364
(12,2): 0.011947726607322693
(12,3): -0.008460354208946228
(12,5): -0.012648095488548278
(12,11): 0.0075293385982513426
(12,15): -0.007605352401733398
(12,17): 0.00439632534980774
(12,18): 0.005838432312011719
(12,19): -0.037068192362785336
(12,22): -0.009031051993370056
(13,9): 0.0022497355937957765
(13,10): 0.0008006536960601807
(13,14): 0.00012918233871459962
(13,23): 0.005265198945999146
(13,24): 0.003784727454185486
(13,39): 0.003187432885169983
(14,5): 0.002155575156211853
(14,9): -0.0012559616565704346
(14,10): -0.0008376407623291016
(14,13): -0.0021239835023880004
(14,23): 0.0035559207201004027
(14,24): 0.004305207133293152
(15,2): -0.0003212273120880127
(15,4): 0.00024786233901977537
(15,5): 0.001682993173599243
(15,6): 0.001731441020965576
(15,7): 0.009636933207511902
(15,9): -0.00702134907245636
(15,10): -0.01115370810031891
(15,12): -0.007939679622650147
(15,17): 0.0033041912317276
(15,18): 0.002741418480873108
(15,19): 0.010401938557624817
(15,22): 0.003263656497001648
(15,38): 0.037106924653053285
(16,20): 0.001666913628578186
(16,21): 0.00036755084991455076
(16,23): -0.0015265560150146485
(16,24): -0.002504039406776428
(17,2): 0.0007109206914901734
(17,3): -0.00013319909572601319
(17,4): -0.0027970397472381592
(17,11): -0.00755788803100586
(17,12): -0.012192800641059875
(17,15): 0.01510733425617218
(17,18): 0.01089095413684845
(17,19): 0.0019202911853790283
(17,22): 0.002456384301185608
(17,27): -0.016300686597824098
(18,0): 0.0020590007305145265
(18,1): -0.012516510486602784
(18,2): -0.0009556496143341064
(18,3): -0.003217868208885193
(18,4): -0.0015601927042007446
(18,11): -0.0037833744287490844
(18,12): 0.002571665048599243
(18,15): 0.010028048157691956
(18,17): 0.0032099568843841552
(18,19): 0.009200628399848938
(18,22): 0.00421223521232605
(18,27): -0.006045673489570618
(19,2): -0.0010400503873825074
(19,3): -0.009434370994567872
(19,4): -0.009192434549331665
(19,5): -0.0018266981840133667
(19,9): -0.006869075894355774
(19,11): -0.007778025865554809
(19,12): -0.013441441655158997
(19,15): -0.0028676795959472656
(19,17): -0.0019865530729293824
(19,18): 0.008096725344657899
(19,22): 0.004755192399024963
(20,16): 0.0005106407403945922
(20,21): 0.00043689966201782227
(20,23): 0.0009898549318313598
(20,24): 0.0025432515144348145
(20,26): -0.00451589822769165
(21,16): 4.8415660858154295e-05
(21,20): -0.0006976717710494995
(21,23): 0.0033077889680862426
(21,24): -0.0015445631742477418
(21,26): -0.005567385554313659
(22,2): 0.002286233901977539
(22,3): 0.0016413629055023193
(22,4): -0.000707661509513855
(22,5): -0.004135270118713379
(22,11): 8.600413799285889e-05
(22,12): 8.444666862487793e-05
(22,15): 0.007296396493911743
(22,17): -0.0019269931316375733
(22,18): -0.0010632014274597169
(22,19): 0.010943979620933533
(22,36): 0.002932400107383728
(22,37): 0.004682059288024902
(23,13): 0.0053573429584503176
(23,14): 0.009566090703010559
(23,16): 0.0006822574138641357
(23,20): 0.0003383326530456543
(23,21): -0.0009295094013214111
(23,24): 0.0019095832109451295
(23,26): -0.001603163480758667
(23,40): -0.0002647620439529419
(24,13): 0.005624650716781616
(24,14): 0.009022892117500306
(24,16): -0.00020502865314483642
(24,20): 0.0016246378421783448
(24,21): 0.0005665397644042968
(24,23): 0.00010488450527191163
(24,26): -0.0033580869436264037
(25,0): 0.004807459712028503
(25,1): 0.004161344766616821
(25,8): 0.0011981278657913208
(25,27): 0.00139071524143219
(26,20): 0.007030264139175415
(26,21): 0.004677993655204773
(26,23): 0.00041209161281585693
(26,24): 0.0023492133617401124
(27,0): 0.00489530861377716
(27,1): 0.0009547686576843262
(27,2): 0.004118375182151794
(27,3): 0.02106176257133484
(27,11): 0.022607874274253845
(27,17): 0.01667612969875336
(27,18): 0.012967853546142579
(27,25): 0.0030408257246017454
(28,0): 0.002718349099159241
(28,1): 0.0031877487897872927
(28,5): 0.004680163860321045
(28,6): 0.006601216197013855
(28,7): 0.005401840209960937
(28,9): 0.0004333323240280151
(28,35): -0.0034437119960784913
(29,5): 0.0005846911668777466
(29,6): 0.0012769830226898194
(29,9): 0.0011307907104492188
(29,30): 0.001667376160621643
(30,5): 0.000476151704788208
(30,6): 9.394288063049316e-05
(30,7): 0.00036975502967834473
(30,9): -0.0005425608158111572
(30,29): 0.00028030872344970704
(30,31): -0.0033505845069885256
(31,0): 0.0017639195919036865
(31,1): 0.0011741620302200316
(31,2): 0.0027648353576660155
(31,3): -0.0006991380453109741
(31,4): -0.0014082956314086913
(31,5): 0.002852436900138855
(31,6): 0.000923612117767334
(31,7): 0.00044061481952667236
(31,9): -0.0014980441331863402
(31,30): -0.0006011533737182617
(32,5): -0.0016626483201980591
(32,6): -0.000546492338180542
(32,7): 0.0008423632383346558
(32,33): 0.0001130354404449463
(32,34): 0.0020322775840759277
(32,38): -0.001442379355430603
(33,2): 0.0026011788845062256
(33,3): 0.004915506243705749
(33,4): 0.004905761480331421
(33,5): 0.000469091534614563
(33,6): -0.001275649070739746
(33,7): -0.001586700677871704
(33,9): -0.00028448998928070067
(33,32): 0.002261943221092224
(33,34): 0.0017127877473831178
(34,5): -0.0022985631227493285
(34,6): -0.000531037449836731
(34,9): 0.0017307132482528686
(34,32): -0.0005656570196151733
(34,33): 0.00043078422546386717
(34,38): -0.008078276515007018
(35,3): 0.019431277513504028
(35,28): 0.005586768388748169
(36,22): 0.012968617081642151
(36,37): 0.010065947771072387
(37,22): 0.017971529364585875
(37,36): 0.01274094581604004
(38,15): 0.01427406370639801
(38,32): -0.0033755379915237425
(38,34): 0.0013766402006149291
(39,13): 0.011000581979751588
(39,40): 0.0008010506629943847
(40,23): 0.004632683992385864
(40,39): -0.0002261018753051758
