Interaction name: 5b25

Predicted class: 1
Predicted probability: 0.7841199636459351
Sum of phi edges: 0.6350805285200479

Interaction statistics:

Number of total edges connecting protein pseudo-atoms: 14
Number of total edges connecting ligand pseudo-atoms: 104
Number of total edges connecting protein and ligand pseudo-atoms: 55

Pertinent positive set edge index: tensor([[33,  9,  9, 38, 15, 25, 17, 15, 30, 14, 15, 49, 32, 38, 34, 44, 34, 10,
         49, 40, 13, 24, 43, 24, 44, 49, 50, 21, 14, 18, 47, 43, 26, 46, 10, 34,
          1, 49, 18, 15, 49, 16, 15, 29, 48, 49, 46, 34, 16, 15, 16, 10, 15, 13,
         44, 16, 48, 48, 25, 15, 34, 16, 45, 46, 21, 35, 44, 25, 44, 38],
        [ 7, 36, 35, 23, 45, 37, 47, 42,  1, 33, 38,  8, 13, 13, 11, 13,  9, 39,
         41, 11, 38, 47, 14, 48, 24, 21, 29, 32, 41, 46, 17,  8, 39, 17, 34, 19,
         30, 24, 48, 32, 10,  6, 19, 17,  6, 18, 25, 16, 40, 49, 48, 26, 18,  1,
         21, 43, 24, 18, 45, 26, 21, 44, 25, 18,  4,  9, 16, 46, 20, 15]],
       device='cuda:0')

FID- using pertinent positive set: -0.041947782039642334

Number of pertinent positive edges connecting protein pseudo-atoms: 1 (7.1%)
% w.r.t. total number of pertinent positive edges: 1.7%)
Number of pertinent positive edges connecting ligand pseudo-atoms: 8 (7.7%)
% w.r.t. total number of pertinent positive edges: 13.6%)
Number of pertinent positive edges connecting protein and ligand pseudo-atoms: 50 (90.9%)
% w.r.t. total number of pertinent positive edges: 84.7%)

Minimal top k set edge index: tensor([[33,  9,  9, 38, 15, 25, 17, 15, 30, 14, 15, 49, 32, 38, 34, 44, 34, 10,
         49, 40, 13, 24, 43, 24, 44, 49, 50, 21, 14, 18, 47, 43, 26, 46, 10, 34,
          1, 49, 18, 15, 49, 16, 15, 29, 48, 49, 46, 34, 16, 15, 16, 10, 15, 13,
         44, 16, 48, 48, 25, 15, 34, 16, 45, 46, 21, 35, 44, 25, 44, 38, 41, 14,
          7, 49, 40, 28, 17, 32, 32, 20, 15, 43, 24, 21, 32,  6, 21, 29, 39, 15,
         28, 18,  0,  0, 34, 40,  8, 44, 33, 23, 47, 29, 22, 11, 10, 39, 17, 41,
         43, 13,  0, 13, 23, 10, 18, 18, 20,  4, 28, 48, 16, 27,  9, 17,  0,  4,
         36,  8, 19,  4, 44,  0, 29, 20, 19,  4,  0,  7, 26, 21, 23, 21, 14,  1,
          4, 37,  5,  3, 14, 23, 14, 30,  3, 27, 27, 20,  4, 26, 29, 28,  1,  8,
         14,  8, 18,  7, 26, 11, 19, 20,  9,  6, 12, 36, 25,  8, 41, 13, 18, 13,
          9, 41,  2, 31,  4,  9, 23, 19, 26, 24, 18, 27, 22, 17,  7, 20, 20, 15,
          9, 26,  7, 28,  3, 12,  6, 24,  3, 19, 31, 24, 30, 50, 29, 21, 26, 23,
         19, 21,  6,  7, 21, 15, 28, 27, 29, 19],
        [ 7, 36, 35, 23, 45, 37, 47, 42,  1, 33, 38,  8, 13, 13, 11, 13,  9, 39,
         41, 11, 38, 47, 14, 48, 24, 21, 29, 32, 41, 46, 17,  8, 39, 17, 34, 19,
         30, 24, 48, 32, 10,  6, 19, 17,  6, 18, 25, 16, 40, 49, 48, 26, 18,  1,
         21, 43, 24, 18, 45, 26, 21, 44, 25, 18,  4,  9, 16, 46, 20, 15, 14, 43,
         33, 15, 16, 10, 46, 21, 15, 32, 20, 16, 49, 34, 20, 16, 49, 20, 40, 44,
         15, 15, 11, 16, 10, 43, 43, 10, 14, 27, 24, 19, 27, 40, 49, 26,  4, 36,
         40, 44,  6, 32, 24, 44, 17, 49, 27, 27,  0, 16, 34, 22,  3, 28, 10, 17,
          9,  3, 34, 24, 15, 26, 50, 44, 27, 19, 28, 29,  0,  7, 19,  1,  3, 15,
         20, 25, 14,  9,  5, 25,  8, 31, 12, 23, 25, 29, 29, 15,  7,  7, 29, 13,
          9,  5, 21,  1, 10,  6, 15, 15, 12, 48,  8, 50, 19,  9, 49,  5,  7, 12,
          5, 50, 30, 49, 15,  8, 20, 29, 18, 25, 28,  4, 24, 15, 21, 24,  4, 17,
         14,  7, 26, 21,  5, 13, 10, 44, 14, 23,  4,  4,  2, 49, 15, 15, 21, 22,
         20, 26,  0, 18, 18,  4, 17, 19,  4,  4]], device='cuda:0')

FID+ using minimal top-k set: 0.3187529444694519

Number of minimal top-k edges connecting protein pseudo-atoms: 5 (35.7%)
% w.r.t. total number of minimal top-k edges: 4.5%)
Number of minimal top-k edges connecting ligand pseudo-atoms: 53 (51.0%)
% w.r.t. total number of minimal top-k edges: 47.3%)
Number of minimal top-k edges connecting protein and ligand pseudo-atoms: 54 (98.2%)
% w.r.t. total number of minimal top-k edges: 48.2%)

Trustworthiness of the explanation: 0.48816601187628006

Number of relevant edges connecting protein pseudo-atoms: 1 (7.1%)
% w.r.t. total number of relevant edges: 1.7%)
Number of relevant edges connecting ligand pseudo-atoms: 6 (5.8%)
% w.r.t. total number of relevant edges: 10.3%)
Number of relevant edges connecting protein and ligand pseudo-atoms: 51 (92.7%)
% w.r.t. total number of relevant edges: 87.9%)

Shapley values for edges: 

(0,6): 0.0010556315630674362
(0,10): 0.0007454337924718856
(0,11): 0.0019791300594806673
(0,16): 0.001973356753587723
(0,18): -0.0014473553746938705
(0,26): 0.0006254761666059494
(0,28): 0.0005023748427629471
(1,4): -0.0033982930332422255
(1,5): -0.003868138864636421
(1,7): -0.001473686471581459
(1,13): -0.002919812723994255
(1,14): -0.000661032348871231
(1,15): 0.0003710971772670746
(1,21): -0.000344451442360878
(1,29): 0.00020537950098514557
(1,30): 0.006473731473088265
(2,4): -0.0002976297587156296
(2,5): -0.005666167438030243
(2,30): 8.276909589767456e-05
(3,5): 2.2180452942848207e-05
(3,8): -9.721927344799041e-05
(3,9): 0.00031877070665359497
(3,12): 0.0002833669632673264
(3,13): -0.00018020913004875182
(3,14): 1.5854835510253906e-05
(4,1): -0.00225399948656559
(4,2): -0.0006943108141422272
(4,15): 7.766813039779663e-05
(4,17): 0.0007391199469566345
(4,19): 0.0005308482795953751
(4,20): 0.0003709208965301514
(4,21): -0.0019426628202199937
(4,22): -0.0018240609765052796
(4,24): 0.0006544776260852814
(4,25): -0.0005698898434638978
(4,27): 0.0009148649126291275
(4,29): 0.00024171113967895507
(4,31): -5.0729960203170774e-05
(5,1): -0.002786049023270607
(5,2): -0.008668414130806924
(5,3): -0.00016957938671112062
(5,8): -0.001377227082848549
(5,9): -7.816120982170106e-05
(5,12): -0.0002613500505685806
(5,13): -0.0011982564628124238
(5,14): 0.0003432048112154007
(6,0): -1.0581314563751221e-05
(6,10): 2.054240554571152e-05
(6,11): -0.0012858467176556586
(6,16): 0.002413388192653656
(6,48): 0.0001519469916820526
(7,1): 0.00017897963523864747
(7,15): -4.506930708885193e-05
(7,17): -4.785090684890747e-05
(7,18): -1.482650637626648e-05
(7,21): 3.718599677085877e-05
(7,26): 2.9981732368469238e-05
(7,28): -0.0007323361188173294
(7,29): 0.0004977759718894959
(7,33): 0.0036054401099681853
(8,3): 0.0006709243357181549
(8,5): 0.00018626272678375243
(8,9): 0.0001346851885318756
(8,12): -7.891453802585601e-05
(8,13): 0.00020215004682540893
(8,14): -7.45256245136261e-05
(8,43): 0.0019048526883125305
(8,49): -0.002272885590791702
(9,3): 0.0007622713595628739
(9,5): 9.014427661895751e-05
(9,8): 7.035411894321442e-05
(9,12): 0.00015647090971469878
(9,13): -0.0001636679470539093
(9,14): 3.1137168407440184e-05
(9,34): -7.591940462589264e-05
(9,35): 0.02051668707281351
(9,36): 0.022032719999551774
(10,0): -0.0003465815633535385
(10,6): -0.0005244308710098266
(10,11): -0.0008920662105083466
(10,18): -5.6951045989990235e-05
(10,26): 0.005587151125073433
(10,28): -0.00026780158281326295
(10,34): 0.00712442584335804
(10,39): 0.012003035992383957
(10,44): 0.0009742666780948639
(10,49): 0.001386631205677986
(11,0): -5.4578036069869996e-05
(11,6): 0.00017147727310657502
(11,10): -0.00024241097271442412
(11,16): -0.0014545752108097076
(11,34): -0.0013509684801101686
(11,40): 0.0014462577551603317
(12,3): -0.001416679173707962
(12,5): -0.016933526545763015
(12,8): 0.00014912858605384827
(12,9): -0.0006308962404727936
(12,13): 2.2148266434669495e-05
(12,14): -0.00027819685637950895
(13,1): 0.005489326305687428
(13,3): -0.0006835032999515533
(13,5): 0.00011297807097434997
(13,8): -0.000262250155210495
(13,9): -0.00018140777945518493
(13,12): 9.691745042800904e-05
(13,14): -0.00029576875269412997
(13,32): 0.0010353128612041473
(13,38): 0.010376341491937637
(13,44): 0.0011340472847223282
(14,1): -0.0003444509953260422
(14,3): 0.000373532846570015
(14,5): 0.00031728409230709077
(14,8): 0.0002930325269699097
(14,9): 0.00019466936588287355
(14,12): -0.000654609426856041
(14,13): -0.0002956479787826538
(14,33): 0.016035797297954558
(14,41): 0.008442501872777938
(14,43): 0.0036570876091718673
(15,1): -0.0004678337275981903
(15,4): -1.7899796366691588e-05
(15,7): -7.334634661674499e-05
(15,17): 3.5966485738754274e-05
(15,18): 0.005525892078876496
(15,19): 0.006348346173763275
(15,20): 0.0030550777167081835
(15,21): -0.0005821157246828079
(15,26): 0.004917536303400994
(15,28): -0.0007276540994644165
(15,29): -0.00011615008115768432
(15,32): 0.006391035243868828
(15,38): 0.014311606958508492
(15,42): 0.016126360818743704
(15,44): 0.0020792011171579363
(15,45): 0.018846928104758263
(15,49): 0.005685685761272907
(16,0): -0.0005325336009263992
(16,6): 0.006356902644038201
(16,11): -0.0027359045296907426
(16,34): 0.0008083480596542358
(16,40): 0.00578757680952549
(16,43): 0.005396569892764091
(16,44): 0.004742205515503884
(16,48): 0.005619132742285728
(17,4): 0.0012174513936042785
(17,7): -0.0003100379556417465
(17,15): 3.781169652938843e-05
(17,18): -7.300376892089843e-05
(17,21): -0.00014780357480049134
(17,26): -0.00040771484375
(17,28): 0.0007564961910247803
(17,29): -0.00017598427832126617
(17,46): 0.00349780835211277
(17,47): 0.016792692467570303
(18,0): -0.0018496344983577728
(18,7): 0.00010948561131954193
(18,10): -0.00029433481395244596
(18,15): 0.002052032649517059
(18,17): 0.0009652265161275863
(18,21): 0.00018387340009212494
(18,26): -0.00032732635736465454
(18,28): 5.103960633277893e-05
(18,46): 0.008366022780537606
(18,48): 0.006399202272295952
(18,49): 0.0009308218210935592
(19,4): -3.6156103014945984e-05
(19,15): 0.00016656920313835145
(19,20): -5.869269371032715e-06
(19,22): -9.130954742431641e-05
(19,23): 1.2538507580757142e-05
(19,24): -0.00016798533499240876
(19,25): -9.436383843421935e-05
(19,27): 0.000566786378622055
(19,29): 6.769698113203049e-05
(19,34): 0.0006597863882780075
(20,4): 3.602094948291778e-05
(20,15): 0.00016021735966205596
(20,19): -7.205866277217864e-05
(20,22): -0.0003468918800354004
(20,23): -0.00019711129367351533
(20,24): 3.643527626991272e-05
(20,25): -0.00023067653179168702
(20,27): 0.0009180568158626556
(20,29): 0.00024477407336235044
(20,32): 0.003158420026302338
(20,44): 0.0005820433050394058
(21,1): 0.0003841312974691391
(21,4): 0.004286313578486443
(21,7): 0.00046811096370220185
(21,15): -3.2782554626464844e-09
(21,17): -0.000294826403260231
(21,18): -1.5549063682556153e-05
(21,26): -7.299855351448059e-06
(21,28): -0.00025723010301589963
(21,29): -0.0002574843168258667
(21,32): 0.008465448319911957
(21,34): 0.002439533770084381
(21,44): -0.0002571576088666916
(21,49): 0.002209838107228279
(22,4): -0.010337920784950256
(22,19): -0.00012172035872936249
(22,20): -4.536200314760208e-05
(22,23): -6.189920008182525e-05
(22,24): 3.8741603493690494e-05
(22,25): -0.00027588680386543275
(22,27): 0.0014585784822702408
(23,19): 0.0003946644067764282
(23,20): 6.88626617193222e-05
(23,22): -5.640760064125061e-06
(23,24): 0.0010341987013816833
(23,25): 0.00030372075736522674
(23,27): 0.0017260438203811645
(23,38): -0.0012844308465719224
(24,4): 3.6770105361938475e-06
(24,19): -0.00022918045520782472
(24,20): -0.00018319271504878997
(24,22): -0.00044441260397434237
(24,23): -8.45026969909668e-05
(24,25): 5.517713725566864e-05
(24,44): 1.8761977553367615e-05
(24,47): 0.010287160575389863
(24,48): 0.00946848452091217
(24,49): 0.002538590133190155
(25,4): -0.0009034601598978042
(25,19): 0.00014104321599006653
(25,20): -0.0001671745628118515
(25,22): -7.549583911895751e-05
(25,23): -0.000498330369591713
(25,24): -7.808610796928406e-05
(25,27): -0.0011916080862283706
(25,37): 0.018064879551529883
(25,45): 0.005016890093684196
(25,46): 0.003865644857287407
(26,0): 0.0004727287590503693
(26,7): 3.0224770307540892e-05
(26,10): 0.00017244443297386168
(26,15): 0.00023187406361103058
(26,17): -0.00045657791197299956
(26,18): 5.8612674474716184e-05
(26,21): -4.716962575912476e-06
(26,39): 0.007833335250616073
(27,4): 4.41800057888031e-05
(27,19): -2.5735646486282347e-05
(27,20): -0.00034573033452033996
(27,22): 0.0008025428652763366
(27,23): 0.0002702552080154419
(27,25): 0.00026741281151771546
(28,0): 0.000825888067483902
(28,7): 0.0002162865549325943
(28,10): 0.0035310158133506774
(28,15): 0.002061832025647163
(28,17): -2.249486744403839e-05
(28,18): -4.7410130500793455e-05
(28,21): 2.3213922977447508e-05
(29,1): -0.00032426074147224427
(29,4): -3.268599510192871e-05
(29,7): 0.00022181473672389985
(29,15): 2.8312206268310547e-09
(29,17): 0.0061703258007764815
(29,19): 0.0014849982410669327
(29,20): 0.0022026493400335314
(29,21): -0.0003270096331834793
(29,50): 0.0006075800210237503
(30,1): 0.016094527393579482
(30,2): 2.912357449531555e-06
(30,31): 0.00028827294707298276
(30,37): -0.0007536649703979492
(30,47): -0.00496253788471222
(31,4): 7.547661662101745e-06
(31,30): -0.0001280800998210907
(31,47): -0.0004738181829452515
(31,49): 8.25212150812149e-05
(31,50): -0.00020103350281715392
(32,13): 0.013239835351705552
(32,15): 0.0031928499788045884
(32,20): 0.002429421469569206
(32,21): 0.0034344319999217985
(33,7): 0.023412844464182854
(33,14): 0.0017483823001384735
(33,34): -0.0007831420004367828
(34,9): 0.012409163042902946
(34,10): 0.0019668292999267577
(34,11): 0.012745170518755913
(34,16): 0.005873569697141648
(34,19): 0.006884291619062424
(34,21): 0.004853986874222755
(34,33): -0.003433641642332077
(35,9): 0.004181877821683884
(36,9): 0.0006835529208183288
(36,41): -0.00013161197304725647
(36,50): 0.00014396563172340394
(37,25): 0.00036740221083164215
(37,30): -0.0035225703194737435
(38,13): 0.013109795451164245
(38,15): 0.0037991293519735337
(38,23): 0.020475914478302003
(39,10): -0.0034918180853128434
(39,26): 0.0013290926069021226
(39,40): 0.002148253843188286
(40,11): 0.011401326209306718
(40,16): 0.0035585975646972657
(40,39): -0.0001749105006456375
(40,43): 0.0019054993987083434
(41,14): 0.0037470463663339614
(41,36): 0.0011765156686306
(41,49): 0.0001133430004119873
(41,50): 8.75350832939148e-05
(42,15): -0.002098924070596695
(43,8): 0.008268853053450584
(43,14): 0.009780450090765953
(43,16): 0.0027737786620855333
(43,40): 0.0011764483153820038
(44,10): 0.0017701119929552079
(44,13): 0.012670410498976707
(44,15): 0.000633227676153183
(44,16): 0.004118023738265038
(44,20): 0.0038213106244802475
(44,21): 0.005451891906559468
(44,24): 0.00941179782152176
(45,15): -0.0004241972416639328
(45,25): 0.0045326328277587894
(46,17): 0.007385245114564895
(46,18): 0.004463750123977661
(46,25): 0.006032714620232582
(47,17): 0.008334897980093956
(47,24): 0.0016100373119115829
(47,30): -0.0014845944195985795
(47,31): -0.00028153859078884126
(48,6): 0.006090562045574188
(48,16): 0.0008092473447322845
(48,18): 0.005145197287201881
(48,24): 0.0051617854833602905
(49,8): 0.014201311841607094
(49,10): 0.0063630792498588565
(49,15): 0.00355919674038887
(49,18): 0.006074807643890381
(49,21): 0.009284279644489288
(49,24): 0.0064298085868358616
(49,31): -0.00028019562363624574
(49,41): 0.011720453053712845
(49,50): -0.00019122429192066192
(50,29): 0.008784130290150642
(50,31): -0.00018800534307956697
(50,36): -0.00047343425452709196
(50,41): -0.00016693584620952606
(50,49): 1.3187527656555175e-07
