Test set index: 137

Target Class: 0

Target compound: TARGET

Sum of Shapley Values: 0.8516600125831739

Shapley values:
-0.03197081709964187
0.09623265461244604
0.04573489362007673
-0.014158874374704438
0.0017646690663351827
-0.026862095038324544
0.010550688324535467
-0.0061333494691294625
-0.002870265031738259
0.00840884236779909
-0.019647765920093728
0.012954002965638662
-0.03548120200939173
-0.016776948264877654
-0.005943776834215942
-0.015403255278755712
-0.03352699405090715
-0.0001734184181654058
0.0109634283876329
-0.01051982552500249
0.0021908629804329297
0.016007882251224754
-0.01322538012854333
0.009302093782563178
-0.021458208238085256
0.008566245100055873
0.007856019552968323
-0.0017880542110600777
-0.00037575741070330627
0.026868432406997603
0.19389887256653718
0.002069654527531949
-0.0195357267292845
0.09008265249865632
-0.08987142132580699
0.015531873632241297
-0.030075501617845283
-0.08391611810952539
0.10121178952141323
-0.08313403965304554
0.011002715137684346
0.1144742975173982
0.03341484015699761
-0.005186605653366474
-0.013931602518505913
0.03061773105591997
-0.0010246269491439464
0.1865519921325362
0.09575984315794518
0.10963545541918181
0.017455112723746724
0.03749838587090299
-0.022439747289700867
0.05405172267263857
0.06645190846537477
-0.0007606876774574587
0.010722974973401815
-0.03610940116538867
0.005344884792915127
-0.009812238723771589
-0.026370303537675676
-0.00701275574377819
0.02481739650652714
-0.0019543328758854592
0.002374118903144808
-0.007098283244919065
0.0026375962518539347
0.0044141406651632634
-0.005463946966140951
0.0023736193378649253
0.0001013087243562676
0.0008283555853994584
0.0028609056271517077
-0.0017146361925447612
0.0154824234312139
0.020550893960291354
0.0013483506351789957
-0.017454597765209495
0.05748289887552678
-0.006506842118528173
-0.012416807293863366
0.021316792292499383

Minimal top-k Set:
Set indices on edge ranking: [30, 47]
Set edge index: tensor([[13, 21],
        [14, 20]], device='cuda:0')
FID+: 0.7034387663006783

Pertinent Positive Set:

Pertinent set edge index: tensor([[13, 21, 18, 21, 17,  1, 21, 14],
        [14, 20, 17, 35, 16,  0, 22, 15]], device='cuda:0')
FID-: -0.08718794584274292
Minimal top-k Set GNNExplainer:
Set indices on edge ranking: [21, 52, 20, 50, 65, 47, 28]
Set edge index: tensor([[ 9, 23,  9, 22, 28, 21, 12],
        [10, 22,  8, 21, 29, 20, 11]], device='cuda:0')
FID+: 0.7200172385200858

Pertinent Positive Set GNNExplainer:

Pertinent set edge index: tensor([[ 9, 23,  9, 22, 28, 21, 12, 10, 19, 10, 13, 23, 32,  8, 22, 20, 18, 11,
         30, 13, 21, 33, 24, 12, 28, 21,  5, 29,  8, 18],
        [10, 22,  8, 21, 29, 20, 11, 11, 20,  9, 18, 24, 31,  9, 23, 21, 13, 12,
         31, 14, 35, 25, 34,  7, 33, 22,  4, 30,  7, 17]], device='cuda:0')
FID-: -0.23578596115112305