Test set index: 137

Target Class: 0

Target compound: TARGET

Sum of Shapley Values: 0.8891292654191085

Shapley values:
0.007653383228133058
0.016030607499529916
0.03196857659035948
-0.0017570983254273772
-0.021700432858932802
0.06042877107345383
0.008726691437079976
-0.010328819153539776
0.004679993539813496
0.021282095945422613
-0.0007004915556111685
0.001186280587842137
-0.0020215657494821204
-0.007874218216035223
0.002638332261735896
-0.017926491290114806
-0.007017920127397467
0.01125888030468784
0.011647336467218541
-0.0009669005265771391
0.003615173838988012
0.007018574842454415
-0.003136881449576374
0.006839767728378203
-0.0038077044541122884
0.045791849547438826
0.0044716486227517225
-0.001944346636890226
-0.007521201512580046
-0.011471736557419714
0.041167192614598225
0.008277202595848635
0.013272607360985395
0.00980572527939283
-0.05475959091903308
0.002695458460185536
-0.0128323248762541
0.012314036873474883
0.04940127320206077
-0.036851085369455985
0.020842121078229896
0.11069049015433798
-0.04174450655599801
0.014604042687424577
0.004636857429405933
0.05024130614464061
0.03298963073678124
0.08423213626347481
0.19106908037667977
0.08448481759947861
0.007606145923302494
0.03756834871272212
0.01355320115662295
0.0027570736218133656
0.040878419391663805
0.009074231661258321
0.0502031999019627
-0.05079872004895906
0.019604396812473068
-0.015552520937651849
-0.06530526021631582
-0.013812376495669791
0.016059645175346908
0.001294935452611056
0.000663919522565705
0.004295321665767687
-0.000505531661754609
0.027747942264596547
0.0021180716534776925
-0.0024150914873794773
-0.0023102453481666303
-0.0006802505087934131
0.0007900011474749433
0.011322067173058723
0.008595914468994562
0.013426431503942828
-0.0037892263202658695
0.006365611757983336
0.004981660076174816
0.03172612015137226
0.009317688563175539
-0.007250485552146305

Minimal top-k Set:
Set indices on edge ranking: [48, 41, 49]
Set edge index: tensor([[21, 18, 21],
        [22, 17, 35]], device='cuda:0')
FID+: 0.9222462773323059

Pertinent Positive Set:

Pertinent set edge index: tensor([[21, 18, 21, 21,  2, 20, 24, 17, 11, 13, 24, 22, 20],
        [22, 17, 35, 20,  1, 19, 34, 16, 12, 14, 23, 23, 21]], device='cuda:0')
FID-: 0.11948740482330322
Minimal top-k Set GNNExplainer:
Set indices on edge ranking: [41, 18, 46, 32, 47, 38]
Set edge index: tensor([[18,  8, 20, 14, 21, 17],
        [17,  7, 21, 13, 20, 16]], device='cuda:0')
FID+: 0.656438797712326

Pertinent Positive Set GNNExplainer:

Pertinent set edge index: tensor([[18,  8, 20, 14, 21, 17, 24, 34, 13, 21, 11, 13, 22, 19, 24, 28, 24],
        [17,  7, 21, 13, 20, 16, 25, 24, 18, 22, 12, 14, 21, 18, 23, 29, 34]],
       device='cuda:0')
FID-: 0.3229774832725525