Interaction name: 5j6d

Affinity: 8.220000267028809
Predicted class: 1
Predicted probability: 0.9145305156707764
Sum of phi edges: 0.7880089267343277

Interaction statistics:

Number of total edges connecting protein pseudo-atoms: 24
Number of total edges connecting ligand pseudo-atoms: 169
Number of total edges connecting protein and ligand pseudo-atoms: 78

Pertinent positive set edge index: tensor([[53, 45, 24, 63,  5, 57, 22, 63, 14, 13, 23, 52, 67, 64, 26, 55,  7, 28,
         38, 66, 36, 51, 19, 43, 66, 38, 26, 54, 63,  7,  7, 14, 32, 26, 32, 37,
         68, 68, 67, 37, 26, 33, 22, 68, 61, 58, 28, 63, 33, 21, 13, 32, 20, 66,
         51, 67, 20, 33, 13, 40,  7, 67, 23, 61, 17, 39, 31],
        [35,  7, 60, 19, 43, 24, 70, 34, 68, 49, 59, 15, 22, 15, 62, 19, 10, 53,
         12, 23, 58, 13, 21,  0, 18,  7, 61, 31, 31,  1, 45, 55, 65, 57, 61, 52,
         14, 21, 18, 50, 64, 63, 58, 36, 24, 22, 61, 13, 54, 69, 51, 64, 55, 26,
         30, 20, 56, 67, 27, 13, 25, 37, 65, 26, 53, 17, 63]], device='cuda:0')

FID- using pertinent positive set: 0.4123181700706482

Number of pertinent positive edges connecting protein pseudo-atoms: 0 (0.0%)
% w.r.t. total number of pertinent positive edges: 0.0%)
Number of pertinent positive edges connecting ligand pseudo-atoms: 9 (5.3%)
% w.r.t. total number of pertinent positive edges: 14.8%)
Number of pertinent positive edges connecting protein and ligand pseudo-atoms: 52 (66.7%)
% w.r.t. total number of pertinent positive edges: 85.2%)

Minimal top k set edge index: tensor([[53, 45, 24, 63,  5, 57, 22, 63, 14, 13, 23, 52, 67, 64, 26, 55,  7, 28,
         38, 66, 36, 51, 19, 43, 66, 38, 26, 54, 63,  7,  7, 14, 32, 26, 32, 37,
         68, 68, 67, 37, 26, 33, 22, 68, 61, 58, 28, 63, 33, 21, 13, 32, 20, 66,
         51, 67, 20, 33, 13, 40,  7, 67, 23, 61, 17, 39, 31, 19, 58, 36, 24, 20,
         13, 22, 50, 15, 55, 65, 66, 23,  7, 64, 56, 32, 33, 64, 33, 32, 21, 20,
         13, 20, 24, 24, 17, 24, 55, 57, 13, 33, 28, 43, 39, 46, 14, 31, 32, 51,
         15,  0, 26, 14,  8, 37, 53, 67, 54, 28, 51, 22, 64, 27, 70, 70, 17, 66,
         61, 39, 63, 33, 42, 28, 45, 19, 39, 62, 44, 45, 56,  9, 56, 19, 61, 65,
         18,  4, 31,  7, 40, 20, 31, 54,  8, 11, 66, 31, 21, 61, 39, 35, 20, 47,
         26, 31, 65, 13, 33, 23, 12, 17, 24, 12, 69, 47, 22, 39, 34, 34,  3, 37,
         20, 37, 23, 12,  6, 52, 53, 51,  3, 39,  4,  4, 12, 16, 59, 20, 10, 18,
         33, 12, 19, 54, 52, 48,  5, 63, 28,  4, 26, 11, 28, 30, 27,  2, 56, 41,
          8, 11, 26, 37, 46,  3, 37, 27,  0,  2,  3,  5, 34, 13, 26, 39, 60, 23,
          6, 24, 46, 25, 51, 18, 15, 29, 13, 30, 36, 21,  8, 32, 40, 24, 44, 45,
         29,  8, 26, 50, 14,  8, 54,  9, 25, 30, 52,  5, 22, 59,  8],
        [35,  7, 60, 19, 43, 24, 70, 34, 68, 49, 59, 15, 22, 15, 62, 19, 10, 53,
         12, 23, 58, 13, 21,  0, 18,  7, 61, 31, 31,  1, 45, 55, 65, 57, 61, 52,
         14, 21, 18, 50, 64, 63, 58, 36, 24, 22, 61, 13, 54, 69, 51, 64, 55, 26,
         30, 20, 56, 67, 27, 13, 25, 37, 65, 26, 53, 17, 63, 22, 36, 68, 57, 67,
         63, 19, 15, 50, 14, 32, 63, 64, 30, 32, 27, 56, 66, 26, 17, 11, 68, 27,
         52, 51, 14, 61, 54, 31, 20, 26, 20, 28, 65,  5, 28,  8, 24, 54, 66, 14,
         52, 47, 66, 51, 46, 67, 17, 33, 33, 13, 20, 57, 23, 56, 62, 22, 65, 32,
         32, 37, 66, 37, 47, 23, 51,  3, 23, 70, 47, 57, 20, 10, 55, 18, 28, 23,
         66, 17, 24, 38, 20, 26,  2, 64,  3, 19, 33, 38, 36, 43,  4,  3, 13, 42,
         40,  5, 17, 28,  4, 28, 10, 33,  9,  1, 57, 44, 67, 16, 39,  4, 15, 33,
         40, 40, 37, 30, 11, 37, 28, 48, 37, 35, 16, 39, 25, 34, 52, 22,  9, 67,
          3, 24, 55, 17, 55, 51, 14, 33, 40, 34, 22,  8, 33, 12, 13,  8, 32, 46,
          5,  5, 27,  8, 60, 23, 23, 20, 41,  5, 33, 31, 35,  6, 21, 15, 41, 39,
          8, 10,  7, 38, 45, 28, 64, 31, 37, 29, 20, 22, 19,  5, 19, 38,  1,  5,
         25, 37,  6, 64,  5,  2, 50, 12, 29, 51, 59,  6, 26, 55, 13]],
       device='cuda:0')

FID+ using minimal top-k set: 0.43324270844459534

Number of minimal top-k edges connecting protein pseudo-atoms: 13 (54.2%)
% w.r.t. total number of minimal top-k edges: 8.4%)
Number of minimal top-k edges connecting ligand pseudo-atoms: 73 (43.2%)
% w.r.t. total number of minimal top-k edges: 47.4%)
Number of minimal top-k edges connecting protein and ligand pseudo-atoms: 68 (87.2%)
% w.r.t. total number of minimal top-k edges: 44.2%)

Trustworthiness of the explanation: 0.4987809737785136

Number of relevant edges connecting protein pseudo-atoms: 2 (8.3%)
% w.r.t. total number of relevant edges: 2.4%)
Number of relevant edges connecting ligand pseudo-atoms: 17 (10.1%)
% w.r.t. total number of relevant edges: 20.5%)
Number of relevant edges connecting protein and ligand pseudo-atoms: 64 (82.1%)
% w.r.t. total number of relevant edges: 77.1%)

Shapley values for edges: 

(0,1): -4.021525382995606e-05
(0,7): 6.898082792758942e-05
(0,10): -0.0006772791594266891
(0,12): -8.761420845985412e-05
(0,24): -0.0005772513896226883
(0,41): 0.00024472810328006743
(0,42): -0.0009843641519546508
(0,43): -0.0023770122230052947
(0,47): 0.0025559622049331665
(1,0): 4.5393407344818115e-06
(1,7): -0.00654270201921463
(1,9): -0.0001972646266222
(1,12): -0.0036959154903888703
(1,24): 6.573721766471862e-06
(1,41): -0.006654085889458657
(1,42): -0.002429880350828171
(1,43): -6.24595582485199e-05
(1,44): -0.0016843286901712417
(1,47): -0.0028758539259433748
(2,5): 0.00024071268737316131
(2,8): 0.0003441374748945236
(2,11): -6.202481687068939e-05
(2,13): -0.008086825087666512
(2,14): -0.0016681696474552155
(2,31): -7.320411503314973e-05
(2,32): -0.0005839073657989502
(3,8): -0.0007757888734340667
(3,13): 4.629939794540405e-06
(3,15): 0.0006542784720659256
(3,16): -0.0022853369265794753
(3,18): -0.002894758507609367
(3,19): -0.008221538066864013
(3,23): 0.000265888050198555
(3,28): 3.3174455165863036e-06
(3,33): 0.00023707740008831025
(3,35): -1.8833950161933898e-05
(3,37): 0.000550580807030201
(3,39): 0.00011718802154064178
(4,15): -0.006303344033658505
(4,16): 0.0005481086671352386
(4,17): 0.0013357402384281158
(4,33): 2.378702163696289e-05
(4,34): 0.00040195077657699584
(4,35): -0.000695251077413559
(4,39): 0.0005468401312828064
(5,2): -0.00045340791344642637
(5,6): 0.00012822505086660386
(5,8): 9.5633864402771e-05
(5,11): 1.0975450277328491e-06
(5,13): -0.0017170422524213792
(5,14): 0.000456133633852005
(5,31): 0.00023495614528656005
(5,32): -0.0001910547912120819
(5,43): 0.019835920818150044
(5,45): -0.0003797634318470955
(6,5): -8.333094418048858e-05
(6,8): 0.00020468190312385558
(6,11): 0.0005748966336250306
(6,13): 1.2442320585250855e-05
(6,19): -0.0009155178815126419
(6,20): -0.00011397585272789001
(6,22): -0.000481644868850708
(6,26): -0.00030899696052074434
(6,45): 1.66407972574234e-05
(7,0): -0.00022725947201251984
(7,1): 0.00922107957303524
(7,9): -0.00024221040308475495
(7,10): 0.011832367852330208
(7,24): 2.5320351123809815e-05
(7,25): 0.006101138219237328
(7,29): -0.00012324146926403045
(7,30): 0.004357283227145672
(7,38): 0.001306844875216484
(7,45): 0.008918374106287956
(7,46): -0.0003173323720693588
(8,2): 0.00013498693704605102
(8,3): 0.0010870622843503952
(8,5): 0.00032087720930576327
(8,6): 0.0001071670651435852
(8,11): -2.5490596890449524e-05
(8,13): 0.00012423142790794374
(8,19): 0.00017228782176971437
(8,37): 0.00015578009188175202
(8,46): 0.0024743114411830904
(9,1): 6.316535174846649e-05
(9,7): 1.48821622133255e-05
(9,10): 0.0014402423799037933
(9,12): 0.00013013735413551332
(9,24): -0.0013834715262055397
(10,0): 2.771593630313873e-05
(10,7): -0.003331010043621063
(10,9): 0.0004885100945830345
(10,12): -0.0046276475489139554
(10,24): -2.653151750564575e-07
(11,2): 5.915611982345581e-05
(11,5): 0.0003050921112298965
(11,6): -0.00022882644087076186
(11,8): 0.0003726910054683685
(11,13): -1.0467767715454102e-05
(11,19): 0.001068454459309578
(11,32): -0.0005200644582509994
(11,45): -0.0005115766823291779
(12,0): -3.602523356676102e-05
(12,1): 0.0007192236557602883
(12,9): -0.00022108189761638642
(12,10): 0.0007828696072101593
(12,24): 0.00046339526772499085
(12,25): 0.0005275718867778778
(12,29): -0.0001438894122838974
(12,30): 0.0005840792879462242
(12,38): -0.003693334385752678
(13,2): -0.0005021353438496589
(13,3): 1.8838047981262207e-06
(13,5): 0.00011915221810340881
(13,6): 0.0002213054895401001
(13,8): -0.00029639028012752534
(13,11): -8.811395615339279e-05
(13,19): -0.00019619140774011613
(13,20): 0.003370373696088791
(13,27): 0.006324319951236248
(13,28): 0.0008655094355344773
(13,37): 0.00018115118145942689
(13,40): -0.00014427445828914641
(13,49): 0.014391718059778213
(13,51): 0.00668939970433712
(13,52): 0.003804197795689106
(13,63): 0.00496614046394825
(14,2): -0.0012050699070096016
(14,5): 0.00013506725430488585
(14,24): 0.0029210355877876282
(14,25): -0.00011711157858371735
(14,29): 8.830897510051727e-05
(14,30): -0.00027257565408945084
(14,31): -0.00019864305853843688
(14,32): 6.463900208473206e-05
(14,38): -0.0005727626383304596
(14,51): 0.0025397469848394394
(14,55): 0.008915968239307404
(14,68): 0.015060374364256859
(15,3): -0.000596044734120369
(15,4): -4.4570565223693847e-05
(15,16): -0.0003825923800468445
(15,23): -0.00014113374054431916
(15,28): -0.0006249415874481202
(15,33): -0.00011415071785449981
(15,34): -0.0001775357127189636
(15,35): -0.00019745569676160813
(15,37): 1.6238465905189513e-05
(15,39): -0.0008878504484891892
(15,50): 0.004858413115143776
(15,52): 0.0025919608026742937
(15,64): 0.0001881125569343567
(16,3): -0.005657056719064713
(16,4): -0.0007296251133084297
(16,15): 2.3823976516723632e-06
(16,17): 6.106477230787277e-05
(16,23): -7.688421756029129e-05
(16,33): -0.00010354273021221161
(16,34): 0.0005232345312833786
(16,35): -9.360887110233306e-05
(16,39): -0.0002585183084011078
(17,4): -0.0012658918648958207
(17,16): -0.0006988593935966492
(17,33): 0.0007822100818157197
(17,34): -0.00028807833790779115
(17,39): -0.0014318300411105156
(17,53): 0.00543576817959547
(17,54): 0.003617159686982632
(17,65): 0.0019504378736019134
(18,3): -0.0018043791875243186
(18,19): 5.641505122184754e-06
(18,27): 0.00011390246450901031
(18,28): 0.0001889960467815399
(18,37): 3.1416937708854676e-05
(18,40): -0.00032866701483726503
(18,66): 0.0013393187150359154
(18,67): 0.00048244550824165343
(19,3): 0.0016674496233463286
(19,6): -0.0024069494009017946
(19,8): -0.00018972642719745637
(19,11): -0.0015913450717926025
(19,13): -2.8424859046936034e-05
(19,18): 0.0014087951183319092
(19,20): 2.8312206268310547e-09
(19,21): 0.010154226869344711
(19,22): 0.005237712636590004
(19,26): 4.9141570925712586e-05
(19,27): -0.0001325911283493042
(19,28): 4.927702248096466e-05
(19,37): -9.527474641799926e-05
(19,40): -0.00027379509061574935
(19,55): 0.00046050429344177243
(19,63): -0.0005781634896993637
(20,6): -0.0005957212299108506
(20,13): 0.0009581254422664642
(20,19): -2.61862576007843e-05
(20,21): -7.008053362369537e-05
(20,22): 0.0005065261945128441
(20,26): 0.0011983054876327514
(20,27): 0.0038226549699902535
(20,36): -0.00046935729682445526
(20,40): 0.0006075331568717957
(20,51): 0.003731442764401436
(20,55): 0.006642722636461258
(20,56): 0.006415181756019592
(20,67): 0.005028828419744969
(21,19): -0.0005163169652223587
(21,20): -0.00010407928377389908
(21,22): 0.00017576873302459716
(21,26): 7.843762636184692e-05
(21,36): 0.0010116065293550491
(21,68): 0.0039047795534133912
(21,69): 0.006717326715588569
(22,6): -0.0012733381986618042
(22,19): 0.004904633723199368
(22,20): 2.6020556688308716e-05
(22,21): 5.774803459644318e-05
(22,26): 0.00012791827321052552
(22,36): -0.0005145063623785973
(22,57): 0.0022596119344234465
(22,58): 0.007943905666470527
(22,67): 0.0006885611638426781
(22,70): 0.01576220743358135
(23,3): -9.387552738189697e-05
(23,15): -0.0001275801658630371
(23,16): -0.0005635495856404305
(23,28): 0.0008022084087133407
(23,33): -2.1073222160339356e-05
(23,34): -0.0002730434387922287
(23,35): -0.00034560710191726683
(23,37): 0.000593344271183014
(23,39): 0.00021159008145332336
(23,59): 0.014246024116873741
(23,64): 0.004400256127119064
(23,65): 0.005809060931205749
(23,66): -0.00039447180926799775
(24,0): -0.0020285946130752562
(24,1): 9.805142879486084e-05
(24,7): 1.0058283805847169e-08
(24,9): 0.0007588835805654526
(24,10): 0.00019884884357452393
(24,12): 0.00010444089770317077
(24,14): 0.003719872795045376
(24,25): -0.0003052119538187981
(24,29): -0.00015949785709381103
(24,30): -0.00021758541464805603
(24,31): 0.0035267111659049986
(24,38): 0.00016520459204912184
(24,57): 0.005030382722616196
(24,60): 0.02190560832619667
(24,61): 0.0036248964816331863
(25,7): -0.0006943908333778381
(25,12): -0.0030425221100449564
(25,14): -0.0001515953242778778
(25,24): 9.158879518508911e-05
(25,29): 0.00012907400727272034
(25,30): 3.836199641227722e-05
(25,31): 9.861133992671966e-05
(25,32): 4.397965967655182e-05
(25,38): 0.00019586831331253052
(26,6): 0.00014040909707546234
(26,19): -9.788867086172104e-05
(26,20): -5.880534648895264e-05
(26,21): 0.00022087588906288146
(26,22): 0.0003986009210348129
(26,27): 0.0002856507897377014
(26,36): 3.1460225582122806e-05
(26,40): 0.0009109780192375183
(26,57): 0.008610982932150364
(26,61): 0.00976727832108736
(26,62): 0.01218827188014984
(26,64): 0.007974211052060127
(26,66): 0.0025555844977498054
(27,13): 0.0003459880501031876
(27,18): -0.00016491077840328217
(27,19): 0.00011885881423950195
(27,20): 0.0002541439980268478
(27,26): -3.620244562625885e-05
(27,28): -3.6663785576820376e-05
(27,37): -0.00034901663661003114
(27,56): 0.002197924591600895
(28,3): -8.52040946483612e-05
(28,13): 0.0023546259850263595
(28,15): 1.517370343208313e-05
(28,18): -0.00048752464354038236
(28,19): -3.712698817253113e-05
(28,23): 0.0017756756395101547
(28,27): -0.0008745240420103073
(28,33): 0.00037106312811374664
(28,37): -0.00013980276882648467
(28,39): -0.0004933878034353256
(28,40): 0.0004440648481249809
(28,53): 0.011798685118556022
(28,61): 0.0075527592748403545
(28,65): 0.0031968954205513
(29,7): 7.333956658840179e-05
(29,12): -8.45491886138916e-07
(29,14): 0.0001048317551612854
(29,24): -9.226880967617035e-05
(29,25): 0.00015688471496105193
(29,30): 5.339622497558594e-05
(29,31): 0.00018438063561916352
(29,32): -1.9973665475845338e-05
(29,38): -0.00029651500284671783
(30,7): -0.002381230816245079
(30,12): 0.00036302097141742705
(30,14): 9.707950055599213e-05
(30,24): 3.675676882266998e-05
(30,25): -7.665202021598816e-05
(30,29): 0.00018064796924591064
(30,31): 7.665086537599564e-05
(30,32): -0.0009101682156324387
(30,51): 0.00012881658971309663
(31,2): 0.0011438383162021637
(31,5): 0.0008918623626232148
(31,14): -2.3355185985565184e-05
(31,24): 0.001320975050330162
(31,25): -1.1058226227760315e-05
(31,29): -0.0004977947473526001
(31,30): 2.1804943680763246e-05
(31,32): 4.789382219314575e-05
(31,38): 0.0010175436735153198
(31,54): 0.002868274822831154
(31,63): 0.005267699882388115
(32,2): -0.00040098734200000763
(32,5): 0.00016941636800765991
(32,11): 0.003956831097602844
(32,14): 0.00011150050908327102
(32,25): -0.00012983910739421844
(32,29): -7.268831133842468e-05
(32,30): -6.615892052650452e-06
(32,31): -0.00014329597353935242
(32,38): -0.0005389674752950669
(32,56): 0.00423123225569725
(32,61): 0.008608634993433952
(32,64): 0.006662706434726715
(32,65): 0.008658128157258034
(32,66): 0.002861238047480583
(33,3): 0.00047370031476020815
(33,4): 0.0008198973536491394
(33,15): -0.00048225536942481995
(33,16): -0.0003410045802593231
(33,17): 0.003976570330560207
(33,23): -5.1174312829971315e-06
(33,28): 0.003345687985420227
(33,34): -1.1653453111648559e-05
(33,35): -0.00030027009546756744
(33,37): 0.0018065135553479194
(33,54): 0.00694406196475029
(33,63): 0.007955455780029297
(33,66): 0.004135774932801723
(33,67): 0.006375585049390793
(34,4): 0.0006599877029657364
(34,15): 5.7380422949790956e-05
(34,16): -0.00011495843529701232
(34,17): -4.1358843445777894e-05
(34,23): 0.0001240544766187668
(34,33): -0.001616698056459427
(34,35): 0.00023413680493831635
(34,39): 0.0006611568108201027
(34,63): -0.0037616843730211257
(35,3): 0.000960201621055603
(35,4): -0.002223273441195488
(35,15): -0.00012660108506679535
(35,16): -0.0003386092931032181
(35,23): 8.094608783721924e-06
(35,33): -7.12171196937561e-05
(35,34): -0.000387793555855751
(35,39): -6.473343819379807e-05
(35,53): -0.0016782006621360779
(36,20): 0.00017715252935886382
(36,21): 3.0121058225631715e-05
(36,22): 9.055741131305694e-05
(36,26): 5.523413419723511e-06
(36,58): 0.010235901772975921
(36,68): 0.005169335380196571
(37,3): -0.0003821446746587753
(37,8): 0.00028554439544677736
(37,13): -4.4703483581542967e-10
(37,15): -0.0002528350055217743
(37,18): -0.00016392633318901062
(37,19): 1.1972188949584962e-05
(37,23): 0.0002633887529373169
(37,27): -9.998418390750884e-06
(37,28): -1.121610403060913e-06
(37,33): 0.0006250137835741043
(37,39): -0.0005207082629203796
(37,40): 0.0006039993092417717
(37,50): 0.008060314059257508
(37,52): 0.008505792766809463
(37,67): 0.0024668150395154953
(38,7): 0.009938817955553531
(38,12): 0.011500457972288132
(38,14): 4.8704594373703006e-05
(38,24): 9.903267025947571e-05
(38,25): 4.3911635875701906e-05
(38,29): 9.129591286182404e-05
(38,31): -1.8520578742027282e-05
(38,32): 2.5501959025859833e-05
(39,3): 1.9179359078407288e-05
(39,4): 0.0009616332501173019
(39,15): 0.0002181269973516464
(39,16): 0.0006652279198169709
(39,17): 0.005414057411253452
(39,23): 0.0015636583417654038
(39,28): 0.0031928645819425585
(39,34): -5.7842694222927096e-05
(39,35): 0.0005503570660948754
(39,37): 0.0018904349207878113
(40,13): 0.006236969232559204
(40,18): 4.498094320297241e-05
(40,19): 0.00016634155064821244
(40,20): 0.0012344197928905486
(40,26): -1.5972964465618134e-05
(40,28): 8.421890437602997e-05
(40,37): -3.0609965324401854e-06
(41,0): -6.922140717506409e-05
(41,1): -0.0026154395192861555
(41,46): 0.00032337382435798645
(41,60): 7.476471364498139e-06
(42,0): -0.0008933817595243454
(42,1): -0.0012814346328377723
(42,44): -0.0005007599294185638
(42,47): 0.0017847269773483276
(42,60): -0.0020405976474285126
(43,0): 0.010138641446828842
(43,1): 1.5257447957992553e-05
(43,5): 0.00319455910474062
(43,61): -0.00044467996805906294
(44,1): 0.0001621709018945694
(44,42): -0.0007834406942129135
(44,47): 0.0015060512349009513
(44,60): -0.0026298457384109496
(45,5): 0.00015712521970272065
(45,6): 3.2310187816619875e-06
(45,7): 0.028992835022509097
(45,11): -0.0024643977731466293
(45,51): 0.001682439148426056
(45,57): 0.0014760539680719375
(46,7): 0.00019884437322616576
(46,8): 0.0029313676431775093
(46,41): -0.0004973527789115906
(46,60): 0.00027327507734298706
(47,0): -0.0020447621122002602
(47,1): -0.0010806842148303986
(47,42): 0.0009358692914247513
(47,44): 0.0007069633156061172
(47,60): -0.0033461227267980575
(48,51): 0.0004572227969765663
(48,57): -0.0009780613332986833
(49,13): -0.003945487812161446
(50,15): 0.004882572740316391
(50,37): -0.0011829115450382234
(50,54): 5.823969841003418e-05
(50,64): 0.00013861693441867827
(51,13): 0.010171507969498634
(51,14): 0.0027571011334657667
(51,20): 0.002301837354898453
(51,30): 0.0065806908905506134
(51,45): 0.00019052095711231232
(51,48): 0.0005628743767738342
(52,13): -0.0006658163294196129
(52,15): 0.01395644538104534
(52,37): 0.0005705420300364494
(52,55): 0.00045795463025569914
(52,59): 0.00012824803590774536
(53,17): 0.002461376339197159
(53,28): 0.0005639361590147018
(53,35): 0.03163733206689358
(54,17): 0.00045975372195243834
(54,31): 0.009611463248729706
(54,33): 0.0024384991824626923
(54,50): 0.00013188395649194718
(54,64): 0.001135217472910881
(55,14): 0.004766992926597595
(55,19): 0.011839627921581268
(55,20): 0.003418791964650154
(55,52): -0.0006498600915074348
(55,56): -5.194243043661118e-05
(55,59): -0.0007084371149539948
(56,20): 0.0014639470726251602
(56,27): 0.004239626713097095
(56,32): 0.0003320728987455368
(56,55): 0.0014326222240924834
(57,22): -0.00014516647905111314
(57,24): 0.019293761253356932
(57,26): 0.0033973022922873498
(57,45): -0.0002869519591331482
(57,48): -0.0053741026669740675
(57,69): -0.0019876069575548174
(58,22): 0.007663554213941097
(58,36): 0.005208825208246708
(59,23): -0.0008903677761554718
(59,52): 0.0005151962488889694
(59,55): 0.0001265878975391388
(60,24): 0.00012205198407173157
(60,41): 0.00021197304129600526
(60,42): -0.004981376342475414
(60,44): -0.010563745126128198
(60,46): -0.0010457463935017585
(60,47): -0.003924394100904465
(61,24): 0.007709944322705269
(61,26): 0.005705734863877297
(61,28): 0.0013905848562717439
(61,32): 0.0019395150989294052
(61,43): 0.0009812985360622406
(62,26): -0.0004451969265937805
(62,70): 0.0015609876811504364
(63,13): 0.007033318132162094
(63,19): 0.020128941088914873
(63,31): 0.009283817075192928
(63,33): 0.00045316815376281736
(63,34): 0.015316224098205567
(63,66): 0.0018803616613149643
(64,15): 0.012402557097375392
(64,23): 0.0022021736577153206
(64,26): 0.003996860682964325
(64,32): 0.004317920655012131
(64,50): -0.0009213803336024284
(64,54): -0.0010631692409515381
(65,17): 0.0008795398846268654
(65,23): 0.001344919428229332
(65,28): -0.00020784348249435424
(65,32): 0.0047637511789798736
(66,18): 0.010005003288388253
(66,23): 0.010485384687781334
(66,26): 0.00659397579729557
(66,32): 0.0019414602220058442
(66,33): 0.0010215846821665763
(66,63): 0.004564009755849838
(67,18): 0.008169310092926025
(67,20): 0.006477752476930618
(67,22): 0.013515078797936439
(67,33): 0.002446989566087723
(67,37): 0.006048442423343658
(68,14): 0.00844838798046112
(68,21): 0.008186732605099677
(68,36): 0.007861614152789116
(69,21): -0.0014030405879020692
(69,57): 0.0007105685025453567
(70,22): 0.002018880918622017
(70,62): 0.0020325681567192077
