sum: 0.9128620440149886

[0.02982774744094148,
 2.937780438378535e-05,
 -0.008810217486166887,
 0.03225256027463586,
 -0.0028237256983269826,
 0.027474743581680255,
 -0.002865018207353398,
 -0.002186960593596347,
 9.331742676857713e-05,
 -0.02327508329630519,
 -0.0022215950095150973,
 0.04887905874165029,
 0.01822686478168263,
 -0.0011229404215071948,
 -0.010088732759726939,
 0.04471307425864471,
 0.012790686045469036,
 0.10552831425757223,
 0.015005529986733223,
 0.0030847433101381105,
 -0.0347240627787099,
 -0.005337176312903314,
 -0.00252952785444073,
 0.004509952478939826,
 -0.02929728039729741,
 0.0021574936526818043,
 0.0010896101827680999,
 -0.00674426866026117,
 0.01922540429927418,
 -0.0010532467665205455,
 -0.04459688539629648,
 0.004893365199068272,
 0.0064406869365726685,
 0.0018512095965764223,
 0.00010869195740076367,
 0.044867873996871005,
 0.0018448445914886146,
 0.07233883465908153,
 0.09146080369070571,
 0.003829037032112407,
 0.018739592445014965,
 -0.0014275519876261434,
 0.09951725592687778,
 0.13277068364429254,
 0.15002414808169648,
 0.031231976552196755,
 0.038971408693157183,
 -0.005478324073260356,
 0.02240931699755354,
 -0.0008725270002369021,
 -0.021767084469968244,
 -0.024454826757568195,
 -0.002806717946482938,
 0.06248541755471412,
 -0.012818842511102773,
 -0.0018823621807942366,
 -0.0007332527149648987,
 0.014106629216575666]